Sequence of timestamped events V1.0
Stream 5
Id =5
Name = Camera_5
Tbegin = 0
Tend = 10000
Count = 500
104; 1
108; 2
128; 1
133; 2
138; 1
145; 2
150; 1
156; 2
183; 1
189; 2
188; 1
193; 2
200; 1
205; 2
228; 1
235; 2
233; 1
237; 2
233; 1
241; 2
255; 1
261; 2
256; 1
262; 2
272; 1
278; 2
274; 1
280; 2
332; 1
338; 2
359; 1
366; 2
362; 1
368; 2
371; 1
375; 2
393; 1
399; 2
435; 1
439; 2
435; 1
441; 2
470; 1
478; 2
478; 1
483; 2
505; 1
510; 2
505; 1
512; 2
550; 1
554; 2
559; 1
565; 2
575; 1
581; 2
580; 1
586; 2
598; 1
605; 2
666; 1
672; 2
676; 1
682; 2
811; 1
817; 2
818; 1
826; 2
825; 1
829; 2
829; 1
836; 2
841; 1
847; 2
876; 1
882; 2
880; 1
888; 2
900; 1
906; 2
935; 1
946; 2
954; 1
960; 2
1021; 1
1025; 2
1058; 1
1062; 2
1080; 1
1085; 2
1086; 1
1092; 2
1105; 1
1109; 2
1127; 1
1132; 2
1131; 1
1135; 2
1133; 1
1137; 2
1140; 1
1147; 2
1151; 1
1160; 2
1162; 1
1166; 2
1168; 1
1174; 2
1173; 1
1178; 2
1180; 1
1187; 2
1184; 1
1189; 2
1209; 1
1216; 2
1225; 1
1231; 2
1234; 1
1240; 2
1278; 1
1285; 2
1280; 1
1286; 2
1287; 1
1292; 2
1314; 1
1320; 2
1331; 1
1335; 2
1344; 1
1349; 2
1348; 1
1354; 2
1364; 1
1370; 2
1381; 1
1387; 2
1398; 1
1404; 2
1404; 1
1410; 2
1478; 1
1484; 2
1479; 1
1485; 2
1487; 1
1491; 2
1531; 1
1537; 2
1542; 1
1547; 2
1544; 1
1549; 2
1545; 1
1550; 2
1571; 1
1577; 2
1596; 1
1602; 2
1621; 1
1625; 2
1641; 1
1648; 2
1659; 1
1665; 2
1660; 1
1667; 2
1668; 1
1675; 2
1673; 1
1679; 2
1747; 1
1753; 2
1765; 1
1771; 2
1849; 1
1854; 2
1854; 1
1860; 2
1861; 1
1866; 2
1865; 1
1871; 2
1866; 1
1871; 2
1879; 1
1884; 2
1883; 1
1889; 2
1904; 1
1910; 2
1923; 1
1927; 2
1940; 1
1946; 2
1940; 1
1949; 2
2023; 1
2029; 2
2033; 1
2038; 2
2035; 1
2040; 2
2045; 1
2051; 2
2064; 1
2071; 2
2117; 1
2124; 2
2143; 1
2149; 2
2147; 1
2153; 2
2155; 1
2161; 2
2186; 1
2191; 2
2189; 1
2195; 2
2194; 1
2201; 2
2204; 1
2209; 2
2251; 1
2259; 2
2255; 1
2263; 2
2288; 1
2292; 2
2291; 1
2296; 2
2294; 1
2300; 2
2320; 1
2326; 2
2331; 1
2337; 2
2367; 1
2373; 2
2397; 1
2401; 2
2413; 1
2417; 2
2418; 1
2425; 2
2427; 1
2432; 2
2474; 1
2479; 2
2495; 1
2501; 2
2520; 1
2527; 2
2553; 1
2559; 2
2573; 1
2579; 2
2576; 1
2582; 2
2581; 1
2587; 2
2582; 1
2588; 2
2634; 1
2639; 2
2653; 1
2659; 2
2691; 1
2697; 2
2706; 1
2711; 2
2742; 1
2746; 2
2756; 1
2761; 2
2774; 1
2781; 2
2793; 1
2799; 2
2814; 1
2819; 2
2851; 1
2857; 2
2864; 1
2870; 2
2869; 1
2877; 2
2869; 1
2880; 2
2880; 1
2886; 2
2901; 1
2908; 2
2909; 1
2916; 2
2920; 1
2926; 2
2979; 1
2985; 2
2989; 1
2995; 2
3006; 1
3010; 2
3014; 1
3018; 2
3014; 1
3019; 2
3018; 1
3024; 2
3057; 1
3063; 2
3071; 1
3077; 2
3082; 1
3089; 2
3088; 1
3097; 2
3105; 1
3110; 2
3165; 1
3170; 2
3196; 1
3203; 2
3244; 1
3250; 2
3248; 1
3254; 2
3258; 1
3264; 2
3265; 1
3271; 2
3268; 1
3272; 2
3279; 1
3285; 2
3280; 1
3288; 2
3300; 1
3306; 2
3300; 1
3307; 2
3317; 1
3323; 2
3325; 1
3329; 2
3326; 1
3330; 2
3355; 1
3360; 2
3358; 1
3362; 2
3388; 1
3394; 2
3401; 1
3408; 2
3406; 1
3412; 2
3460; 1
3465; 2
3484; 1
3490; 2
3488; 1
3493; 2
3511; 1
3518; 2
3512; 1
3516; 2
3541; 1
3547; 2
3575; 1
3581; 2
3581; 1
3585; 2
3605; 1
3613; 2
3648; 1
3654; 2
3678; 1
3682; 2
3679; 1
3685; 2
3690; 1
3694; 2
3711; 1
3717; 2
3715; 1
3721; 2
3731; 1
3737; 2
3782; 1
3787; 2
3788; 1
3794; 2
3825; 1
3829; 2
3833; 1
3839; 2
3842; 1
3849; 2
3882; 1
3886; 2
3911; 1
3917; 2
3928; 1
3933; 2
3930; 1
3936; 2
3949; 1
3954; 2
4023; 1
4028; 2
4028; 1
4032; 2
4036; 1
4041; 2
4065; 1
4069; 2
4136; 1
4143; 2
4160; 1
4166; 2
4177; 1
4182; 2
4185; 1
4193; 2
4254; 1
4259; 2
4275; 1
4279; 2
4304; 1
4310; 2
4305; 1
4309; 2
4331; 1
4337; 2
4335; 1
4341; 2
4350; 1
4355; 2
4400; 1
4407; 2
4423; 1
4429; 2
4446; 1
4451; 2
4455; 1
4461; 2
4512; 1
4516; 2
4513; 1
4518; 2
4529; 1
4535; 2
4553; 1
4559; 2
4554; 1
4560; 2
4575; 1
4581; 2
4687; 1
4692; 2
4697; 1
4701; 2
4719; 1
4723; 2
4755; 1
4761; 2
4761; 1
4766; 2
4773; 1
4780; 2
4776; 1
4780; 2
4778; 1
4784; 2
4807; 1
4813; 2
4835; 1
4840; 2
4872; 1
4877; 2
4885; 1
4892; 2
4898; 1
4904; 2
4901; 1
4906; 2
4905; 1
4909; 2
4927; 1
4935; 2
4946; 1
4952; 2
4961; 1
4967; 2
4970; 1
4976; 2
4992; 1
4997; 2
5012; 1
5017; 2
5020; 1
5026; 2
5094; 1
5100; 2
5188; 1
5194; 2
5190; 1
5194; 2
5190; 1
5197; 2
5215; 1
5219; 2
5268; 1
5274; 2
5269; 1
5275; 2
5295; 1
5301; 2
5303; 1
5308; 2
5312; 1
5318; 2
5315; 1
5321; 2
5316; 1
5321; 2
5316; 1
5322; 2
5320; 1
5327; 2
5339; 1
5345; 2
5345; 1
5350; 2
5420; 1
5426; 2
5422; 1
5428; 2
5525; 1
5530; 2
5536; 1
5542; 2
5550; 1
5555; 2
5574; 1
5580; 2
5602; 1
5607; 2
5639; 1
5645; 2
5646; 1
5652; 2
5664; 1
5670; 2
5666; 1
5672; 2
5675; 1
5680; 2
5675; 1
5680; 2
5686; 1
5691; 2
5696; 1
5703; 2
5704; 1
5709; 2
5781; 1
5787; 2
5794; 1
5800; 2
5820; 1
5826; 2
5832; 1
5838; 2
5842; 1
5848; 2
5870; 1
5875; 2
5872; 1
5876; 2
5879; 1
5883; 2
5912; 1
5918; 2
5983; 1
5989; 2
6017; 1
6023; 2
6065; 1
6071; 2
6097; 1
6103; 2
6149; 1
6155; 2
6158; 1
6164; 2
6183; 1
6187; 2
6188; 1
6194; 2
6196; 1
6200; 2
6250; 1
6256; 2
6290; 1
6296; 2
6305; 1
6310; 2
6386; 1
6390; 2
6427; 1
6434; 2
6451; 1
6458; 2
6487; 1
6493; 2
6524; 1
6531; 2
6534; 1
6538; 2
6536; 1
6543; 2
6592; 1
6598; 2
6598; 1
6603; 2
6598; 1
6604; 2
6609; 1
6615; 2
6660; 1
6665; 2
6664; 1
6668; 2
6664; 1
6669; 2
6680; 1
6686; 2
6692; 1
6697; 2
6706; 1
6712; 2
6710; 1
6715; 2
6767; 1
6772; 2
6780; 1
6786; 2
6788; 1
6795; 2
6841; 1
6846; 2
6842; 1
6850; 2
6874; 1
6883; 2
6887; 1
6892; 2
6905; 1
6911; 2
6906; 1
6912; 2
6915; 1
6919; 2
6916; 1
6920; 2
6931; 1
6937; 2
6949; 1
6955; 2
6954; 1
6960; 2
6975; 1
6980; 2
7009; 1
7015; 2
7036; 1
7041; 2
7047; 1
7053; 2
7098; 1
7103; 2
7107; 1
7115; 2
7108; 1
7112; 2
7113; 1
7119; 2
7115; 1
7121; 2
7135; 1
7142; 2
7188; 1
7194; 2
7217; 1
7223; 2
7220; 1
7225; 2
7223; 1
7227; 2
7252; 1
7260; 2
7254; 1
7258; 2
7290; 1
7296; 2
7311; 1
7317; 2
7340; 1
7346; 2
7371; 1
7382; 2
7390; 1
7394; 2
7400; 1
7405; 2
7425; 1
7430; 2
7446; 1
7452; 2
7447; 1
7452; 2
7452; 1
7458; 2
7459; 1
7466; 2
7481; 1
7489; 2
7500; 1
7504; 2
7502; 1
7508; 2
7506; 1
7512; 2
7555; 1
7561; 2
7579; 1
7585; 2
7589; 1
7596; 2
7592; 1
7596; 2
7606; 1
7612; 2
7641; 1
7647; 2
7643; 1
7649; 2
7663; 1
7670; 2
7669; 1
7673; 2
7673; 1
7679; 2
7690; 1
7694; 2
7693; 1
7700; 2
7694; 1
7699; 2
7745; 1
7751; 2
7771; 1
7777; 2
7794; 1
7800; 2
7800; 1
7806; 2
7802; 1
7807; 2
7817; 1
7821; 2
7822; 1
7826; 2
7863; 1
7869; 2
7882; 1
7890; 2
7898; 1
7903; 2
7909; 1
7916; 2
7913; 1
7917; 2
7915; 1
7921; 2
7942; 1
7947; 2
7956; 1
7962; 2
7980; 1
7985; 2
7992; 1
7998; 2
8000; 1
8004; 2
8025; 1
8036; 2
8042; 1
8046; 2
8052; 1
8057; 2
8078; 1
8085; 2
8152; 1
8156; 2
8159; 1
8167; 2
8186; 1
8192; 2
8189; 1
8193; 2
8199; 1
8205; 2
8199; 1
8208; 2
8208; 1
8214; 2
8254; 1
8259; 2
8274; 1
8280; 2
8340; 1
8347; 2
8356; 1
8361; 2
8397; 1
8401; 2
8409; 1
8414; 2
8456; 1
8462; 2
8489; 1
8494; 2
8521; 1
8527; 2
8524; 1
8532; 2
8537; 1
8544; 2
8544; 1
8550; 2
8630; 1
8636; 2
8683; 1
8689; 2
8691; 1
8696; 2
8695; 1
8701; 2
8717; 1
8722; 2
8725; 1
8729; 2
8749; 1
8755; 2
8760; 1
8764; 2
8793; 1
8798; 2
8809; 1
8815; 2
8850; 1
8856; 2
8851; 1
8858; 2
8893; 1
8899; 2
8911; 1
8918; 2
8918; 1
8925; 2
8929; 1
8933; 2
8946; 1
8952; 2
8948; 1
8955; 2
8976; 1
8982; 2
8984; 1
8990; 2
8989; 1
8994; 2
8995; 1
9000; 2
9036; 1
9041; 2
9057; 1
9061; 2
9060; 1
9065; 2
9086; 1
9093; 2
9105; 1
9110; 2
9106; 1
9112; 2
9131; 1
9136; 2
9141; 1
9145; 2
9210; 1
9218; 2
9213; 1
9219; 2
9224; 1
9230; 2
9233; 1
9238; 2
9241; 1
9248; 2
9247; 1
9251; 2
9266; 1
9272; 2
9272; 1
9278; 2
9293; 1
9299; 2
9342; 1
9347; 2
9388; 1
9393; 2
9452; 1
9460; 2
9472; 1
9480; 2
9473; 1
9479; 2
9539; 1
9545; 2
9543; 1
9547; 2
9545; 1
9551; 2
9550; 1
9555; 2
9578; 1
9586; 2
9603; 1
9609; 2
9621; 1
9626; 2
9639; 1
9646; 2
9669; 1
9675; 2
9758; 1
9766; 2
9759; 1
9765; 2
9770; 1
9776; 2
9780; 1
9784; 2
9780; 1
9786; 2
9802; 1
9808; 2
9803; 1
9809; 2
9811; 1
9817; 2
9828; 1
9834; 2
9840; 1
9844; 2
9840; 1
9846; 2
9888; 1
9894; 2
9902; 1
9907; 2
9925; 1
9931; 2
9965; 1
9970; 2
9965; 1
9970; 2
9968; 1
9974; 2
9973; 1
9979; 2
9974; 1
9980; 2
9981; 1
9988; 2
10004; 1
10010; 2
10022; 1
10026; 2
10045; 1
10049; 2
10054; 1
10059; 2
10058; 1
10064; 2
