Sequence of timestamped events V1.0
Stream 0
Id =0
Name = Camera_0
Tbegin = 0
Tend = 10000
Count = 500
55; 1
60; 2
66; 1
73; 2
76; 1
81; 2
93; 1
98; 2
126; 1
131; 2
136; 1
141; 2
148; 1
153; 2
151; 1
159; 2
156; 1
163; 2
189; 1
193; 2
191; 1
197; 2
198; 1
203; 2
209; 1
215; 2
215; 1
220; 2
275; 1
280; 2
287; 1
294; 2
297; 1
303; 2
322; 1
327; 2
328; 1
334; 2
378; 1
383; 2
388; 1
396; 2
391; 1
395; 2
426; 1
431; 2
433; 1
440; 2
453; 1
458; 2
494; 1
500; 2
501; 1
506; 2
515; 1
521; 2
518; 1
523; 2
526; 1
533; 2
601; 1
607; 2
611; 1
617; 2
736; 1
744; 2
746; 1
752; 2
757; 1
764; 2
776; 1
781; 2
784; 1
789; 2
798; 1
806; 2
811; 1
817; 2
821; 1
832; 2
835; 1
841; 2
897; 1
902; 2
977; 1
981; 2
1009; 1
1014; 2
1028; 1
1033; 2
1029; 1
1034; 2
1056; 1
1061; 2
1056; 1
1065; 2
1068; 1
1075; 2
1075; 1
1080; 2
1082; 1
1087; 2
1084; 1
1089; 2
1103; 1
1109; 2
1108; 1
1115; 2
1113; 1
1118; 2
1121; 1
1126; 2
1132; 1
1137; 2
1137; 1
1144; 2
1168; 1
1173; 2
1169; 1
1175; 2
1206; 1
1213; 2
1223; 1
1228; 2
1235; 1
1240; 2
1257; 1
1262; 2
1282; 1
1287; 2
1283; 1
1289; 2
1292; 1
1297; 2
1307; 1
1312; 2
1316; 1
1322; 2
1341; 1
1346; 2
1347; 1
1352; 2
1414; 1
1420; 2
1421; 1
1426; 2
1438; 1
1443; 2
1474; 1
1479; 2
1490; 1
1495; 2
1492; 1
1497; 2
1493; 1
1498; 2
1514; 1
1519; 2
1539; 1
1544; 2
1569; 1
1576; 2
1577; 1
1581; 2
1588; 1
1595; 2
1596; 1
1603; 2
1602; 1
1607; 2
1608; 1
1614; 2
1682; 1
1688; 2
1700; 1
1706; 2
1797; 1
1802; 2
1797; 1
1802; 2
1800; 1
1806; 2
1809; 1
1814; 2
1814; 1
1819; 2
1818; 1
1824; 2
1827; 1
1832; 2
1839; 1
1845; 2
1845; 1
1854; 2
1879; 1
1883; 2
1883; 1
1888; 2
1966; 1
1971; 2
1981; 1
1986; 2
1983; 1
1988; 2
1988; 1
1993; 2
1992; 1
1999; 2
2045; 1
2052; 2
2086; 1
2091; 2
2090; 1
2095; 2
2090; 1
2096; 2
2122; 1
2129; 2
2132; 1
2137; 2
2134; 1
2139; 2
2152; 1
2157; 2
2169; 1
2177; 2
2173; 1
2181; 2
2229; 1
2235; 2
2239; 1
2244; 2
2239; 1
2244; 2
2263; 1
2268; 2
2274; 1
2279; 2
2310; 1
2315; 2
2346; 1
2353; 2
2348; 1
2353; 2
2364; 1
2369; 2
2375; 1
2380; 2
2422; 1
2427; 2
2438; 1
2443; 2
2448; 1
2455; 2
2488; 1
2494; 2
2508; 1
2514; 2
2516; 1
2522; 2
2519; 1
2524; 2
2525; 1
2530; 2
2582; 1
2587; 2
2588; 1
2594; 2
2634; 1
2639; 2
2654; 1
2659; 2
2693; 1
2698; 2
2702; 1
2709; 2
2704; 1
2709; 2
2736; 1
2741; 2
2755; 1
2766; 2
2762; 1
2767; 2
2787; 1
2795; 2
2794; 1
2799; 2
2807; 1
2812; 2
2815; 1
2821; 2
2829; 1
2836; 2
2837; 1
2844; 2
2863; 1
2868; 2
2914; 1
2920; 2
2932; 1
2937; 2
2957; 1
2962; 2
2961; 1
2966; 2
2962; 1
2967; 2
2970; 1
2974; 2
2993; 1
3002; 2
3000; 1
3005; 2
3010; 1
3017; 2
3014; 1
3019; 2
3053; 1
3058; 2
3113; 1
3118; 2
3124; 1
3131; 2
3187; 1
3192; 2
3191; 1
3196; 2
3198; 1
3206; 2
3201; 1
3206; 2
3208; 1
3213; 2
3214; 1
3220; 2
3219; 1
3224; 2
3228; 1
3235; 2
3235; 1
3241; 2
3252; 1
3258; 2
3281; 1
3285; 2
3282; 1
3286; 2
3303; 1
3308; 2
3309; 1
3314; 2
3323; 1
3329; 2
3329; 1
3336; 2
3349; 1
3354; 2
3408; 1
3413; 2
3427; 1
3432; 2
3436; 1
3441; 2
3439; 1
3446; 2
3468; 1
3472; 2
3484; 1
3489; 2
3510; 1
3516; 2
3523; 1
3531; 2
3540; 1
3544; 2
3591; 1
3596; 2
3614; 1
3620; 2
3629; 1
3634; 2
3641; 1
3646; 2
3646; 1
3652; 2
3650; 1
3656; 2
3674; 1
3679; 2
3723; 1
3729; 2
3730; 1
3735; 2
3768; 1
3774; 2
3770; 1
3777; 2
3781; 1
3785; 2
3833; 1
3838; 2
3846; 1
3852; 2
3873; 1
3878; 2
3876; 1
3881; 2
3897; 1
3902; 2
3971; 1
3976; 2
3979; 1
3984; 2
3984; 1
3989; 2
4016; 1
4021; 2
4064; 1
4071; 2
4103; 1
4108; 2
4103; 1
4111; 2
4125; 1
4130; 2
4202; 1
4207; 2
4234; 1
4238; 2
4239; 1
4245; 2
4264; 1
4268; 2
4274; 1
4279; 2
4278; 1
4283; 2
4298; 1
4303; 2
4328; 1
4335; 2
4358; 1
4364; 2
4390; 1
4396; 2
4394; 1
4399; 2
4461; 1
4466; 2
4463; 1
4468; 2
4464; 1
4470; 2
4489; 1
4495; 2
4496; 1
4501; 2
4510; 1
4516; 2
4635; 1
4640; 2
4648; 1
4653; 2
4670; 1
4675; 2
4698; 1
4703; 2
4701; 1
4708; 2
4709; 1
4714; 2
4713; 1
4719; 2
4727; 1
4732; 2
4750; 1
4755; 2
4783; 1
4788; 2
4813; 1
4820; 2
4820; 1
4825; 2
4833; 1
4839; 2
4845; 1
4853; 2
4849; 1
4854; 2
4856; 1
4861; 2
4889; 1
4894; 2
4904; 1
4909; 2
4913; 1
4918; 2
4940; 1
4945; 2
4960; 1
4965; 2
4963; 1
4968; 2
5029; 1
5035; 2
5118; 1
5125; 2
5123; 1
5129; 2
5149; 1
5153; 2
5171; 1
5175; 2
5203; 1
5209; 2
5212; 1
5217; 2
5238; 1
5243; 2
5248; 1
5255; 2
5251; 1
5256; 2
5255; 1
5260; 2
5258; 1
5263; 2
5259; 1
5264; 2
5264; 1
5269; 2
5274; 1
5280; 2
5293; 1
5298; 2
5355; 1
5361; 2
5357; 1
5363; 2
5473; 1
5478; 2
5479; 1
5484; 2
5498; 1
5503; 2
5517; 1
5522; 2
5550; 1
5555; 2
5574; 1
5580; 2
5589; 1
5594; 2
5607; 1
5612; 2
5609; 1
5614; 2
5623; 1
5628; 2
5623; 1
5628; 2
5624; 1
5631; 2
5634; 1
5639; 2
5652; 1
5657; 2
5716; 1
5722; 2
5737; 1
5742; 2
5763; 1
5768; 2
5767; 1
5773; 2
5777; 1
5783; 2
5818; 1
5823; 2
5828; 1
5832; 2
5830; 1
5835; 2
5847; 1
5853; 2
5918; 1
5924; 2
5952; 1
5958; 2
6008; 1
6013; 2
6040; 1
6045; 2
6092; 1
6097; 2
6093; 1
6099; 2
6123; 1
6129; 2
6134; 1
6139; 2
6152; 1
6156; 2
6185; 1
6191; 2
6225; 1
6231; 2
6253; 1
6258; 2
6337; 1
6342; 2
6355; 1
6362; 2
6379; 1
6386; 2
6422; 1
6428; 2
6452; 1
6459; 2
6464; 1
6471; 2
6493; 1
6497; 2
6527; 1
6533; 2
6533; 1
6539; 2
6546; 1
6551; 2
6552; 1
6557; 2
6608; 1
6613; 2
6612; 1
6617; 2
6615; 1
6620; 2
6623; 1
6628; 2
6640; 1
6645; 2
6649; 1
6654; 2
6658; 1
6663; 2
6715; 1
6720; 2
6716; 1
6723; 2
6723; 1
6728; 2
6760; 1
6768; 2
6779; 1
6788; 2
6789; 1
6794; 2
6835; 1
6840; 2
6840; 1
6846; 2
6849; 1
6854; 2
6866; 1
6871; 2
6866; 1
6872; 2
6875; 1
6879; 2
6884; 1
6890; 2
6889; 1
6895; 2
6923; 1
6928; 2
6944; 1
6950; 2
6984; 1
6989; 2
6990; 1
6995; 2
7025; 1
7033; 2
7046; 1
7051; 2
7048; 1
7054; 2
7058; 1
7063; 2
7059; 1
7064; 2
7063; 1
7070; 2
7131; 1
7136; 2
7160; 1
7165; 2
7168; 1
7173; 2
7170; 1
7178; 2
7179; 1
7183; 2
7210; 1
7214; 2
7233; 1
7238; 2
7254; 1
7259; 2
7257; 1
7268; 2
7283; 1
7288; 2
7341; 1
7346; 2
7348; 1
7353; 2
7373; 1
7378; 2
7387; 1
7393; 2
7387; 1
7394; 2
7389; 1
7394; 2
7395; 1
7400; 2
7399; 1
7407; 2
7437; 1
7443; 2
7441; 1
7447; 2
7451; 1
7456; 2
7498; 1
7503; 2
7517; 1
7524; 2
7522; 1
7527; 2
7543; 1
7548; 2
7549; 1
7554; 2
7584; 1
7589; 2
7586; 1
7591; 2
7591; 1
7598; 2
7616; 1
7621; 2
7620; 1
7625; 2
7621; 1
7628; 2
7642; 1
7647; 2
7649; 1
7653; 2
7688; 1
7693; 2
7714; 1
7719; 2
7729; 1
7735; 2
7735; 1
7741; 2
7750; 1
7755; 2
7773; 1
7777; 2
7773; 1
7778; 2
7798; 1
7804; 2
7800; 1
7808; 2
7837; 1
7844; 2
7846; 1
7851; 2
7858; 1
7863; 2
7864; 1
7869; 2
7890; 1
7895; 2
7891; 1
7897; 2
7911; 1
7922; 2
7927; 1
7933; 2
7928; 1
7933; 2
7951; 1
7956; 2
7998; 1
8002; 2
8000; 1
8005; 2
8006; 1
8013; 2
8077; 1
8085; 2
8104; 1
8113; 2
8108; 1
8112; 2
8121; 1
8127; 2
8134; 1
8140; 2
8140; 1
8145; 2
8151; 1
8156; 2
8202; 1
8207; 2
8209; 1
8215; 2
8268; 1
8275; 2
8304; 1
8309; 2
8353; 1
8357; 2
8357; 1
8362; 2
8399; 1
8404; 2
8437; 1
8442; 2
8442; 1
8450; 2
8456; 1
8462; 2
8465; 1
8472; 2
8479; 1
8485; 2
8573; 1
8578; 2
8626; 1
8631; 2
8638; 1
8643; 2
8639; 1
8644; 2
8665; 1
8670; 2
8681; 1
8685; 2
8692; 1
8697; 2
8711; 1
8716; 2
8741; 1
8746; 2
8744; 1
8750; 2
8779; 1
8786; 2
8793; 1
8798; 2
8836; 1
8841; 2
8839; 1
8846; 2
8846; 1
8853; 2
8876; 1
8883; 2
8880; 1
8885; 2
8889; 1
8894; 2
8911; 1
8917; 2
8919; 1
8925; 2
8937; 1
8942; 2
8943; 1
8948; 2
8984; 1
8989; 2
9008; 1
9013; 2
9008; 1
9013; 2
9014; 1
9021; 2
9041; 1
9047; 2
9053; 1
9058; 2
9079; 1
9084; 2
9092; 1
9097; 2
9128; 1
9136; 2
9148; 1
9154; 2
9159; 1
9165; 2
9169; 1
9176; 2
9181; 1
9186; 2
9198; 1
9203; 2
9209; 1
9214; 2
9215; 1
9220; 2
9236; 1
9241; 2
9290; 1
9295; 2
9336; 1
9341; 2
9370; 1
9378; 2
9390; 1
9398; 2
9408; 1
9414; 2
9474; 1
9480; 2
9480; 1
9486; 2
9494; 1
9499; 2
9496; 1
9504; 2
9498; 1
9503; 2
9538; 1
9544; 2
9567; 1
9574; 2
9569; 1
9574; 2
9604; 1
9610; 2
9676; 1
9684; 2
9702; 1
9707; 2
9713; 1
9718; 2
9723; 1
9728; 2
9736; 1
9740; 2
9745; 1
9750; 2
9746; 1
9751; 2
9754; 1
9759; 2
9763; 1
9769; 2
9783; 1
9788; 2
9791; 1
9796; 2
9831; 1
9836; 2
9850; 1
9855; 2
9868; 1
9873; 2
9909; 1
9915; 2
9909; 1
9916; 2
9911; 1
9916; 2
9913; 1
9918; 2
9913; 1
9918; 2
9916; 1
9921; 2
9947; 1
9952; 2
9973; 1
9978; 2
9996; 1
10001; 2
10001; 1
10006; 2
10002; 1
10007; 2
