Sequence of timestamped events V1.0
Stream 3
Id =3
Name = Camera_3
Tbegin = 0
Tend = 10000
Count = 500
83; 1
88; 2
107; 1
112; 2
108; 1
115; 2
126; 1
132; 2
159; 1
165; 2
167; 1
172; 2
179; 1
184; 2
198; 1
205; 2
199; 1
207; 2
215; 1
219; 2
228; 1
234; 2
231; 1
237; 2
246; 1
252; 2
248; 1
254; 2
308; 1
314; 2
329; 1
336; 2
334; 1
340; 2
350; 1
355; 2
365; 1
371; 2
411; 1
417; 2
417; 1
421; 2
436; 1
444; 2
457; 1
462; 2
475; 1
482; 2
484; 1
489; 2
529; 1
534; 2
531; 1
537; 2
551; 1
557; 2
552; 1
558; 2
568; 1
575; 2
638; 1
644; 2
648; 1
654; 2
783; 1
789; 2
784; 1
792; 2
799; 1
806; 2
804; 1
809; 2
817; 1
823; 2
846; 1
854; 2
848; 1
854; 2
872; 1
878; 2
888; 1
899; 2
930; 1
936; 2
1003; 1
1007; 2
1037; 1
1042; 2
1059; 1
1064; 2
1062; 1
1068; 2
1084; 1
1089; 2
1106; 1
1111; 2
1110; 1
1115; 2
1110; 1
1117; 2
1112; 1
1117; 2
1112; 1
1121; 2
1140; 1
1146; 2
1141; 1
1146; 2
1150; 1
1157; 2
1152; 1
1157; 2
1163; 1
1168; 2
1179; 1
1186; 2
1201; 1
1207; 2
1206; 1
1212; 2
1248; 1
1255; 2
1256; 1
1262; 2
1266; 1
1271; 2
1290; 1
1296; 2
1310; 1
1315; 2
1320; 1
1326; 2
1323; 1
1328; 2
1340; 1
1346; 2
1353; 1
1359; 2
1374; 1
1380; 2
1380; 1
1386; 2
1451; 1
1457; 2
1454; 1
1460; 2
1466; 1
1471; 2
1507; 1
1513; 2
1521; 1
1526; 2
1523; 1
1528; 2
1524; 1
1529; 2
1547; 1
1553; 2
1572; 1
1578; 2
1603; 1
1607; 2
1611; 1
1618; 2
1630; 1
1637; 2
1635; 1
1641; 2
1638; 1
1645; 2
1645; 1
1651; 2
1719; 1
1725; 2
1737; 1
1743; 2
1828; 1
1833; 2
1830; 1
1836; 2
1837; 1
1843; 2
1840; 1
1845; 2
1845; 1
1850; 2
1855; 1
1861; 2
1858; 1
1863; 2
1876; 1
1882; 2
1901; 1
1910; 2
1905; 1
1909; 2
1916; 1
1922; 2
1999; 1
2005; 2
2012; 1
2017; 2
2014; 1
2019; 2
2021; 1
2027; 2
2034; 1
2041; 2
2087; 1
2094; 2
2119; 1
2125; 2
2123; 1
2129; 2
2127; 1
2133; 2
2164; 1
2171; 2
2165; 1
2170; 2
2165; 1
2171; 2
2183; 1
2188; 2
2217; 1
2225; 2
2221; 1
2229; 2
2266; 1
2272; 2
2267; 1
2272; 2
2270; 1
2275; 2
2296; 1
2302; 2
2307; 1
2313; 2
2343; 1
2349; 2
2376; 1
2381; 2
2388; 1
2395; 2
2392; 1
2397; 2
2406; 1
2411; 2
2453; 1
2458; 2
2471; 1
2477; 2
2490; 1
2497; 2
2525; 1
2531; 2
2545; 1
2551; 2
2552; 1
2558; 2
2553; 1
2559; 2
2558; 1
2564; 2
2613; 1
2618; 2
2625; 1
2631; 2
2667; 1
2673; 2
2685; 1
2690; 2
2721; 1
2726; 2
2735; 1
2740; 2
2744; 1
2751; 2
2769; 1
2775; 2
2793; 1
2798; 2
2822; 1
2833; 2
2827; 1
2833; 2
2835; 1
2843; 2
2840; 1
2846; 2
2852; 1
2858; 2
2871; 1
2878; 2
2879; 1
2886; 2
2896; 1
2902; 2
2951; 1
2957; 2
2965; 1
2971; 2
2985; 1
2990; 2
2993; 1
2998; 2
2994; 1
3000; 2
2996; 1
3000; 2
3033; 1
3039; 2
3047; 1
3053; 2
3049; 1
3058; 2
3052; 1
3059; 2
3084; 1
3089; 2
3144; 1
3149; 2
3166; 1
3173; 2
3220; 1
3226; 2
3224; 1
3230; 2
3234; 1
3240; 2
3241; 1
3247; 2
3246; 1
3254; 2
3247; 1
3252; 2
3251; 1
3257; 2
3270; 1
3277; 2
3272; 1
3278; 2
3289; 1
3295; 2
3307; 1
3311; 2
3308; 1
3312; 2
3334; 1
3339; 2
3337; 1
3342; 2
3360; 1
3366; 2
3371; 1
3378; 2
3382; 1
3388; 2
3439; 1
3444; 2
3460; 1
3466; 2
3467; 1
3472; 2
3481; 1
3488; 2
3494; 1
3498; 2
3517; 1
3523; 2
3547; 1
3553; 2
3564; 1
3568; 2
3571; 1
3579; 2
3624; 1
3630; 2
3651; 1
3657; 2
3657; 1
3662; 2
3669; 1
3674; 2
3683; 1
3689; 2
3687; 1
3693; 2
3707; 1
3713; 2
3760; 1
3766; 2
3761; 1
3766; 2
3805; 1
3811; 2
3807; 1
3811; 2
3812; 1
3819; 2
3861; 1
3866; 2
3883; 1
3889; 2
3906; 1
3912; 2
3907; 1
3912; 2
3928; 1
3933; 2
4002; 1
4007; 2
4007; 1
4012; 2
4015; 1
4020; 2
4044; 1
4049; 2
4106; 1
4113; 2
4136; 1
4142; 2
4151; 1
4159; 2
4156; 1
4161; 2
4233; 1
4238; 2
4258; 1
4262; 2
4276; 1
4282; 2
4288; 1
4292; 2
4307; 1
4313; 2
4311; 1
4317; 2
4329; 1
4334; 2
4370; 1
4377; 2
4395; 1
4401; 2
4425; 1
4430; 2
4427; 1
4433; 2
4491; 1
4496; 2
4492; 1
4497; 2
4501; 1
4507; 2
4526; 1
4532; 2
4529; 1
4535; 2
4547; 1
4553; 2
4666; 1
4671; 2
4676; 1
4681; 2
4698; 1
4703; 2
4731; 1
4737; 2
4740; 1
4745; 2
4743; 1
4750; 2
4750; 1
4756; 2
4755; 1
4760; 2
4783; 1
4789; 2
4814; 1
4819; 2
4851; 1
4856; 2
4855; 1
4862; 2
4870; 1
4876; 2
4880; 1
4885; 2
4884; 1
4889; 2
4893; 1
4901; 2
4922; 1
4928; 2
4937; 1
4943; 2
4946; 1
4952; 2
4971; 1
4976; 2
4991; 1
4996; 2
4996; 1
5002; 2
5066; 1
5072; 2
5160; 1
5166; 2
5160; 1
5167; 2
5173; 1
5177; 2
5197; 1
5201; 2
5240; 1
5246; 2
5245; 1
5251; 2
5271; 1
5277; 2
5282; 1
5287; 2
5288; 1
5294; 2
5290; 1
5297; 2
5291; 1
5297; 2
5292; 1
5298; 2
5295; 1
5300; 2
5311; 1
5317; 2
5324; 1
5329; 2
5392; 1
5398; 2
5394; 1
5400; 2
5504; 1
5509; 2
5512; 1
5518; 2
5529; 1
5534; 2
5550; 1
5556; 2
5581; 1
5586; 2
5611; 1
5617; 2
5622; 1
5628; 2
5640; 1
5646; 2
5642; 1
5648; 2
5654; 1
5659; 2
5654; 1
5659; 2
5665; 1
5670; 2
5666; 1
5673; 2
5683; 1
5688; 2
5753; 1
5759; 2
5770; 1
5776; 2
5796; 1
5802; 2
5804; 1
5810; 2
5814; 1
5820; 2
5849; 1
5854; 2
5854; 1
5858; 2
5858; 1
5863; 2
5884; 1
5890; 2
5955; 1
5961; 2
5989; 1
5995; 2
6041; 1
6047; 2
6073; 1
6079; 2
6125; 1
6131; 2
6130; 1
6136; 2
6160; 1
6166; 2
6162; 1
6167; 2
6178; 1
6182; 2
6222; 1
6228; 2
6262; 1
6268; 2
6284; 1
6289; 2
6365; 1
6370; 2
6397; 1
6404; 2
6421; 1
6428; 2
6459; 1
6465; 2
6494; 1
6501; 2
6506; 1
6513; 2
6517; 1
6521; 2
6564; 1
6570; 2
6570; 1
6576; 2
6577; 1
6582; 2
6585; 1
6591; 2
6639; 1
6644; 2
6643; 1
6648; 2
6643; 1
6648; 2
6656; 1
6662; 2
6671; 1
6676; 2
6682; 1
6688; 2
6689; 1
6694; 2
6746; 1
6751; 2
6756; 1
6762; 2
6758; 1
6765; 2
6808; 1
6816; 2
6820; 1
6825; 2
6835; 1
6844; 2
6866; 1
6871; 2
6877; 1
6883; 2
6882; 1
6888; 2
6894; 1
6899; 2
6899; 1
6903; 2
6903; 1
6909; 2
6921; 1
6927; 2
6926; 1
6932; 2
6954; 1
6959; 2
6981; 1
6987; 2
7015; 1
7020; 2
7023; 1
7029; 2
7073; 1
7081; 2
7077; 1
7082; 2
7085; 1
7091; 2
7087; 1
7092; 2
7091; 1
7097; 2
7105; 1
7112; 2
7164; 1
7170; 2
7193; 1
7199; 2
7199; 1
7204; 2
7205; 1
7209; 2
7218; 1
7226; 2
7236; 1
7240; 2
7266; 1
7272; 2
7287; 1
7293; 2
7316; 1
7322; 2
7324; 1
7335; 2
7369; 1
7374; 2
7379; 1
7384; 2
7404; 1
7409; 2
7422; 1
7428; 2
7424; 1
7430; 2
7426; 1
7431; 2
7429; 1
7436; 2
7447; 1
7455; 2
7474; 1
7480; 2
7478; 1
7484; 2
7479; 1
7484; 2
7531; 1
7537; 2
7555; 1
7561; 2
7559; 1
7566; 2
7571; 1
7576; 2
7582; 1
7588; 2
7617; 1
7623; 2
7619; 1
7625; 2
7633; 1
7640; 2
7648; 1
7653; 2
7649; 1
7655; 2
7663; 1
7670; 2
7673; 1
7677; 2
7673; 1
7678; 2
7721; 1
7727; 2
7747; 1
7753; 2
7766; 1
7772; 2
7772; 1
7778; 2
7781; 1
7786; 2
7799; 1
7803; 2
7801; 1
7806; 2
7835; 1
7841; 2
7848; 1
7856; 2
7877; 1
7882; 2
7879; 1
7886; 2
7891; 1
7897; 2
7892; 1
7897; 2
7921; 1
7926; 2
7928; 1
7934; 2
7959; 1
7964; 2
7964; 1
7970; 2
7978; 1
7989; 2
7979; 1
7984; 2
8024; 1
8028; 2
8031; 1
8036; 2
8048; 1
8055; 2
8125; 1
8133; 2
8134; 1
8138; 2
8158; 1
8164; 2
8160; 1
8169; 2
8168; 1
8173; 2
8171; 1
8177; 2
8184; 1
8190; 2
8233; 1
8238; 2
8246; 1
8252; 2
8310; 1
8317; 2
8335; 1
8340; 2
8379; 1
8383; 2
8388; 1
8393; 2
8432; 1
8438; 2
8468; 1
8473; 2
8490; 1
8498; 2
8493; 1
8499; 2
8507; 1
8514; 2
8516; 1
8522; 2
8606; 1
8612; 2
8659; 1
8665; 2
8670; 1
8675; 2
8671; 1
8677; 2
8696; 1
8701; 2
8707; 1
8711; 2
8725; 1
8731; 2
8739; 1
8744; 2
8772; 1
8777; 2
8781; 1
8787; 2
8821; 1
8828; 2
8826; 1
8832; 2
8869; 1
8875; 2
8881; 1
8888; 2
8888; 1
8895; 2
8908; 1
8913; 2
8918; 1
8925; 2
8922; 1
8928; 2
8948; 1
8954; 2
8956; 1
8962; 2
8968; 1
8973; 2
8974; 1
8979; 2
9015; 1
9020; 2
9036; 1
9041; 2
9039; 1
9044; 2
9056; 1
9063; 2
9078; 1
9084; 2
9084; 1
9089; 2
9110; 1
9115; 2
9120; 1
9125; 2
9176; 1
9184; 2
9185; 1
9191; 2
9196; 1
9202; 2
9211; 1
9218; 2
9212; 1
9217; 2
9226; 1
9231; 2
9242; 1
9248; 2
9248; 1
9254; 2
9269; 1
9275; 2
9321; 1
9326; 2
9367; 1
9372; 2
9418; 1
9426; 2
9438; 1
9446; 2
9445; 1
9451; 2
9511; 1
9517; 2
9517; 1
9523; 2
9522; 1
9527; 2
9529; 1
9534; 2
9544; 1
9552; 2
9575; 1
9581; 2
9600; 1
9605; 2
9609; 1
9616; 2
9641; 1
9647; 2
9724; 1
9732; 2
9735; 1
9741; 2
9746; 1
9752; 2
9756; 1
9762; 2
9762; 1
9766; 2
9778; 1
9784; 2
9779; 1
9785; 2
9787; 1
9793; 2
9800; 1
9806; 2
9816; 1
9822; 2
9819; 1
9824; 2
9864; 1
9870; 2
9881; 1
9886; 2
9901; 1
9907; 2
9944; 1
9949; 2
9944; 1
9949; 2
9944; 1
9950; 2
9946; 1
9952; 2
9949; 1
9955; 2
9951; 1
9958; 2
9980; 1
9986; 2
10001; 1
10006; 2
10024; 1
10029; 2
10033; 1
10038; 2
10034; 1
10040; 2
