Sequence of timestamped events V1.0
Stream 4
Id =4
Name = Camera_4
Tbegin = 0
Tend = 10000
Count = 500
92; 1
98; 2
117; 1
123; 2
122; 1
131; 2
137; 1
144; 2
170; 1
177; 2
177; 1
183; 2
189; 1
195; 2
212; 1
221; 2
215; 1
224; 2
223; 1
228; 2
241; 1
248; 2
242; 1
249; 2
259; 1
266; 2
259; 1
266; 2
319; 1
326; 2
343; 1
352; 2
347; 1
354; 2
359; 1
365; 2
378; 1
385; 2
422; 1
429; 2
425; 1
430; 2
452; 1
461; 2
467; 1
473; 2
489; 1
498; 2
494; 1
500; 2
538; 1
544; 2
544; 1
551; 2
562; 1
569; 2
565; 1
572; 2
582; 1
591; 2
651; 1
658; 2
661; 1
668; 2
796; 1
803; 2
800; 1
809; 2
813; 1
819; 2
813; 1
822; 2
828; 1
835; 2
861; 1
868; 2
862; 1
871; 2
885; 1
892; 2
910; 1
923; 2
941; 1
948; 2
1011; 1
1016; 2
1046; 1
1052; 2
1069; 1
1075; 2
1073; 1
1080; 2
1093; 1
1099; 2
1116; 1
1122; 2
1119; 1
1125; 2
1121; 1
1127; 2
1124; 1
1133; 2
1130; 1
1141; 2
1150; 1
1156; 2
1153; 1
1160; 2
1162; 1
1168; 2
1164; 1
1173; 2
1173; 1
1179; 2
1193; 1
1202; 2
1212; 1
1219; 2
1219; 1
1226; 2
1262; 1
1271; 2
1267; 1
1274; 2
1276; 1
1282; 2
1301; 1
1308; 2
1319; 1
1325; 2
1333; 1
1339; 2
1333; 1
1340; 2
1351; 1
1358; 2
1366; 1
1373; 2
1385; 1
1392; 2
1391; 1
1398; 2
1464; 1
1471; 2
1465; 1
1472; 2
1475; 1
1481; 2
1518; 1
1525; 2
1531; 1
1537; 2
1533; 1
1539; 2
1534; 1
1540; 2
1558; 1
1565; 2
1583; 1
1590; 2
1611; 1
1616; 2
1625; 1
1634; 2
1644; 1
1653; 2
1646; 1
1653; 2
1652; 1
1661; 2
1658; 1
1665; 2
1732; 1
1739; 2
1750; 1
1757; 2
1838; 1
1844; 2
1841; 1
1848; 2
1850; 1
1856; 2
1850; 1
1857; 2
1855; 1
1861; 2
1868; 1
1874; 2
1868; 1
1875; 2
1889; 1
1896; 2
1913; 1
1918; 2
1919; 1
1930; 2
1927; 1
1934; 2
2010; 1
2017; 2
2022; 1
2028; 2
2024; 1
2030; 2
2032; 1
2039; 2
2048; 1
2057; 2
2101; 1
2110; 2
2130; 1
2137; 2
2134; 1
2141; 2
2140; 1
2147; 2
2175; 1
2181; 2
2176; 1
2183; 2
2178; 1
2187; 2
2193; 1
2199; 2
2233; 1
2242; 2
2237; 1
2246; 2
2276; 1
2282; 2
2279; 1
2286; 2
2280; 1
2286; 2
2307; 1
2314; 2
2318; 1
2325; 2
2354; 1
2361; 2
2385; 1
2391; 2
2401; 1
2407; 2
2402; 1
2411; 2
2416; 1
2422; 2
2463; 1
2469; 2
2482; 1
2489; 2
2504; 1
2513; 2
2538; 1
2545; 2
2558; 1
2565; 2
2563; 1
2570; 2
2566; 1
2573; 2
2569; 1
2576; 2
2623; 1
2629; 2
2638; 1
2645; 2
2678; 1
2685; 2
2695; 1
2701; 2
2730; 1
2736; 2
2745; 1
2751; 2
2758; 1
2767; 2
2780; 1
2787; 2
2803; 1
2809; 2
2838; 1
2845; 2
2844; 1
2857; 2
2851; 1
2858; 2
2851; 1
2860; 2
2865; 1
2872; 2
2885; 1
2894; 2
2893; 1
2902; 2
2907; 1
2914; 2
2964; 1
2971; 2
2976; 1
2983; 2
2994; 1
3000; 2
3003; 1
3009; 2
3004; 1
3009; 2
3005; 1
3012; 2
3044; 1
3051; 2
3058; 1
3065; 2
3066; 1
3075; 2
3067; 1
3078; 2
3094; 1
3100; 2
3154; 1
3160; 2
3180; 1
3189; 2
3231; 1
3238; 2
3235; 1
3242; 2
3245; 1
3252; 2
3252; 1
3259; 2
3256; 1
3262; 2
3262; 1
3271; 2
3264; 1
3271; 2
3284; 1
3293; 2
3285; 1
3292; 2
3302; 1
3309; 2
3315; 1
3320; 2
3316; 1
3321; 2
3344; 1
3350; 2
3346; 1
3352; 2
3373; 1
3380; 2
3385; 1
3394; 2
3393; 1
3400; 2
3449; 1
3455; 2
3471; 1
3478; 2
3477; 1
3483; 2
3495; 1
3504; 2
3502; 1
3507; 2
3528; 1
3535; 2
3560; 1
3567; 2
3572; 1
3577; 2
3587; 1
3596; 2
3635; 1
3642; 2
3664; 1
3671; 2
3666; 1
3672; 2
3678; 1
3684; 2
3696; 1
3703; 2
3700; 1
3707; 2
3718; 1
3725; 2
3771; 1
3777; 2
3773; 1
3780; 2
3815; 1
3820; 2
3818; 1
3825; 2
3826; 1
3835; 2
3870; 1
3876; 2
3896; 1
3903; 2
3917; 1
3923; 2
3917; 1
3924; 2
3938; 1
3944; 2
4012; 1
4018; 2
4016; 1
4022; 2
4025; 1
4031; 2
4053; 1
4059; 2
4120; 1
4129; 2
4147; 1
4154; 2
4166; 1
4172; 2
4167; 1
4176; 2
4243; 1
4249; 2
4266; 1
4271; 2
4289; 1
4296; 2
4296; 1
4301; 2
4318; 1
4325; 2
4322; 1
4329; 2
4339; 1
4345; 2
4384; 1
4393; 2
4408; 1
4415; 2
4435; 1
4441; 2
4440; 1
4447; 2
4500; 1
4506; 2
4502; 1
4508; 2
4514; 1
4521; 2
4539; 1
4546; 2
4540; 1
4547; 2
4560; 1
4567; 2
4676; 1
4682; 2
4685; 1
4691; 2
4707; 1
4713; 2
4742; 1
4749; 2
4750; 1
4756; 2
4757; 1
4766; 2
4763; 1
4770; 2
4764; 1
4770; 2
4794; 1
4801; 2
4824; 1
4830; 2
4861; 1
4867; 2
4869; 1
4878; 2
4883; 1
4890; 2
4890; 1
4896; 2
4893; 1
4899; 2
4909; 1
4918; 2
4933; 1
4940; 2
4948; 1
4955; 2
4957; 1
4964; 2
4981; 1
4987; 2
5001; 1
5007; 2
5007; 1
5014; 2
5079; 1
5086; 2
5173; 1
5180; 2
5174; 1
5183; 2
5181; 1
5186; 2
5205; 1
5210; 2
5253; 1
5260; 2
5256; 1
5263; 2
5282; 1
5289; 2
5292; 1
5298; 2
5299; 1
5306; 2
5302; 1
5309; 2
5303; 1
5310; 2
5304; 1
5313; 2
5305; 1
5311; 2
5324; 1
5331; 2
5334; 1
5340; 2
5405; 1
5412; 2
5407; 1
5414; 2
5514; 1
5520; 2
5523; 1
5530; 2
5539; 1
5545; 2
5561; 1
5568; 2
5591; 1
5597; 2
5624; 1
5631; 2
5633; 1
5640; 2
5651; 1
5658; 2
5653; 1
5660; 2
5664; 1
5670; 2
5664; 1
5670; 2
5675; 1
5681; 2
5680; 1
5689; 2
5693; 1
5699; 2
5766; 1
5773; 2
5781; 1
5788; 2
5807; 1
5814; 2
5817; 1
5824; 2
5827; 1
5834; 2
5859; 1
5865; 2
5862; 1
5867; 2
5867; 1
5873; 2
5897; 1
5904; 2
5968; 1
5975; 2
6002; 1
6009; 2
6052; 1
6059; 2
6084; 1
6091; 2
6136; 1
6143; 2
6143; 1
6150; 2
6171; 1
6177; 2
6173; 1
6180; 2
6186; 1
6191; 2
6235; 1
6242; 2
6275; 1
6282; 2
6294; 1
6300; 2
6374; 1
6380; 2
6411; 1
6420; 2
6435; 1
6444; 2
6472; 1
6479; 2
6508; 1
6517; 2
6520; 1
6529; 2
6525; 1
6530; 2
6577; 1
6584; 2
6583; 1
6590; 2
6587; 1
6593; 2
6596; 1
6603; 2
6649; 1
6655; 2
6652; 1
6658; 2
6653; 1
6659; 2
6667; 1
6674; 2
6681; 1
6687; 2
6693; 1
6700; 2
6699; 1
6705; 2
6756; 1
6762; 2
6767; 1
6774; 2
6772; 1
6781; 2
6824; 1
6833; 2
6830; 1
6836; 2
6853; 1
6864; 2
6876; 1
6882; 2
6890; 1
6897; 2
6893; 1
6900; 2
6903; 1
6909; 2
6907; 1
6912; 2
6916; 1
6923; 2
6934; 1
6941; 2
6939; 1
6946; 2
6964; 1
6970; 2
6994; 1
7001; 2
7025; 1
7031; 2
7034; 1
7041; 2
7087; 1
7093; 2
7089; 1
7098; 2
7096; 1
7102; 2
7098; 1
7105; 2
7102; 1
7109; 2
7119; 1
7128; 2
7175; 1
7182; 2
7204; 1
7211; 2
7209; 1
7215; 2
7213; 1
7218; 2
7234; 1
7243; 2
7244; 1
7249; 2
7277; 1
7284; 2
7298; 1
7305; 2
7327; 1
7334; 2
7346; 1
7359; 2
7378; 1
7384; 2
7389; 1
7395; 2
7414; 1
7420; 2
7433; 1
7440; 2
7436; 1
7442; 2
7437; 1
7444; 2
7443; 1
7452; 2
7463; 1
7472; 2
7487; 1
7494; 2
7488; 1
7494; 2
7491; 1
7498; 2
7542; 1
7549; 2
7566; 1
7573; 2
7573; 1
7582; 2
7580; 1
7586; 2
7593; 1
7600; 2
7628; 1
7635; 2
7630; 1
7637; 2
7647; 1
7656; 2
7657; 1
7663; 2
7660; 1
7667; 2
7677; 1
7686; 2
7681; 1
7686; 2
7683; 1
7689; 2
7732; 1
7739; 2
7758; 1
7765; 2
7779; 1
7786; 2
7785; 1
7792; 2
7791; 1
7797; 2
7807; 1
7812; 2
7810; 1
7816; 2
7848; 1
7855; 2
7864; 1
7873; 2
7887; 1
7893; 2
7893; 1
7902; 2
7901; 1
7907; 2
7902; 1
7909; 2
7931; 1
7937; 2
7941; 1
7948; 2
7969; 1
7975; 2
7977; 1
7984; 2
7988; 1
7994; 2
8000; 1
8013; 2
8032; 1
8037; 2
8041; 1
8047; 2
8062; 1
8071; 2
8141; 1
8150; 2
8142; 1
8147; 2
8171; 1
8178; 2
8177; 1
8183; 2
8178; 1
8189; 2
8184; 1
8191; 2
8195; 1
8202; 2
8243; 1
8249; 2
8259; 1
8266; 2
8324; 1
8333; 2
8345; 1
8351; 2
8387; 1
8392; 2
8398; 1
8404; 2
8443; 1
8450; 2
8478; 1
8484; 2
8506; 1
8513; 2
8506; 1
8515; 2
8521; 1
8530; 2
8529; 1
8536; 2
8617; 1
8624; 2
8670; 1
8677; 2
8680; 1
8686; 2
8682; 1
8689; 2
8706; 1
8712; 2
8715; 1
8720; 2
8736; 1
8743; 2
8748; 1
8754; 2
8782; 1
8788; 2
8794; 1
8801; 2
8835; 1
8844; 2
8837; 1
8844; 2
8880; 1
8887; 2
8895; 1
8904; 2
8902; 1
8911; 2
8917; 1
8923; 2
8932; 1
8941; 2
8933; 1
8940; 2
8961; 1
8968; 2
8969; 1
8976; 2
8978; 1
8984; 2
8984; 1
8990; 2
9025; 1
9031; 2
9045; 1
9051; 2
9049; 1
9055; 2
9070; 1
9079; 2
9091; 1
9098; 2
9094; 1
9100; 2
9120; 1
9126; 2
9129; 1
9135; 2
9192; 1
9201; 2
9198; 1
9205; 2
9209; 1
9216; 2
9222; 1
9228; 2
9225; 1
9234; 2
9235; 1
9241; 2
9253; 1
9260; 2
9259; 1
9266; 2
9280; 1
9287; 2
9331; 1
9337; 2
9377; 1
9383; 2
9434; 1
9443; 2
9454; 1
9463; 2
9458; 1
9465; 2
9524; 1
9531; 2
9530; 1
9537; 2
9531; 1
9537; 2
9539; 1
9545; 2
9560; 1
9569; 2
9588; 1
9595; 2
9610; 1
9616; 2
9623; 1
9632; 2
9654; 1
9661; 2
9740; 1
9749; 2
9746; 1
9753; 2
9757; 1
9764; 2
9767; 1
9774; 2
9770; 1
9775; 2
9789; 1
9796; 2
9790; 1
9797; 2
9798; 1
9805; 2
9813; 1
9820; 2
9827; 1
9834; 2
9828; 1
9834; 2
9875; 1
9882; 2
9891; 1
9897; 2
9912; 1
9919; 2
9954; 1
9960; 2
9954; 1
9960; 2
9955; 1
9962; 2
9959; 1
9966; 2
9960; 1
9967; 2
9965; 1
9974; 2
9991; 1
9998; 2
10010; 1
10016; 2
10033; 1
10039; 2
10043; 1
10049; 2
10045; 1
10052; 2
