Sequence of timestamped events V1.0
Stream 9
Id =9
Name = Camera_9
Tbegin = 0
Tend = 10000
Count = 500
134; 1
142; 2
138; 1
143; 2
161; 1
168; 2
194; 1
203; 2
259; 1
266; 2
271; 1
277; 2
325; 1
334; 2
349; 1
359; 2
352; 1
358; 2
354; 1
360; 2
363; 1
369; 2
376; 1
382; 2
384; 1
391; 2
414; 1
423; 2
531; 1
540; 2
563; 1
570; 2
607; 1
613; 2
641; 1
647; 2
644; 1
655; 2
668; 1
677; 2
674; 1
682; 2
678; 1
684; 2
684; 1
692; 2
686; 1
694; 2
694; 1
702; 2
735; 1
741; 2
739; 1
747; 2
758; 1
766; 2
778; 1
783; 2
786; 1
794; 2
788; 1
794; 2
795; 1
803; 2
796; 1
802; 2
873; 1
878; 2
889; 1
896; 2
900; 1
909; 2
900; 1
910; 2
924; 1
934; 2
961; 1
966; 2
961; 1
969; 2
1007; 1
1015; 2
1048; 1
1054; 2
1082; 1
1091; 2
1095; 1
1101; 2
1099; 1
1105; 2
1110; 1
1117; 2
1136; 1
1142; 2
1153; 1
1163; 2
1155; 1
1162; 2
1166; 1
1173; 2
1173; 1
1181; 2
1182; 1
1188; 2
1194; 1
1201; 2
1213; 1
1219; 2
1232; 1
1241; 2
1240; 1
1249; 2
1273; 1
1281; 2
1303; 1
1311; 2
1310; 1
1318; 2
1311; 1
1317; 2
1327; 1
1335; 2
1341; 1
1350; 2
1347; 1
1355; 2
1349; 1
1356; 2
1359; 1
1365; 2
1359; 1
1365; 2
1432; 1
1442; 2
1439; 1
1450; 2
1459; 1
1467; 2
1473; 1
1481; 2
1485; 1
1491; 2
1501; 1
1507; 2
1508; 1
1517; 2
1534; 1
1542; 2
1569; 1
1578; 2
1662; 1
1669; 2
1663; 1
1670; 2
1710; 1
1718; 2
1720; 1
1726; 2
1745; 1
1753; 2
1757; 1
1764; 2
1763; 1
1771; 2
1771; 1
1777; 2
1773; 1
1781; 2
1792; 1
1800; 2
1795; 1
1801; 2
1839; 1
1847; 2
1854; 1
1860; 2
1854; 1
1862; 2
1881; 1
1889; 2
1884; 1
1891; 2
1898; 1
1904; 2
1898; 1
1906; 2
1912; 1
1917; 2
1923; 1
1928; 2
1953; 1
1960; 2
1969; 1
1976; 2
1987; 1
1995; 2
1991; 1
1999; 2
1998; 1
2004; 2
2005; 1
2010; 2
2039; 1
2046; 2
2063; 1
2070; 2
2087; 1
2092; 2
2094; 1
2100; 2
2107; 1
2113; 2
2110; 1
2118; 2
2118; 1
2126; 2
2138; 1
2145; 2
2148; 1
2154; 2
2155; 1
2163; 2
2161; 1
2167; 2
2174; 1
2181; 2
2179; 1
2186; 2
2189; 1
2198; 2
2191; 1
2200; 2
2204; 1
2211; 2
2204; 1
2212; 2
2218; 1
2226; 2
2261; 1
2268; 2
2317; 1
2326; 2
2338; 1
2346; 2
2342; 1
2350; 2
2345; 1
2352; 2
2414; 1
2422; 2
2446; 1
2452; 2
2487; 1
2493; 2
2488; 1
2493; 2
2506; 1
2516; 2
2521; 1
2530; 2
2527; 1
2533; 2
2530; 1
2537; 2
2541; 1
2551; 2
2567; 1
2573; 2
2607; 1
2614; 2
2633; 1
2640; 2
2635; 1
2641; 2
2648; 1
2657; 2
2653; 1
2662; 2
2658; 1
2665; 2
2658; 1
2668; 2
2692; 1
2698; 2
2712; 1
2720; 2
2719; 1
2727; 2
2726; 1
2734; 2
2750; 1
2759; 2
2789; 1
2798; 2
2791; 1
2799; 2
2796; 1
2807; 2
2807; 1
2815; 2
2809; 1
2814; 2
2815; 1
2823; 2
2845; 1
2852; 2
2845; 1
2854; 2
2846; 1
2853; 2
2877; 1
2883; 2
2889; 1
2896; 2
2899; 1
2905; 2
2899; 1
2906; 2
2906; 1
2913; 2
2912; 1
2920; 2
2924; 1
2930; 2
2947; 1
2953; 2
3000; 1
3009; 2
3040; 1
3046; 2
3061; 1
3068; 2
3062; 1
3072; 2
3180; 1
3187; 2
3200; 1
3208; 2
3204; 1
3210; 2
3210; 1
3217; 2
3285; 1
3296; 2
3287; 1
3293; 2
3309; 1
3315; 2
3335; 1
3343; 2
3357; 1
3365; 2
3362; 1
3372; 2
3390; 1
3398; 2
3397; 1
3403; 2
3435; 1
3440; 2
3457; 1
3465; 2
3458; 1
3466; 2
3471; 1
3477; 2
3514; 1
3520; 2
3524; 1
3532; 2
3530; 1
3539; 2
3532; 1
3542; 2
3554; 1
3564; 2
3557; 1
3565; 2
3562; 1
3568; 2
3564; 1
3572; 2
3577; 1
3586; 2
3583; 1
3591; 2
3613; 1
3623; 2
3655; 1
3661; 2
3668; 1
3676; 2
3673; 1
3681; 2
3696; 1
3704; 2
3706; 1
3713; 2
3723; 1
3729; 2
3827; 1
3834; 2
3881; 1
3887; 2
3903; 1
3909; 2
3913; 1
3920; 2
3928; 1
3934; 2
3929; 1
3935; 2
3949; 1
3955; 2
3976; 1
3983; 2
3993; 1
4000; 2
3994; 1
4001; 2
4006; 1
4013; 2
4036; 1
4045; 2
4044; 1
4051; 2
4101; 1
4107; 2
4101; 1
4107; 2
4108; 1
4116; 2
4110; 1
4117; 2
4136; 1
4142; 2
4140; 1
4148; 2
4172; 1
4180; 2
4191; 1
4199; 2
4193; 1
4198; 2
4204; 1
4212; 2
4206; 1
4213; 2
4226; 1
4231; 2
4251; 1
4259; 2
4281; 1
4287; 2
4293; 1
4299; 2
4321; 1
4327; 2
4323; 1
4329; 2
4333; 1
4339; 2
4333; 1
4341; 2
4358; 1
4364; 2
4427; 1
4434; 2
4470; 1
4476; 2
4478; 1
4487; 2
4523; 1
4529; 2
4525; 1
4531; 2
4542; 1
4549; 2
4548; 1
4555; 2
4552; 1
4560; 2
4564; 1
4573; 2
4570; 1
4576; 2
4582; 1
4591; 2
4594; 1
4602; 2
4605; 1
4611; 2
4627; 1
4635; 2
4636; 1
4647; 2
4638; 1
4644; 2
4658; 1
4668; 2
4676; 1
4682; 2
4703; 1
4711; 2
4703; 1
4713; 2
4737; 1
4745; 2
4764; 1
4771; 2
4773; 1
4780; 2
4837; 1
4842; 2
4863; 1
4870; 2
4917; 1
4923; 2
4932; 1
4939; 2
4945; 1
4954; 2
4948; 1
4957; 2
4957; 1
4963; 2
4962; 1
4972; 2
5038; 1
5045; 2
5089; 1
5094; 2
5097; 1
5106; 2
5112; 1
5119; 2
5123; 1
5131; 2
5146; 1
5153; 2
5205; 1
5213; 2
5226; 1
5233; 2
5230; 1
5236; 2
5278; 1
5286; 2
5301; 1
5309; 2
5302; 1
5311; 2
5313; 1
5319; 2
5314; 1
5323; 2
5327; 1
5333; 2
5334; 1
5344; 2
5357; 1
5370; 2
5362; 1
5370; 2
5418; 1
5427; 2
5452; 1
5459; 2
5461; 1
5470; 2
5474; 1
5480; 2
5490; 1
5497; 2
5514; 1
5521; 2
5525; 1
5532; 2
5527; 1
5535; 2
5535; 1
5542; 2
5544; 1
5554; 2
5574; 1
5582; 2
5639; 1
5646; 2
5663; 1
5669; 2
5688; 1
5696; 2
5705; 1
5711; 2
5779; 1
5788; 2
5788; 1
5794; 2
5793; 1
5800; 2
5817; 1
5824; 2
5820; 1
5828; 2
5836; 1
5845; 2
5850; 1
5857; 2
5902; 1
5909; 2
5957; 1
5967; 2
5976; 1
5983; 2
5986; 1
5995; 2
5989; 1
5997; 2
5994; 1
6001; 2
5995; 1
6002; 2
6015; 1
6023; 2
6037; 1
6047; 2
6070; 1
6080; 2
6131; 1
6140; 2
6174; 1
6179; 2
6175; 1
6181; 2
6185; 1
6194; 2
6192; 1
6197; 2
6206; 1
6213; 2
6220; 1
6226; 2
6252; 1
6258; 2
6261; 1
6269; 2
6266; 1
6273; 2
6284; 1
6292; 2
6290; 1
6299; 2
6326; 1
6333; 2
6335; 1
6344; 2
6345; 1
6353; 2
6347; 1
6355; 2
6366; 1
6376; 2
6376; 1
6383; 2
6379; 1
6389; 2
6460; 1
6471; 2
6517; 1
6525; 2
6547; 1
6554; 2
6553; 1
6560; 2
6571; 1
6579; 2
6592; 1
6599; 2
6599; 1
6605; 2
6629; 1
6635; 2
6653; 1
6664; 2
6722; 1
6731; 2
6733; 1
6743; 2
6775; 1
6784; 2
6779; 1
6785; 2
6835; 1
6844; 2
6836; 1
6842; 2
6859; 1
6866; 2
6860; 1
6870; 2
6865; 1
6875; 2
6877; 1
6883; 2
6881; 1
6888; 2
6889; 1
6896; 2
6896; 1
6902; 2
6901; 1
6907; 2
6911; 1
6917; 2
6915; 1
6922; 2
6986; 1
6995; 2
6987; 1
6993; 2
7003; 1
7008; 2
7008; 1
7016; 2
7014; 1
7019; 2
7014; 1
7020; 2
7048; 1
7055; 2
7052; 1
7060; 2
7066; 1
7075; 2
7080; 1
7086; 2
7112; 1
7120; 2
7128; 1
7135; 2
7132; 1
7138; 2
7136; 1
7142; 2
7155; 1
7161; 2
7230; 1
7235; 2
7244; 1
7249; 2
7271; 1
7279; 2
7299; 1
7305; 2
7321; 1
7330; 2
7358; 1
7367; 2
7365; 1
7371; 2
7368; 1
7375; 2
7375; 1
7382; 2
7378; 1
7386; 2
7411; 1
7422; 2
7435; 1
7441; 2
7443; 1
7450; 2
7467; 1
7474; 2
7539; 1
7545; 2
7555; 1
7561; 2
7605; 1
7611; 2
7624; 1
7630; 2
7653; 1
7658; 2
7658; 1
7666; 2
7674; 1
7680; 2
7674; 1
7684; 2
7707; 1
7714; 2
7715; 1
7723; 2
7722; 1
7729; 2
7746; 1
7752; 2
7789; 1
7795; 2
7797; 1
7804; 2
7817; 1
7824; 2
7828; 1
7834; 2
7870; 1
7876; 2
7885; 1
7890; 2
7899; 1
7906; 2
7928; 1
7933; 2
7947; 1
7954; 2
7992; 1
8000; 2
7992; 1
8001; 2
8023; 1
8032; 2
8026; 1
8033; 2
8040; 1
8046; 2
8042; 1
8048; 2
8050; 1
8058; 2
8052; 1
8059; 2
8069; 1
8079; 2
8140; 1
8149; 2
8158; 1
8163; 2
8208; 1
8216; 2
8214; 1
8220; 2
8220; 1
8228; 2
8245; 1
8251; 2
8300; 1
8309; 2
8300; 1
8309; 2
8321; 1
8329; 2
8328; 1
8335; 2
8343; 1
8350; 2
8346; 1
8354; 2
8359; 1
8366; 2
8380; 1
8386; 2
8382; 1
8389; 2
8407; 1
8413; 2
8417; 1
8423; 2
8433; 1
8440; 2
8449; 1
8458; 2
8457; 1
8462; 2
8512; 1
8519; 2
8537; 1
8543; 2
8570; 1
8580; 2
8626; 1
8633; 2
8632; 1
8639; 2
8644; 1
8652; 2
8647; 1
8655; 2
8658; 1
8665; 2
8660; 1
8668; 2
8666; 1
8673; 2
8679; 1
8685; 2
8681; 1
8687; 2
8693; 1
8701; 2
8731; 1
8739; 2
8773; 1
8779; 2
8803; 1
8809; 2
8845; 1
8851; 2
8847; 1
8853; 2
8975; 1
8981; 2
8986; 1
8993; 2
9033; 1
9041; 2
9061; 1
9068; 2
9088; 1
9094; 2
9095; 1
9102; 2
9144; 1
9151; 2
9144; 1
9151; 2
9149; 1
9155; 2
9168; 1
9174; 2
9171; 1
9181; 2
9175; 1
9182; 2
9255; 1
9261; 2
9271; 1
9279; 2
9286; 1
9294; 2
9293; 1
9301; 2
9314; 1
9320; 2
9334; 1
9340; 2
9379; 1
9385; 2
9399; 1
9406; 2
9403; 1
9413; 2
9453; 1
9460; 2
9474; 1
9482; 2
9492; 1
9500; 2
9510; 1
9519; 2
9546; 1
9552; 2
9638; 1
9648; 2
9641; 1
9649; 2
9707; 1
9715; 2
9757; 1
9765; 2
9796; 1
9803; 2
9826; 1
9836; 2
9848; 1
9854; 2
9861; 1
9869; 2
9865; 1
9874; 2
9875; 1
9882; 2
9881; 1
9887; 2
9883; 1
9889; 2
9907; 1
9915; 2
9919; 1
9925; 2
9962; 1
9968; 2
9980; 1
9986; 2
10024; 1
10030; 2
10064; 1
10071; 2
10075; 1
10083; 2
