Sequence of timestamped events V1.0
Stream 6
Id =6
Name = Camera_6
Tbegin = 0
Tend = 10000
Count = 500
97; 1
103; 2
112; 1
117; 2
127; 1
133; 2
152; 1
159; 2
225; 1
231; 2
240; 1
245; 2
283; 1
290; 2
301; 1
309; 2
323; 1
328; 2
324; 1
329; 2
332; 1
337; 2
348; 1
353; 2
350; 1
356; 2
372; 1
379; 2
489; 1
496; 2
529; 1
535; 2
576; 1
581; 2
588; 1
597; 2
610; 1
615; 2
626; 1
633; 2
637; 1
643; 2
647; 1
653; 2
649; 1
655; 2
650; 1
655; 2
657; 1
663; 2
702; 1
708; 2
704; 1
709; 2
721; 1
727; 2
749; 1
755; 2
752; 1
757; 2
757; 1
762; 2
758; 1
764; 2
765; 1
770; 2
847; 1
852; 2
852; 1
860; 2
855; 1
861; 2
858; 1
865; 2
876; 1
884; 2
924; 1
930; 2
935; 1
940; 2
970; 1
976; 2
1020; 1
1025; 2
1040; 1
1047; 2
1064; 1
1069; 2
1068; 1
1073; 2
1076; 1
1082; 2
1105; 1
1110; 2
1105; 1
1113; 2
1121; 1
1127; 2
1132; 1
1138; 2
1136; 1
1142; 2
1154; 1
1159; 2
1160; 1
1166; 2
1182; 1
1187; 2
1190; 1
1197; 2
1198; 1
1205; 2
1236; 1
1242; 2
1266; 1
1272; 2
1273; 1
1279; 2
1280; 1
1285; 2
1290; 1
1296; 2
1299; 1
1306; 2
1310; 1
1316; 2
1315; 1
1321; 2
1328; 1
1333; 2
1328; 1
1333; 2
1383; 1
1392; 2
1384; 1
1392; 2
1422; 1
1428; 2
1436; 1
1442; 2
1454; 1
1459; 2
1466; 1
1473; 2
1470; 1
1475; 2
1497; 1
1503; 2
1527; 1
1534; 2
1628; 1
1634; 2
1629; 1
1635; 2
1673; 1
1679; 2
1692; 1
1697; 2
1708; 1
1714; 2
1723; 1
1729; 2
1726; 1
1732; 2
1736; 1
1742; 2
1740; 1
1745; 2
1755; 1
1761; 2
1764; 1
1769; 2
1802; 1
1808; 2
1817; 1
1823; 2
1823; 1
1828; 2
1844; 1
1850; 2
1850; 1
1856; 2
1861; 1
1867; 2
1867; 1
1872; 2
1886; 1
1891; 2
1897; 1
1902; 2
1919; 1
1925; 2
1935; 1
1941; 2
1950; 1
1956; 2
1954; 1
1960; 2
1970; 1
1975; 2
1979; 1
1984; 2
2005; 1
2011; 2
2029; 1
2035; 2
2061; 1
2066; 2
2063; 1
2068; 2
2073; 1
2079; 2
2076; 1
2081; 2
2081; 1
2087; 2
2104; 1
2110; 2
2117; 1
2122; 2
2118; 1
2124; 2
2130; 1
2135; 2
2140; 1
2146; 2
2145; 1
2151; 2
2147; 1
2154; 2
2149; 1
2156; 2
2167; 1
2173; 2
2170; 1
2176; 2
2181; 1
2187; 2
2227; 1
2233; 2
2275; 1
2282; 2
2301; 1
2307; 2
2305; 1
2311; 2
2311; 1
2317; 2
2377; 1
2383; 2
2415; 1
2420; 2
2456; 1
2461; 2
2458; 1
2466; 2
2462; 1
2467; 2
2479; 1
2486; 2
2493; 1
2501; 2
2496; 1
2501; 2
2496; 1
2502; 2
2539; 1
2544; 2
2573; 1
2579; 2
2599; 1
2605; 2
2604; 1
2609; 2
2606; 1
2613; 2
2610; 1
2618; 2
2611; 1
2618; 2
2624; 1
2630; 2
2664; 1
2669; 2
2675; 1
2681; 2
2682; 1
2688; 2
2689; 1
2695; 2
2708; 1
2715; 2
2740; 1
2749; 2
2747; 1
2754; 2
2754; 1
2760; 2
2770; 1
2776; 2
2778; 1
2784; 2
2783; 1
2788; 2
2803; 1
2810; 2
2811; 1
2817; 2
2812; 1
2818; 2
2846; 1
2851; 2
2855; 1
2861; 2
2865; 1
2871; 2
2868; 1
2873; 2
2872; 1
2878; 2
2875; 1
2881; 2
2893; 1
2898; 2
2916; 1
2921; 2
2958; 1
2965; 2
3012; 1
3017; 2
3014; 1
3022; 2
3027; 1
3033; 2
3146; 1
3152; 2
3163; 1
3169; 2
3176; 1
3182; 2
3180; 1
3184; 2
3229; 1
3238; 2
3259; 1
3264; 2
3278; 1
3283; 2
3298; 1
3304; 2
3314; 1
3322; 2
3320; 1
3326; 2
3353; 1
3359; 2
3366; 1
3371; 2
3409; 1
3414; 2
3420; 1
3426; 2
3421; 1
3427; 2
3447; 1
3451; 2
3484; 1
3492; 2
3486; 1
3491; 2
3487; 1
3493; 2
3488; 1
3495; 2
3506; 1
3514; 2
3520; 1
3526; 2
3527; 1
3533; 2
3534; 1
3539; 2
3535; 1
3542; 2
3546; 1
3552; 2
3565; 1
3573; 2
3627; 1
3632; 2
3631; 1
3637; 2
3636; 1
3642; 2
3659; 1
3665; 2
3672; 1
3678; 2
3692; 1
3697; 2
3793; 1
3799; 2
3850; 1
3855; 2
3875; 1
3880; 2
3879; 1
3885; 2
3900; 1
3905; 2
3901; 1
3906; 2
3918; 1
3923; 2
3942; 1
3948; 2
3959; 1
3965; 2
3960; 1
3966; 2
3972; 1
3978; 2
3994; 1
4001; 2
4010; 1
4016; 2
4070; 1
4075; 2
4071; 1
4077; 2
4073; 1
4078; 2
4076; 1
4082; 2
4103; 1
4109; 2
4112; 1
4116; 2
4135; 1
4141; 2
4154; 1
4160; 2
4167; 1
4172; 2
4167; 1
4173; 2
4172; 1
4178; 2
4200; 1
4205; 2
4214; 1
4220; 2
4250; 1
4255; 2
4265; 1
4270; 2
4290; 1
4295; 2
4295; 1
4300; 2
4296; 1
4302; 2
4302; 1
4307; 2
4327; 1
4332; 2
4393; 1
4399; 2
4436; 1
4443; 2
4439; 1
4444; 2
4492; 1
4497; 2
4497; 1
4502; 2
4508; 1
4514; 2
4514; 1
4520; 2
4515; 1
4521; 2
4522; 1
4529; 2
4540; 1
4547; 2
4546; 1
4550; 2
4557; 1
4563; 2
4577; 1
4582; 2
4580; 1
4589; 2
4590; 1
4596; 2
4610; 1
4615; 2
4610; 1
4618; 2
4648; 1
4653; 2
4655; 1
4663; 2
4666; 1
4672; 2
4700; 1
4706; 2
4730; 1
4736; 2
4739; 1
4745; 2
4811; 1
4816; 2
4829; 1
4835; 2
4886; 1
4891; 2
4898; 1
4904; 2
4903; 1
4910; 2
4906; 1
4913; 2
4914; 1
4922; 2
4926; 1
4931; 2
5004; 1
5010; 2
5055; 1
5062; 2
5063; 1
5068; 2
5078; 1
5084; 2
5086; 1
5092; 2
5112; 1
5118; 2
5168; 1
5174; 2
5192; 1
5198; 2
5202; 1
5207; 2
5241; 1
5247; 2
5260; 1
5267; 2
5264; 1
5270; 2
5272; 1
5279; 2
5285; 1
5290; 2
5286; 1
5294; 2
5289; 1
5301; 2
5299; 1
5304; 2
5325; 1
5331; 2
5376; 1
5383; 2
5418; 1
5424; 2
5419; 1
5426; 2
5446; 1
5451; 2
5456; 1
5462; 2
5480; 1
5486; 2
5490; 1
5496; 2
5491; 1
5497; 2
5496; 1
5504; 2
5501; 1
5507; 2
5537; 1
5543; 2
5605; 1
5611; 2
5632; 1
5637; 2
5651; 1
5657; 2
5674; 1
5679; 2
5737; 1
5744; 2
5759; 1
5765; 2
5760; 1
5765; 2
5783; 1
5789; 2
5783; 1
5789; 2
5794; 1
5801; 2
5816; 1
5822; 2
5868; 1
5874; 2
5909; 1
5917; 2
5942; 1
5948; 2
5944; 1
5951; 2
5952; 1
5958; 2
5960; 1
5966; 2
5961; 1
5967; 2
5978; 1
5984; 2
5989; 1
5997; 2
6022; 1
6030; 2
6089; 1
6096; 2
6143; 1
6150; 2
6144; 1
6149; 2
6148; 1
6153; 2
6166; 1
6171; 2
6172; 1
6178; 2
6189; 1
6194; 2
6221; 1
6226; 2
6224; 1
6230; 2
6232; 1
6238; 2
6247; 1
6253; 2
6248; 1
6255; 2
6292; 1
6298; 2
6293; 1
6300; 2
6308; 1
6314; 2
6310; 1
6316; 2
6318; 1
6326; 2
6331; 1
6339; 2
6342; 1
6348; 2
6404; 1
6413; 2
6480; 1
6486; 2
6513; 1
6519; 2
6519; 1
6525; 2
6534; 1
6540; 2
6558; 1
6564; 2
6568; 1
6573; 2
6597; 1
6606; 2
6598; 1
6603; 2
6680; 1
6687; 2
6685; 1
6693; 2
6733; 1
6740; 2
6748; 1
6753; 2
6793; 1
6800; 2
6805; 1
6810; 2
6812; 1
6820; 2
6817; 1
6825; 2
6825; 1
6831; 2
6847; 1
6853; 2
6849; 1
6854; 2
6855; 1
6861; 2
6870; 1
6875; 2
6872; 1
6876; 2
6880; 1
6885; 2
6881; 1
6887; 2
6944; 1
6951; 2
6956; 1
6961; 2
6971; 1
6977; 2
6977; 1
6982; 2
6986; 1
6991; 2
6988; 1
6993; 2
7014; 1
7020; 2
7015; 1
7021; 2
7024; 1
7031; 2
7049; 1
7054; 2
7075; 1
7081; 2
7094; 1
7100; 2
7104; 1
7109; 2
7108; 1
7113; 2
7124; 1
7129; 2
7208; 1
7212; 2
7218; 1
7223; 2
7234; 1
7240; 2
7271; 1
7276; 2
7279; 1
7286; 2
7316; 1
7323; 2
7334; 1
7339; 2
7334; 1
7340; 2
7341; 1
7347; 2
7341; 1
7347; 2
7355; 1
7364; 2
7404; 1
7409; 2
7409; 1
7415; 2
7433; 1
7439; 2
7508; 1
7513; 2
7527; 1
7532; 2
7574; 1
7579; 2
7593; 1
7598; 2
7621; 1
7627; 2
7626; 1
7634; 2
7627; 1
7632; 2
7646; 1
7651; 2
7673; 1
7679; 2
7678; 1
7684; 2
7688; 1
7694; 2
7715; 1
7720; 2
7761; 1
7766; 2
7763; 1
7769; 2
7783; 1
7789; 2
7800; 1
7805; 2
7842; 1
7847; 2
7859; 1
7864; 2
7865; 1
7871; 2
7902; 1
7907; 2
7913; 1
7919; 2
7950; 1
7957; 2
7955; 1
7961; 2
7981; 1
7988; 2
7992; 1
7998; 2
8011; 1
8016; 2
8012; 1
8017; 2
8013; 1
8019; 2
8018; 1
8024; 2
8021; 1
8029; 2
8098; 1
8105; 2
8132; 1
8137; 2
8171; 1
8177; 2
8183; 1
8189; 2
8186; 1
8191; 2
8221; 1
8225; 2
8258; 1
8265; 2
8258; 1
8265; 2
8284; 1
8290; 2
8294; 1
8300; 2
8309; 1
8315; 2
8309; 1
8315; 2
8325; 1
8331; 2
8348; 1
8354; 2
8356; 1
8360; 2
8376; 1
8381; 2
8386; 1
8391; 2
8399; 1
8405; 2
8407; 1
8414; 2
8431; 1
8436; 2
8478; 1
8484; 2
8509; 1
8514; 2
8522; 1
8530; 2
8592; 1
8598; 2
8598; 1
8604; 2
8607; 1
8613; 2
8610; 1
8616; 2
8623; 1
8629; 2
8624; 1
8630; 2
8632; 1
8638; 2
8648; 1
8653; 2
8650; 1
8655; 2
8656; 1
8662; 2
8694; 1
8700; 2
8742; 1
8747; 2
8775; 1
8780; 2
8817; 1
8822; 2
8819; 1
8824; 2
8944; 1
8949; 2
8952; 1
8958; 2
8996; 1
9002; 2
9027; 1
9033; 2
9057; 1
9062; 2
9061; 1
9067; 2
9110; 1
9116; 2
9110; 1
9116; 2
9118; 1
9123; 2
9123; 1
9131; 2
9137; 1
9142; 2
9141; 1
9147; 2
9227; 1
9232; 2
9234; 1
9240; 2
9249; 1
9255; 2
9256; 1
9262; 2
9283; 1
9288; 2
9306; 1
9311; 2
9348; 1
9353; 2
9355; 1
9363; 2
9365; 1
9371; 2
9419; 1
9425; 2
9437; 1
9443; 2
9455; 1
9461; 2
9468; 1
9475; 2
9515; 1
9520; 2
9590; 1
9598; 2
9604; 1
9610; 2
9670; 1
9676; 2
9720; 1
9726; 2
9762; 1
9768; 2
9778; 1
9786; 2
9820; 1
9825; 2
9823; 1
9830; 2
9824; 1
9830; 2
9841; 1
9847; 2
9852; 1
9857; 2
9853; 1
9858; 2
9870; 1
9876; 2
9888; 1
9893; 2
9931; 1
9936; 2
9949; 1
9954; 2
9996; 1
10001; 2
10030; 1
10036; 2
10038; 1
10044; 2
