Sequence of timestamped events V1.0
Stream 0
Id =0
Name = Camera_0
Tbegin = 0
Tend = 10000
Count = 500
20; 1
26; 2
59; 1
64; 2
60; 1
64; 2
66; 1
73; 2
157; 1
162; 2
178; 1
183; 2
197; 1
204; 2
203; 1
211; 2
261; 1
266; 2
266; 1
271; 2
270; 1
275; 2
282; 1
287; 2
286; 1
293; 2
290; 1
295; 2
403; 1
410; 2
461; 1
466; 2
474; 1
483; 2
514; 1
519; 2
540; 1
547; 2
548; 1
553; 2
560; 1
566; 2
570; 1
576; 2
572; 1
578; 2
580; 1
586; 2
592; 1
597; 2
625; 1
631; 2
642; 1
647; 2
644; 1
650; 2
672; 1
678; 2
681; 1
687; 2
695; 1
700; 2
700; 1
704; 2
703; 1
708; 2
754; 1
762; 2
772; 1
779; 2
778; 1
786; 2
787; 1
792; 2
795; 1
799; 2
847; 1
853; 2
883; 1
887; 2
893; 1
899; 2
954; 1
961; 2
962; 1
967; 2
1002; 1
1007; 2
1006; 1
1011; 2
1007; 1
1015; 2
1008; 1
1013; 2
1043; 1
1048; 2
1053; 1
1058; 2
1059; 1
1065; 2
1064; 1
1069; 2
1092; 1
1097; 2
1096; 1
1101; 2
1104; 1
1111; 2
1112; 1
1119; 2
1120; 1
1125; 2
1159; 1
1165; 2
1189; 1
1195; 2
1196; 1
1202; 2
1213; 1
1219; 2
1213; 1
1220; 2
1218; 1
1223; 2
1233; 1
1239; 2
1247; 1
1252; 2
1266; 1
1271; 2
1266; 1
1271; 2
1269; 1
1278; 2
1286; 1
1294; 2
1345; 1
1351; 2
1359; 1
1365; 2
1380; 1
1387; 2
1392; 1
1397; 2
1408; 1
1413; 2
1420; 1
1426; 2
1441; 1
1448; 2
1560; 1
1565; 2
1561; 1
1566; 2
1596; 1
1602; 2
1631; 1
1637; 2
1634; 1
1639; 2
1649; 1
1655; 2
1655; 1
1660; 2
1659; 1
1665; 2
1678; 1
1683; 2
1678; 1
1684; 2
1702; 1
1707; 2
1725; 1
1731; 2
1740; 1
1746; 2
1761; 1
1766; 2
1767; 1
1773; 2
1782; 1
1787; 2
1784; 1
1790; 2
1805; 1
1810; 2
1834; 1
1838; 2
1845; 1
1849; 2
1851; 1
1856; 2
1867; 1
1872; 2
1873; 1
1879; 2
1877; 1
1883; 2
1912; 1
1917; 2
1927; 1
1931; 2
1937; 1
1942; 2
1961; 1
1966; 2
1996; 1
2002; 2
2001; 1
2006; 2
2004; 1
2010; 2
2009; 1
2013; 2
2014; 1
2019; 2
2036; 1
2041; 2
2041; 1
2047; 2
2055; 1
2060; 2
2061; 1
2068; 2
2063; 1
2070; 2
2068; 1
2073; 2
2072; 1
2077; 2
2077; 1
2082; 2
2090; 1
2096; 2
2102; 1
2107; 2
2104; 1
2110; 2
2159; 1
2164; 2
2189; 1
2196; 2
2224; 1
2230; 2
2228; 1
2234; 2
2243; 1
2248; 2
2300; 1
2306; 2
2353; 1
2358; 2
2360; 1
2368; 2
2393; 1
2400; 2
2394; 1
2399; 2
2395; 1
2403; 2
2410; 1
2414; 2
2428; 1
2433; 2
2434; 1
2439; 2
2481; 1
2486; 2
2505; 1
2510; 2
2512; 1
2520; 2
2520; 1
2527; 2
2525; 1
2532; 2
2531; 1
2536; 2
2542; 1
2547; 2
2556; 1
2561; 2
2598; 1
2604; 2
2605; 1
2611; 2
2606; 1
2611; 2
2612; 1
2618; 2
2622; 1
2629; 2
2626; 1
2635; 2
2661; 1
2668; 2
2677; 1
2683; 2
2693; 1
2699; 2
2701; 1
2707; 2
2717; 1
2724; 2
2731; 1
2735; 2
2743; 1
2748; 2
2744; 1
2749; 2
2784; 1
2789; 2
2787; 1
2792; 2
2797; 1
2802; 2
2798; 1
2804; 2
2804; 1
2809; 2
2806; 1
2811; 2
2831; 1
2836; 2
2854; 1
2859; 2
2872; 1
2879; 2
2916; 1
2924; 2
2954; 1
2959; 2
2959; 1
2964; 2
3078; 1
3083; 2
3086; 1
3092; 2
3108; 1
3113; 2
3115; 1
3124; 2
3131; 1
3135; 2
3201; 1
3206; 2
3216; 1
3221; 2
3216; 1
3224; 2
3221; 1
3227; 2
3243; 1
3249; 2
3276; 1
3282; 2
3304; 1
3309; 2
3343; 1
3349; 2
3344; 1
3350; 2
3357; 1
3361; 2
3386; 1
3394; 2
3398; 1
3402; 2
3402; 1
3409; 2
3408; 1
3416; 2
3410; 1
3416; 2
3428; 1
3433; 2
3443; 1
3449; 2
3449; 1
3456; 2
3450; 1
3456; 2
3467; 1
3475; 2
3469; 1
3475; 2
3476; 1
3481; 2
3554; 1
3560; 2
3559; 1
3565; 2
3569; 1
3574; 2
3582; 1
3588; 2
3604; 1
3609; 2
3630; 1
3635; 2
3725; 1
3730; 2
3788; 1
3793; 2
3811; 1
3816; 2
3817; 1
3822; 2
3842; 1
3847; 2
3843; 1
3848; 2
3856; 1
3861; 2
3874; 1
3879; 2
3891; 1
3896; 2
3892; 1
3897; 2
3904; 1
3909; 2
3908; 1
3915; 2
3942; 1
3947; 2
3994; 1
4000; 2
4008; 1
4013; 2
4008; 1
4013; 2
4015; 1
4020; 2
4026; 1
4032; 2
4058; 1
4064; 2
4063; 1
4067; 2
4077; 1
4083; 2
4090; 1
4096; 2
4104; 1
4109; 2
4115; 1
4119; 2
4137; 1
4143; 2
4148; 1
4152; 2
4188; 1
4193; 2
4207; 1
4212; 2
4219; 1
4225; 2
4228; 1
4233; 2
4237; 1
4242; 2
4240; 1
4245; 2
4265; 1
4270; 2
4325; 1
4330; 2
4350; 1
4357; 2
4377; 1
4382; 2
4430; 1
4435; 2
4436; 1
4443; 2
4438; 1
4444; 2
4439; 1
4444; 2
4440; 1
4445; 2
4446; 1
4451; 2
4454; 1
4461; 2
4466; 1
4475; 2
4480; 1
4486; 2
4497; 1
4501; 2
4512; 1
4520; 2
4513; 1
4519; 2
4519; 1
4524; 2
4552; 1
4557; 2
4557; 1
4565; 2
4589; 1
4595; 2
4590; 1
4595; 2
4623; 1
4629; 2
4662; 1
4667; 2
4671; 1
4676; 2
4759; 1
4763; 2
4761; 1
4766; 2
4816; 1
4824; 2
4817; 1
4824; 2
4820; 1
4827; 2
4824; 1
4829; 2
4830; 1
4835; 2
4864; 1
4869; 2
4936; 1
4941; 2
4969; 1
4976; 2
5009; 1
5015; 2
5010; 1
5015; 2
5011; 1
5015; 2
5044; 1
5049; 2
5091; 1
5097; 2
5124; 1
5129; 2
5144; 1
5149; 2
5153; 1
5164; 2
5164; 1
5170; 2
5174; 1
5181; 2
5186; 1
5193; 2
5187; 1
5193; 2
5188; 1
5196; 2
5227; 1
5232; 2
5241; 1
5246; 2
5248; 1
5254; 2
5290; 1
5297; 2
5333; 1
5340; 2
5350; 1
5355; 2
5388; 1
5393; 2
5388; 1
5393; 2
5398; 1
5406; 2
5412; 1
5417; 2
5413; 1
5419; 2
5423; 1
5428; 2
5433; 1
5438; 2
5460; 1
5466; 2
5537; 1
5542; 2
5570; 1
5575; 2
5574; 1
5580; 2
5612; 1
5617; 2
5651; 1
5658; 2
5691; 1
5696; 2
5702; 1
5707; 2
5706; 1
5712; 2
5708; 1
5715; 2
5715; 1
5720; 2
5748; 1
5753; 2
5800; 1
5805; 2
5811; 1
5819; 2
5858; 1
5865; 2
5874; 1
5879; 2
5875; 1
5881; 2
5891; 1
5899; 2
5892; 1
5897; 2
5893; 1
5898; 2
5901; 1
5907; 2
5924; 1
5932; 2
6003; 1
6010; 2
6057; 1
6064; 2
6082; 1
6087; 2
6096; 1
6100; 2
6104; 1
6109; 2
6114; 1
6118; 2
6127; 1
6132; 2
6147; 1
6153; 2
6159; 1
6164; 2
6162; 1
6169; 2
6164; 1
6169; 2
6170; 1
6176; 2
6207; 1
6214; 2
6220; 1
6228; 2
6224; 1
6229; 2
6231; 1
6237; 2
6233; 1
6239; 2
6233; 1
6241; 2
6274; 1
6279; 2
6290; 1
6299; 2
6403; 1
6409; 2
6445; 1
6450; 2
6451; 1
6456; 2
6457; 1
6463; 2
6483; 1
6492; 2
6490; 1
6495; 2
6506; 1
6511; 2
6536; 1
6541; 2
6587; 1
6595; 2
6594; 1
6601; 2
6647; 1
6654; 2
6686; 1
6691; 2
6707; 1
6714; 2
6714; 1
6722; 2
6719; 1
6727; 2
6743; 1
6748; 2
6757; 1
6762; 2
6779; 1
6784; 2
6787; 1
6792; 2
6791; 1
6796; 2
6808; 1
6813; 2
6813; 1
6818; 2
6818; 1
6823; 2
6823; 1
6827; 2
6858; 1
6865; 2
6894; 1
6899; 2
6894; 1
6900; 2
6925; 1
6929; 2
6928; 1
6933; 2
6936; 1
6940; 2
6938; 1
6944; 2
6938; 1
6945; 2
6946; 1
6951; 2
6987; 1
6992; 2
6998; 1
7004; 2
7026; 1
7031; 2
7046; 1
7051; 2
7050; 1
7055; 2
7062; 1
7067; 2
7157; 1
7163; 2
7162; 1
7165; 2
7166; 1
7170; 2
7193; 1
7200; 2
7213; 1
7218; 2
7230; 1
7237; 2
7241; 1
7250; 2
7264; 1
7270; 2
7266; 1
7271; 2
7272; 1
7277; 2
7273; 1
7278; 2
7341; 1
7346; 2
7342; 1
7347; 2
7365; 1
7370; 2
7446; 1
7451; 2
7469; 1
7474; 2
7512; 1
7517; 2
7528; 1
7536; 2
7531; 1
7536; 2
7544; 1
7550; 2
7575; 1
7579; 2
7588; 1
7593; 2
7601; 1
7607; 2
7605; 1
7610; 2
7620; 1
7625; 2
7653; 1
7658; 2
7695; 1
7700; 2
7703; 1
7708; 2
7715; 1
7720; 2
7742; 1
7747; 2
7784; 1
7789; 2
7797; 1
7802; 2
7807; 1
7811; 2
7845; 1
7850; 2
7850; 1
7854; 2
7864; 1
7871; 2
7878; 1
7884; 2
7895; 1
7902; 2
7923; 1
7931; 2
7924; 1
7929; 2
7936; 1
7942; 2
7949; 1
7954; 2
7950; 1
7955; 2
7954; 1
7959; 2
8012; 1
8019; 2
8080; 1
8084; 2
8094; 1
8100; 2
8106; 1
8112; 2
8128; 1
8133; 2
8172; 1
8176; 2
8172; 1
8179; 2
8172; 1
8179; 2
8207; 1
8213; 2
8226; 1
8231; 2
8232; 1
8238; 2
8241; 1
8246; 2
8257; 1
8262; 2
8280; 1
8285; 2
8307; 1
8311; 2
8314; 1
8319; 2
8321; 1
8328; 2
8324; 1
8329; 2
8331; 1
8336; 2
8379; 1
8383; 2
8410; 1
8415; 2
8424; 1
8432; 2
8451; 1
8456; 2
8524; 1
8529; 2
8530; 1
8535; 2
8530; 1
8536; 2
8533; 1
8539; 2
8546; 1
8552; 2
8556; 1
8561; 2
8564; 1
8569; 2
8579; 1
8585; 2
8586; 1
8591; 2
8588; 1
8593; 2
8617; 1
8623; 2
8680; 1
8685; 2
8717; 1
8722; 2
8759; 1
8764; 2
8761; 1
8766; 2
8882; 1
8887; 2
8884; 1
8889; 2
8919; 1
8925; 2
8959; 1
8964; 2
8993; 1
8998; 2
8995; 1
9000; 2
9025; 1
9033; 2
9042; 1
9047; 2
9042; 1
9047; 2
9056; 1
9061; 2
9073; 1
9078; 2
9075; 1
9080; 2
9157; 1
9163; 2
9169; 1
9174; 2
9172; 1
9178; 2
9179; 1
9185; 2
9221; 1
9226; 2
9248; 1
9253; 2
9257; 1
9265; 2
9286; 1
9291; 2
9297; 1
9302; 2
9351; 1
9356; 2
9360; 1
9366; 2
9378; 1
9384; 2
9382; 1
9389; 2
9453; 1
9458; 2
9492; 1
9500; 2
9527; 1
9533; 2
9593; 1
9599; 2
9643; 1
9649; 2
9680; 1
9688; 2
9694; 1
9699; 2
9737; 1
9744; 2
9747; 1
9753; 2
9762; 1
9767; 2
9773; 1
9778; 2
9790; 1
9795; 2
9793; 1
9799; 2
9795; 1
9800; 2
9826; 1
9831; 2
9869; 1
9874; 2
9887; 1
9892; 2
9938; 1
9943; 2
9961; 1
9967; 2
9962; 1
9967; 2
