Sequence of timestamped events V1.0
Stream 8
Id =8
Name = Camera_8
Tbegin = 0
Tend = 10000
Count = 500
122; 1
128; 2
129; 1
134; 2
150; 1
155; 2
180; 1
187; 2
248; 1
253; 2
261; 1
266; 2
311; 1
318; 2
333; 1
341; 2
343; 1
347; 2
344; 1
349; 2
353; 1
358; 2
367; 1
371; 2
373; 1
378; 2
400; 1
407; 2
517; 1
524; 2
552; 1
557; 2
597; 1
602; 2
625; 1
634; 2
631; 1
636; 2
654; 1
661; 2
662; 1
668; 2
669; 1
673; 2
672; 1
678; 2
674; 1
680; 2
682; 1
688; 2
725; 1
730; 2
727; 1
733; 2
746; 1
752; 2
769; 1
774; 2
774; 1
780; 2
778; 1
783; 2
783; 1
789; 2
786; 1
791; 2
864; 1
869; 2
878; 1
883; 2
884; 1
892; 2
886; 1
893; 2
908; 1
916; 2
949; 1
955; 2
952; 1
957; 2
995; 1
1001; 2
1039; 1
1043; 2
1068; 1
1075; 2
1085; 1
1090; 2
1089; 1
1094; 2
1099; 1
1104; 2
1126; 1
1131; 2
1137; 1
1145; 2
1144; 1
1149; 2
1155; 1
1160; 2
1161; 1
1167; 2
1173; 1
1177; 2
1183; 1
1188; 2
1203; 1
1208; 2
1218; 1
1225; 2
1226; 1
1233; 2
1261; 1
1267; 2
1291; 1
1297; 2
1298; 1
1304; 2
1301; 1
1306; 2
1315; 1
1321; 2
1327; 1
1334; 2
1335; 1
1341; 2
1338; 1
1343; 2
1349; 1
1354; 2
1349; 1
1354; 2
1416; 1
1424; 2
1420; 1
1429; 2
1447; 1
1453; 2
1461; 1
1467; 2
1475; 1
1480; 2
1491; 1
1496; 2
1494; 1
1501; 2
1522; 1
1528; 2
1555; 1
1562; 2
1651; 1
1656; 2
1652; 1
1657; 2
1698; 1
1704; 2
1711; 1
1715; 2
1733; 1
1739; 2
1746; 1
1751; 2
1751; 1
1757; 2
1761; 1
1766; 2
1761; 1
1767; 2
1780; 1
1786; 2
1785; 1
1790; 2
1827; 1
1833; 2
1842; 1
1848; 2
1844; 1
1849; 2
1869; 1
1875; 2
1873; 1
1878; 2
1886; 1
1892; 2
1888; 1
1893; 2
1903; 1
1908; 2
1914; 1
1919; 2
1942; 1
1947; 2
1958; 1
1963; 2
1975; 1
1981; 2
1979; 1
1985; 2
1989; 1
1993; 2
1996; 1
2001; 2
2028; 1
2033; 2
2052; 1
2057; 2
2078; 1
2083; 2
2084; 1
2089; 2
2097; 1
2102; 2
2098; 1
2104; 2
2106; 1
2112; 2
2127; 1
2132; 2
2138; 1
2143; 2
2143; 1
2149; 2
2151; 1
2156; 2
2163; 1
2168; 2
2168; 1
2173; 2
2175; 1
2182; 2
2177; 1
2184; 2
2192; 1
2198; 2
2193; 1
2198; 2
2206; 1
2212; 2
2250; 1
2255; 2
2303; 1
2310; 2
2326; 1
2332; 2
2330; 1
2336; 2
2334; 1
2339; 2
2402; 1
2408; 2
2436; 1
2441; 2
2477; 1
2482; 2
2479; 1
2484; 2
2490; 1
2498; 2
2507; 1
2514; 2
2517; 1
2522; 2
2519; 1
2524; 2
2525; 1
2533; 2
2558; 1
2562; 2
2596; 1
2601; 2
2622; 1
2627; 2
2625; 1
2630; 2
2634; 1
2641; 2
2639; 1
2646; 2
2642; 1
2650; 2
2647; 1
2652; 2
2683; 1
2687; 2
2700; 1
2706; 2
2707; 1
2713; 2
2714; 1
2720; 2
2736; 1
2743; 2
2775; 1
2782; 2
2777; 1
2786; 2
2779; 1
2785; 2
2795; 1
2801; 2
2800; 1
2805; 2
2803; 1
2809; 2
2831; 1
2838; 2
2834; 1
2839; 2
2835; 1
2840; 2
2867; 1
2872; 2
2878; 1
2883; 2
2888; 1
2893; 2
2889; 1
2894; 2
2895; 1
2900; 2
2900; 1
2906; 2
2914; 1
2919; 2
2937; 1
2942; 2
2986; 1
2993; 2
3031; 1
3035; 2
3046; 1
3054; 2
3050; 1
3055; 2
3169; 1
3174; 2
3188; 1
3194; 2
3196; 1
3200; 2
3199; 1
3204; 2
3266; 1
3275; 2
3278; 1
3282; 2
3299; 1
3304; 2
3323; 1
3329; 2
3345; 1
3351; 2
3346; 1
3354; 2
3378; 1
3384; 2
3387; 1
3392; 2
3426; 1
3431; 2
3445; 1
3451; 2
3446; 1
3452; 2
3463; 1
3467; 2
3505; 1
3509; 2
3512; 1
3518; 2
3516; 1
3523; 2
3516; 1
3524; 2
3538; 1
3546; 2
3545; 1
3551; 2
3552; 1
3558; 2
3553; 1
3557; 2
3563; 1
3570; 2
3571; 1
3577; 2
3597; 1
3605; 2
3646; 1
3650; 2
3656; 1
3662; 2
3661; 1
3667; 2
3684; 1
3690; 2
3695; 1
3700; 2
3713; 1
3718; 2
3816; 1
3821; 2
3871; 1
3876; 2
3894; 1
3898; 2
3902; 1
3907; 2
3919; 1
3923; 2
3920; 1
3924; 2
3939; 1
3944; 2
3965; 1
3970; 2
3982; 1
3987; 2
3983; 1
3988; 2
3995; 1
4000; 2
4022; 1
4029; 2
4033; 1
4038; 2
4091; 1
4096; 2
4092; 1
4096; 2
4096; 1
4102; 2
4099; 1
4104; 2
4128; 1
4132; 2
4128; 1
4134; 2
4160; 1
4166; 2
4179; 1
4185; 2
4184; 1
4189; 2
4192; 1
4198; 2
4195; 1
4200; 2
4217; 1
4222; 2
4239; 1
4245; 2
4271; 1
4276; 2
4284; 1
4288; 2
4311; 1
4316; 2
4314; 1
4318; 2
4321; 1
4327; 2
4323; 1
4328; 2
4348; 1
4353; 2
4416; 1
4421; 2
4460; 1
4465; 2
4464; 1
4471; 2
4513; 1
4518; 2
4516; 1
4520; 2
4531; 1
4536; 2
4537; 1
4542; 2
4540; 1
4546; 2
4550; 1
4557; 2
4562; 1
4566; 2
4568; 1
4575; 2
4582; 1
4588; 2
4596; 1
4600; 2
4615; 1
4621; 2
4617; 1
4626; 2
4629; 1
4633; 2
4642; 1
4650; 2
4667; 1
4671; 2
4687; 1
4695; 2
4691; 1
4697; 2
4725; 1
4731; 2
4753; 1
4758; 2
4762; 1
4767; 2
4828; 1
4833; 2
4852; 1
4857; 2
4907; 1
4912; 2
4921; 1
4926; 2
4931; 1
4938; 2
4934; 1
4941; 2
4946; 1
4954; 2
4947; 1
4952; 2
5027; 1
5032; 2
5080; 1
5085; 2
5083; 1
5090; 2
5101; 1
5106; 2
5111; 1
5117; 2
5135; 1
5140; 2
5193; 1
5199; 2
5215; 1
5220; 2
5221; 1
5225; 2
5266; 1
5272; 2
5288; 1
5295; 2
5289; 1
5295; 2
5300; 1
5307; 2
5304; 1
5308; 2
5318; 1
5322; 2
5318; 1
5326; 2
5334; 1
5345; 2
5350; 1
5356; 2
5404; 1
5411; 2
5441; 1
5446; 2
5447; 1
5454; 2
5465; 1
5469; 2
5479; 1
5484; 2
5503; 1
5508; 2
5514; 1
5519; 2
5515; 1
5521; 2
5524; 1
5529; 2
5528; 1
5536; 2
5562; 1
5568; 2
5628; 1
5633; 2
5653; 1
5658; 2
5676; 1
5682; 2
5695; 1
5700; 2
5765; 1
5772; 2
5779; 1
5783; 2
5782; 1
5787; 2
5806; 1
5811; 2
5808; 1
5814; 2
5822; 1
5829; 2
5839; 1
5844; 2
5891; 1
5896; 2
5941; 1
5949; 2
5965; 1
5970; 2
5972; 1
5979; 2
5977; 1
5983; 2
5983; 1
5988; 2
5984; 1
5989; 2
6003; 1
6009; 2
6021; 1
6029; 2
6054; 1
6062; 2
6117; 1
6124; 2
6165; 1
6170; 2
6165; 1
6170; 2
6171; 1
6178; 2
6183; 1
6188; 2
6195; 1
6200; 2
6210; 1
6215; 2
6242; 1
6247; 2
6249; 1
6255; 2
6255; 1
6260; 2
6272; 1
6278; 2
6276; 1
6283; 2
6315; 1
6320; 2
6321; 1
6328; 2
6333; 1
6339; 2
6335; 1
6341; 2
6350; 1
6358; 2
6363; 1
6371; 2
6365; 1
6370; 2
6441; 1
6450; 2
6505; 1
6511; 2
6536; 1
6541; 2
6542; 1
6547; 2
6559; 1
6565; 2
6581; 1
6586; 2
6589; 1
6594; 2
6619; 1
6624; 2
6634; 1
6643; 2
6708; 1
6715; 2
6717; 1
6725; 2
6761; 1
6768; 2
6769; 1
6774; 2
6821; 1
6828; 2
6826; 1
6831; 2
6844; 1
6852; 2
6848; 1
6853; 2
6849; 1
6857; 2
6868; 1
6872; 2
6870; 1
6875; 2
6878; 1
6883; 2
6888; 1
6892; 2
6891; 1
6896; 2
6901; 1
6906; 2
6904; 1
6909; 2
6972; 1
6979; 2
6977; 1
6982; 2
6994; 1
6999; 2
6996; 1
7002; 2
7005; 1
7009; 2
7005; 1
7010; 2
7037; 1
7042; 2
7040; 1
7046; 2
7052; 1
7059; 2
7070; 1
7075; 2
7100; 1
7106; 2
7117; 1
7122; 2
7123; 1
7127; 2
7127; 1
7131; 2
7145; 1
7150; 2
7223; 1
7226; 2
7235; 1
7240; 2
7259; 1
7265; 2
7290; 1
7294; 2
7307; 1
7314; 2
7344; 1
7351; 2
7355; 1
7360; 2
7357; 1
7362; 2
7364; 1
7369; 2
7366; 1
7372; 2
7392; 1
7401; 2
7425; 1
7430; 2
7432; 1
7437; 2
7456; 1
7461; 2
7529; 1
7534; 2
7546; 1
7550; 2
7595; 1
7600; 2
7614; 1
7619; 2
7644; 1
7649; 2
7646; 1
7652; 2
7658; 1
7666; 2
7665; 1
7669; 2
7696; 1
7701; 2
7703; 1
7709; 2
7711; 1
7716; 2
7736; 1
7741; 2
7780; 1
7784; 2
7786; 1
7791; 2
7806; 1
7811; 2
7819; 1
7823; 2
7861; 1
7865; 2
7876; 1
7881; 2
7888; 1
7893; 2
7919; 1
7924; 2
7936; 1
7941; 2
7978; 1
7985; 2
7980; 1
7986; 2
8009; 1
8016; 2
8015; 1
8020; 2
8031; 1
8035; 2
8032; 1
8037; 2
8038; 1
8044; 2
8041; 1
8046; 2
8053; 1
8061; 2
8126; 1
8133; 2
8149; 1
8154; 2
8196; 1
8202; 2
8205; 1
8209; 2
8208; 1
8214; 2
8237; 1
8241; 2
8286; 1
8293; 2
8286; 1
8293; 2
8309; 1
8315; 2
8317; 1
8322; 2
8332; 1
8337; 2
8334; 1
8340; 2
8348; 1
8353; 2
8371; 1
8376; 2
8372; 1
8376; 2
8397; 1
8402; 2
8407; 1
8412; 2
8422; 1
8427; 2
8435; 1
8442; 2
8448; 1
8453; 2
8501; 1
8506; 2
8528; 1
8532; 2
8554; 1
8562; 2
8615; 1
8620; 2
8621; 1
8626; 2
8632; 1
8638; 2
8635; 1
8641; 2
8647; 1
8652; 2
8648; 1
8654; 2
8655; 1
8660; 2
8669; 1
8674; 2
8671; 1
8676; 2
8681; 1
8687; 2
8719; 1
8725; 2
8763; 1
8768; 2
8794; 1
8798; 2
8836; 1
8840; 2
8838; 1
8842; 2
8965; 1
8970; 2
8975; 1
8980; 2
9021; 1
9027; 2
9050; 1
9055; 2
9078; 1
9083; 2
9084; 1
9089; 2
9133; 1
9138; 2
9133; 1
9138; 2
9139; 1
9144; 2
9155; 1
9163; 2
9158; 1
9163; 2
9164; 1
9169; 2
9246; 1
9250; 2
9259; 1
9265; 2
9274; 1
9280; 2
9281; 1
9287; 2
9304; 1
9309; 2
9325; 1
9329; 2
9369; 1
9374; 2
9387; 1
9395; 2
9388; 1
9393; 2
9442; 1
9447; 2
9462; 1
9468; 2
9480; 1
9486; 2
9496; 1
9503; 2
9536; 1
9541; 2
9622; 1
9630; 2
9629; 1
9635; 2
9695; 1
9701; 2
9745; 1
9751; 2
9785; 1
9790; 2
9810; 1
9818; 2
9839; 1
9843; 2
9849; 1
9855; 2
9851; 1
9858; 2
9864; 1
9869; 2
9872; 1
9876; 2
9873; 1
9878; 2
9895; 1
9901; 2
9909; 1
9914; 2
9952; 1
9957; 2
9970; 1
9975; 2
10015; 1
10019; 2
10053; 1
10058; 2
10063; 1
10069; 2
