Sequence of timestamped events V1.0
Stream 5
Id =5
Name = Camera_5
Tbegin = 0
Tend = 10000
Count = 500
85; 1
91; 2
104; 1
108; 2
116; 1
122; 2
138; 1
145; 2
214; 1
220; 2
230; 1
235; 2
269; 1
276; 2
285; 1
293; 2
313; 1
318; 2
315; 1
319; 2
322; 1
327; 2
339; 1
343; 2
339; 1
345; 2
358; 1
365; 2
475; 1
482; 2
518; 1
524; 2
566; 1
571; 2
569; 1
578; 2
600; 1
605; 2
612; 1
619; 2
625; 1
631; 2
635; 1
641; 2
637; 1
643; 2
641; 1
645; 2
645; 1
651; 2
690; 1
696; 2
694; 1
699; 2
709; 1
715; 2
737; 1
743; 2
744; 1
748; 2
746; 1
752; 2
747; 1
752; 2
755; 1
760; 2
836; 1
844; 2
839; 1
843; 2
844; 1
850; 2
844; 1
851; 2
860; 1
868; 2
912; 1
918; 2
927; 1
931; 2
958; 1
964; 2
1011; 1
1015; 2
1026; 1
1033; 2
1054; 1
1059; 2
1058; 1
1063; 2
1065; 1
1071; 2
1089; 1
1097; 2
1095; 1
1100; 2
1110; 1
1116; 2
1121; 1
1127; 2
1124; 1
1130; 2
1145; 1
1149; 2
1149; 1
1155; 2
1172; 1
1177; 2
1176; 1
1183; 2
1184; 1
1191; 2
1224; 1
1230; 2
1254; 1
1260; 2
1261; 1
1267; 2
1270; 1
1275; 2
1278; 1
1284; 2
1285; 1
1292; 2
1298; 1
1304; 2
1304; 1
1310; 2
1318; 1
1323; 2
1318; 1
1323; 2
1364; 1
1373; 2
1368; 1
1376; 2
1410; 1
1416; 2
1424; 1
1430; 2
1444; 1
1449; 2
1452; 1
1459; 2
1460; 1
1465; 2
1485; 1
1491; 2
1513; 1
1520; 2
1617; 1
1623; 2
1618; 1
1624; 2
1661; 1
1667; 2
1683; 1
1687; 2
1696; 1
1702; 2
1712; 1
1718; 2
1714; 1
1720; 2
1724; 1
1730; 2
1730; 1
1735; 2
1743; 1
1749; 2
1754; 1
1759; 2
1790; 1
1796; 2
1805; 1
1811; 2
1813; 1
1818; 2
1832; 1
1838; 2
1839; 1
1845; 2
1849; 1
1855; 2
1857; 1
1862; 2
1878; 1
1882; 2
1889; 1
1893; 2
1908; 1
1914; 2
1924; 1
1930; 2
1938; 1
1944; 2
1942; 1
1948; 2
1961; 1
1965; 2
1971; 1
1975; 2
1994; 1
2000; 2
2018; 1
2024; 2
2053; 1
2057; 2
2053; 1
2058; 2
2061; 1
2067; 2
2066; 1
2071; 2
2069; 1
2075; 2
2093; 1
2099; 2
2106; 1
2112; 2
2107; 1
2112; 2
2120; 1
2125; 2
2129; 1
2135; 2
2133; 1
2140; 2
2134; 1
2140; 2
2135; 1
2142; 2
2155; 1
2161; 2
2159; 1
2165; 2
2169; 1
2175; 2
2216; 1
2222; 2
2261; 1
2268; 2
2289; 1
2295; 2
2293; 1
2299; 2
2300; 1
2306; 2
2365; 1
2371; 2
2405; 1
2410; 2
2442; 1
2450; 2
2446; 1
2451; 2
2454; 1
2458; 2
2465; 1
2472; 2
2477; 1
2485; 2
2485; 1
2491; 2
2486; 1
2491; 2
2530; 1
2534; 2
2562; 1
2568; 2
2588; 1
2594; 2
2592; 1
2599; 2
2594; 1
2599; 2
2594; 1
2602; 2
2597; 1
2604; 2
2613; 1
2619; 2
2655; 1
2659; 2
2663; 1
2669; 2
2670; 1
2676; 2
2677; 1
2683; 2
2694; 1
2701; 2
2721; 1
2730; 2
2733; 1
2740; 2
2742; 1
2748; 2
2758; 1
2764; 2
2766; 1
2772; 2
2775; 1
2779; 2
2789; 1
2796; 2
2800; 1
2806; 2
2801; 1
2807; 2
2836; 1
2841; 2
2844; 1
2850; 2
2854; 1
2860; 2
2858; 1
2863; 2
2861; 1
2867; 2
2863; 1
2869; 2
2883; 1
2888; 2
2906; 1
2911; 2
2944; 1
2951; 2
2998; 1
3006; 2
3003; 1
3007; 2
3016; 1
3022; 2
3135; 1
3141; 2
3151; 1
3157; 2
3165; 1
3171; 2
3172; 1
3176; 2
3210; 1
3219; 2
3250; 1
3254; 2
3268; 1
3273; 2
3286; 1
3292; 2
3298; 1
3306; 2
3308; 1
3314; 2
3341; 1
3347; 2
3356; 1
3361; 2
3401; 1
3405; 2
3408; 1
3414; 2
3409; 1
3415; 2
3439; 1
3443; 2
3468; 1
3476; 2
3474; 1
3481; 2
3475; 1
3481; 2
3477; 1
3481; 2
3490; 1
3498; 2
3508; 1
3514; 2
3515; 1
3521; 2
3521; 1
3528; 2
3525; 1
3529; 2
3534; 1
3540; 2
3549; 1
3557; 2
3618; 1
3622; 2
3619; 1
3625; 2
3624; 1
3630; 2
3647; 1
3653; 2
3661; 1
3667; 2
3682; 1
3687; 2
3782; 1
3788; 2
3840; 1
3845; 2
3866; 1
3870; 2
3868; 1
3874; 2
3891; 1
3895; 2
3892; 1
3896; 2
3908; 1
3913; 2
3931; 1
3937; 2
3948; 1
3954; 2
3949; 1
3955; 2
3961; 1
3967; 2
3980; 1
3987; 2
3999; 1
4005; 2
4059; 1
4065; 2
4060; 1
4065; 2
4064; 1
4068; 2
4065; 1
4071; 2
4091; 1
4097; 2
4104; 1
4108; 2
4123; 1
4129; 2
4142; 1
4148; 2
4155; 1
4161; 2
4159; 1
4163; 2
4161; 1
4167; 2
4192; 1
4196; 2
4202; 1
4208; 2
4240; 1
4245; 2
4256; 1
4260; 2
4280; 1
4285; 2
4284; 1
4290; 2
4286; 1
4290; 2
4292; 1
4297; 2
4317; 1
4322; 2
4382; 1
4388; 2
4422; 1
4429; 2
4429; 1
4434; 2
4482; 1
4487; 2
4488; 1
4492; 2
4497; 1
4503; 2
4503; 1
4509; 2
4503; 1
4509; 2
4508; 1
4515; 2
4526; 1
4533; 2
4538; 1
4542; 2
4545; 1
4551; 2
4561; 1
4570; 2
4568; 1
4572; 2
4578; 1
4584; 2
4594; 1
4602; 2
4601; 1
4605; 2
4639; 1
4643; 2
4639; 1
4647; 2
4654; 1
4660; 2
4688; 1
4694; 2
4719; 1
4725; 2
4728; 1
4734; 2
4803; 1
4807; 2
4818; 1
4824; 2
4876; 1
4881; 2
4887; 1
4893; 2
4889; 1
4896; 2
4892; 1
4899; 2
4898; 1
4906; 2
4916; 1
4921; 2
4993; 1
4999; 2
5041; 1
5048; 2
5055; 1
5059; 2
5067; 1
5073; 2
5074; 1
5080; 2
5101; 1
5107; 2
5156; 1
5162; 2
5181; 1
5187; 2
5193; 1
5197; 2
5229; 1
5235; 2
5246; 1
5253; 2
5252; 1
5258; 2
5258; 1
5265; 2
5267; 1
5278; 2
5270; 1
5278; 2
5276; 1
5280; 2
5290; 1
5294; 2
5313; 1
5319; 2
5362; 1
5369; 2
5405; 1
5412; 2
5407; 1
5413; 2
5437; 1
5441; 2
5445; 1
5451; 2
5469; 1
5475; 2
5478; 1
5484; 2
5480; 1
5486; 2
5480; 1
5488; 2
5490; 1
5496; 2
5525; 1
5531; 2
5594; 1
5600; 2
5622; 1
5627; 2
5639; 1
5645; 2
5664; 1
5669; 2
5723; 1
5730; 2
5748; 1
5754; 2
5751; 1
5755; 2
5771; 1
5777; 2
5772; 1
5778; 2
5780; 1
5787; 2
5805; 1
5811; 2
5857; 1
5863; 2
5893; 1
5901; 2
5930; 1
5937; 2
5931; 1
5937; 2
5940; 1
5946; 2
5949; 1
5955; 2
5950; 1
5956; 2
5966; 1
5972; 2
5973; 1
5981; 2
6006; 1
6014; 2
6075; 1
6082; 2
6129; 1
6136; 2
6134; 1
6139; 2
6140; 1
6144; 2
6158; 1
6162; 2
6161; 1
6167; 2
6179; 1
6184; 2
6211; 1
6216; 2
6212; 1
6218; 2
6221; 1
6227; 2
6234; 1
6241; 2
6235; 1
6241; 2
6279; 1
6286; 2
6281; 1
6287; 2
6296; 1
6302; 2
6298; 1
6304; 2
6302; 1
6310; 2
6315; 1
6323; 2
6331; 1
6337; 2
6385; 1
6394; 2
6468; 1
6474; 2
6502; 1
6508; 2
6508; 1
6514; 2
6522; 1
6528; 2
6547; 1
6553; 2
6558; 1
6563; 2
6578; 1
6587; 2
6588; 1
6593; 2
6666; 1
6673; 2
6669; 1
6677; 2
6719; 1
6726; 2
6738; 1
6743; 2
6779; 1
6786; 2
6795; 1
6800; 2
6796; 1
6804; 2
6801; 1
6809; 2
6814; 1
6820; 2
6836; 1
6842; 2
6840; 1
6844; 2
6844; 1
6850; 2
6860; 1
6865; 2
6864; 1
6868; 2
6870; 1
6875; 2
6870; 1
6876; 2
6930; 1
6937; 2
6946; 1
6951; 2
6959; 1
6965; 2
6969; 1
6973; 2
6977; 1
6981; 2
6980; 1
6984; 2
7003; 1
7009; 2
7003; 1
7009; 2
7010; 1
7017; 2
7039; 1
7044; 2
7063; 1
7069; 2
7083; 1
7089; 2
7095; 1
7099; 2
7099; 1
7103; 2
7114; 1
7119; 2
7200; 1
7204; 2
7210; 1
7214; 2
7222; 1
7228; 2
7262; 1
7266; 2
7265; 1
7272; 2
7302; 1
7309; 2
7323; 1
7329; 2
7324; 1
7329; 2
7329; 1
7335; 2
7330; 1
7336; 2
7336; 1
7345; 2
7394; 1
7399; 2
7398; 1
7404; 2
7422; 1
7428; 2
7498; 1
7503; 2
7518; 1
7522; 2
7564; 1
7569; 2
7583; 1
7588; 2
7609; 1
7615; 2
7610; 1
7618; 2
7619; 1
7623; 2
7637; 1
7641; 2
7662; 1
7668; 2
7666; 1
7672; 2
7677; 1
7683; 2
7705; 1
7710; 2
7752; 1
7756; 2
7752; 1
7758; 2
7772; 1
7778; 2
7791; 1
7795; 2
7833; 1
7837; 2
7851; 1
7855; 2
7854; 1
7860; 2
7894; 1
7898; 2
7902; 1
7908; 2
7936; 1
7943; 2
7943; 1
7949; 2
7967; 1
7974; 2
7981; 1
7987; 2
8001; 1
8006; 2
8001; 1
8007; 2
8003; 1
8007; 2
8005; 1
8013; 2
8007; 1
8013; 2
8084; 1
8091; 2
8124; 1
8128; 2
8159; 1
8165; 2
8171; 1
8177; 2
8177; 1
8181; 2
8213; 1
8217; 2
8244; 1
8251; 2
8244; 1
8251; 2
8272; 1
8278; 2
8283; 1
8289; 2
8297; 1
8303; 2
8298; 1
8304; 2
8314; 1
8320; 2
8337; 1
8343; 2
8348; 1
8352; 2
8366; 1
8371; 2
8376; 1
8381; 2
8388; 1
8394; 2
8393; 1
8400; 2
8423; 1
8427; 2
8467; 1
8473; 2
8500; 1
8504; 2
8506; 1
8514; 2
8581; 1
8587; 2
8587; 1
8593; 2
8595; 1
8601; 2
8598; 1
8604; 2
8611; 1
8617; 2
8613; 1
8619; 2
8621; 1
8627; 2
8638; 1
8643; 2
8640; 1
8645; 2
8644; 1
8650; 2
8682; 1
8688; 2
8732; 1
8737; 2
8766; 1
8770; 2
8808; 1
8812; 2
8810; 1
8814; 2
8934; 1
8939; 2
8941; 1
8947; 2
8984; 1
8990; 2
9016; 1
9022; 2
9047; 1
9052; 2
9050; 1
9056; 2
9099; 1
9105; 2
9099; 1
9105; 2
9107; 1
9115; 2
9108; 1
9113; 2
9127; 1
9132; 2
9130; 1
9136; 2
9218; 1
9222; 2
9222; 1
9228; 2
9237; 1
9243; 2
9244; 1
9250; 2
9273; 1
9278; 2
9297; 1
9301; 2
9338; 1
9343; 2
9339; 1
9347; 2
9354; 1
9360; 2
9408; 1
9414; 2
9425; 1
9431; 2
9443; 1
9449; 2
9454; 1
9461; 2
9505; 1
9510; 2
9574; 1
9582; 2
9592; 1
9598; 2
9658; 1
9664; 2
9708; 1
9714; 2
9751; 1
9757; 2
9762; 1
9770; 2
9809; 1
9816; 2
9811; 1
9815; 2
9812; 1
9818; 2
9830; 1
9836; 2
9842; 1
9847; 2
9844; 1
9848; 2
9858; 1
9864; 2
9878; 1
9883; 2
9921; 1
9926; 2
9939; 1
9944; 2
9987; 1
9991; 2
10019; 1
10025; 2
10026; 1
10032; 2
