Sequence of timestamped events V1.0
Stream 5
Id =5
Name = Camera_5
Tbegin = 0
Tend = 10000
Count = 500
100; 1
104; 2
113; 1
120; 2
147; 1
153; 2
192; 1
197; 2
235; 1
241; 2
254; 1
258; 2
306; 1
312; 2
309; 1
315; 2
330; 1
336; 2
333; 1
339; 2
358; 1
364; 2
369; 1
373; 2
425; 1
432; 2
439; 1
445; 2
441; 1
448; 2
453; 1
460; 2
477; 1
483; 2
498; 1
504; 2
533; 1
539; 2
593; 1
599; 2
597; 1
601; 2
598; 1
604; 2
615; 1
621; 2
626; 1
632; 2
662; 1
666; 2
662; 1
668; 2
677; 1
683; 2
681; 1
685; 2
681; 1
690; 2
719; 1
723; 2
770; 1
774; 2
788; 1
792; 2
835; 1
841; 2
836; 1
842; 2
865; 1
874; 2
895; 1
901; 2
908; 1
914; 2
934; 1
940; 2
991; 1
998; 2
994; 1
1000; 2
995; 1
1001; 2
998; 1
1005; 2
1022; 1
1027; 2
1031; 1
1036; 2
1036; 1
1044; 2
1052; 1
1056; 2
1093; 1
1099; 2
1101; 1
1106; 2
1122; 1
1127; 2
1122; 1
1130; 2
1128; 1
1134; 2
1133; 1
1137; 2
1153; 1
1157; 2
1173; 1
1179; 2
1188; 1
1194; 2
1194; 1
1198; 2
1196; 1
1202; 2
1215; 1
1222; 2
1222; 1
1228; 2
1243; 1
1252; 2
1253; 1
1259; 2
1257; 1
1261; 2
1263; 1
1269; 2
1280; 1
1284; 2
1283; 1
1287; 2
1287; 1
1293; 2
1289; 1
1295; 2
1306; 1
1311; 2
1322; 1
1326; 2
1349; 1
1357; 2
1390; 1
1396; 2
1400; 1
1405; 2
1401; 1
1407; 2
1409; 1
1415; 2
1424; 1
1431; 2
1429; 1
1433; 2
1464; 1
1470; 2
1468; 1
1474; 2
1508; 1
1514; 2
1556; 1
1562; 2
1601; 1
1607; 2
1607; 1
1614; 2
1610; 1
1616; 2
1616; 1
1620; 2
1616; 1
1620; 2
1631; 1
1637; 2
1646; 1
1652; 2
1653; 1
1657; 2
1660; 1
1665; 2
1672; 1
1678; 2
1673; 1
1679; 2
1689; 1
1693; 2
1765; 1
1770; 2
1803; 1
1809; 2
1843; 1
1848; 2
1859; 1
1865; 2
1867; 1
1873; 2
1876; 1
1883; 2
1879; 1
1885; 2
1881; 1
1887; 2
1893; 1
1899; 2
1919; 1
1923; 2
1921; 1
1926; 2
1928; 1
1936; 2
1967; 1
1976; 2
1989; 1
1995; 2
2006; 1
2014; 2
2019; 1
2026; 2
2048; 1
2052; 2
2054; 1
2063; 2
2087; 1
2091; 2
2105; 1
2111; 2
2119; 1
2124; 2
2130; 1
2135; 2
2135; 1
2142; 2
2143; 1
2149; 2
2198; 1
2204; 2
2201; 1
2207; 2
2308; 1
2314; 2
2328; 1
2333; 2
2328; 1
2334; 2
2344; 1
2349; 2
2365; 1
2371; 2
2368; 1
2373; 2
2391; 1
2395; 2
2391; 1
2397; 2
2404; 1
2410; 2
2410; 1
2414; 2
2427; 1
2434; 2
2441; 1
2446; 2
2441; 1
2447; 2
2455; 1
2462; 2
2482; 1
2489; 2
2492; 1
2498; 2
2519; 1
2523; 2
2524; 1
2530; 2
2557; 1
2563; 2
2576; 1
2580; 2
2591; 1
2597; 2
2606; 1
2612; 2
2620; 1
2624; 2
2632; 1
2640; 2
2637; 1
2643; 2
2645; 1
2652; 2
2667; 1
2673; 2
2669; 1
2675; 2
2695; 1
2701; 2
2696; 1
2701; 2
2702; 1
2706; 2
2706; 1
2712; 2
2746; 1
2750; 2
2750; 1
2754; 2
2751; 1
2757; 2
2756; 1
2762; 2
2769; 1
2775; 2
2779; 1
2785; 2
2797; 1
2802; 2
2805; 1
2810; 2
2814; 1
2818; 2
2828; 1
2833; 2
2832; 1
2837; 2
2840; 1
2846; 2
2901; 1
2909; 2
2917; 1
2923; 2
2917; 1
2923; 2
2922; 1
2929; 2
2997; 1
3003; 2
2997; 1
3004; 2
3011; 1
3017; 2
3045; 1
3051; 2
3116; 1
3120; 2
3117; 1
3124; 2
3131; 1
3136; 2
3164; 1
3168; 2
3186; 1
3193; 2
3196; 1
3201; 2
3200; 1
3205; 2
3213; 1
3218; 2
3263; 1
3269; 2
3299; 1
3305; 2
3310; 1
3315; 2
3349; 1
3356; 2
3375; 1
3381; 2
3450; 1
3455; 2
3452; 1
3456; 2
3455; 1
3461; 2
3509; 1
3516; 2
3522; 1
3528; 2
3529; 1
3534; 2
3543; 1
3551; 2
3546; 1
3554; 2
3588; 1
3593; 2
3591; 1
3597; 2
3596; 1
3602; 2
3604; 1
3610; 2
3653; 1
3659; 2
3689; 1
3694; 2
3748; 1
3752; 2
3775; 1
3783; 2
3786; 1
3791; 2
3795; 1
3799; 2
3816; 1
3821; 2
3840; 1
3846; 2
3845; 1
3851; 2
3847; 1
3854; 2
3865; 1
3869; 2
3876; 1
3882; 2
3878; 1
3885; 2
3921; 1
3926; 2
3973; 1
3979; 2
3979; 1
3986; 2
4038; 1
4044; 2
4047; 1
4053; 2
4065; 1
4074; 2
4082; 1
4087; 2
4091; 1
4100; 2
4118; 1
4124; 2
4128; 1
4132; 2
4173; 1
4181; 2
4174; 1
4180; 2
4178; 1
4183; 2
4184; 1
4190; 2
4219; 1
4228; 2
4243; 1
4249; 2
4255; 1
4266; 2
4260; 1
4264; 2
4275; 1
4282; 2
4382; 1
4389; 2
4384; 1
4388; 2
4387; 1
4393; 2
4388; 1
4393; 2
4442; 1
4449; 2
4473; 1
4479; 2
4482; 1
4489; 2
4497; 1
4503; 2
4518; 1
4523; 2
4522; 1
4527; 2
4530; 1
4536; 2
4534; 1
4539; 2
4541; 1
4550; 2
4543; 1
4547; 2
4544; 1
4548; 2
4597; 1
4604; 2
4660; 1
4666; 2
4693; 1
4699; 2
4724; 1
4732; 2
4820; 1
4827; 2
4842; 1
4848; 2
4886; 1
4891; 2
4941; 1
4947; 2
4995; 1
5002; 2
4996; 1
5003; 2
5019; 1
5025; 2
5032; 1
5036; 2
5078; 1
5082; 2
5083; 1
5089; 2
5101; 1
5108; 2
5114; 1
5119; 2
5140; 1
5144; 2
5141; 1
5146; 2
5171; 1
5177; 2
5206; 1
5213; 2
5219; 1
5225; 2
5225; 1
5231; 2
5227; 1
5233; 2
5229; 1
5235; 2
5235; 1
5241; 2
5269; 1
5275; 2
5287; 1
5292; 2
5295; 1
5301; 2
5299; 1
5304; 2
5309; 1
5315; 2
5366; 1
5374; 2
5373; 1
5379; 2
5375; 1
5379; 2
5388; 1
5394; 2
5391; 1
5397; 2
5425; 1
5431; 2
5435; 1
5442; 2
5458; 1
5464; 2
5469; 1
5477; 2
5544; 1
5550; 2
5551; 1
5556; 2
5583; 1
5588; 2
5632; 1
5638; 2
5652; 1
5658; 2
5654; 1
5660; 2
5689; 1
5695; 2
5702; 1
5710; 2
5744; 1
5748; 2
5748; 1
5752; 2
5767; 1
5773; 2
5773; 1
5778; 2
5776; 1
5780; 2
5809; 1
5813; 2
5811; 1
5817; 2
5835; 1
5840; 2
5863; 1
5872; 2
5870; 1
5878; 2
5899; 1
5903; 2
5907; 1
5912; 2
5929; 1
5934; 2
5937; 1
5943; 2
5956; 1
5964; 2
5980; 1
5985; 2
6023; 1
6029; 2
6068; 1
6073; 2
6078; 1
6084; 2
6096; 1
6101; 2
6131; 1
6136; 2
6155; 1
6161; 2
6160; 1
6166; 2
6219; 1
6223; 2
6230; 1
6237; 2
6275; 1
6283; 2
6279; 1
6284; 2
6304; 1
6310; 2
6330; 1
6336; 2
6335; 1
6341; 2
6337; 1
6343; 2
6363; 1
6371; 2
6409; 1
6414; 2
6416; 1
6420; 2
6416; 1
6422; 2
6432; 1
6437; 2
6446; 1
6452; 2
6448; 1
6454; 2
6463; 1
6469; 2
6497; 1
6501; 2
6509; 1
6513; 2
6510; 1
6517; 2
6526; 1
6531; 2
6527; 1
6533; 2
6568; 1
6575; 2
6585; 1
6594; 2
6595; 1
6603; 2
6598; 1
6604; 2
6600; 1
6605; 2
6606; 1
6610; 2
6635; 1
6641; 2
6665; 1
6671; 2
6671; 1
6678; 2
6678; 1
6683; 2
6691; 1
6696; 2
6733; 1
6741; 2
6745; 1
6752; 2
6751; 1
6755; 2
6775; 1
6780; 2
6783; 1
6788; 2
6791; 1
6795; 2
6792; 1
6801; 2
6822; 1
6829; 2
6848; 1
6854; 2
6851; 1
6855; 2
6919; 1
6923; 2
6923; 1
6930; 2
6930; 1
6936; 2
6963; 1
6969; 2
6980; 1
6984; 2
7010; 1
7017; 2
7023; 1
7031; 2
7037; 1
7044; 2
7093; 1
7099; 2
7105; 1
7111; 2
7132; 1
7138; 2
7179; 1
7183; 2
7179; 1
7187; 2
7219; 1
7225; 2
7243; 1
7249; 2
7270; 1
7275; 2
7320; 1
7325; 2
7323; 1
7329; 2
7329; 1
7333; 2
7334; 1
7341; 2
7334; 1
7345; 2
7335; 1
7341; 2
7339; 1
7345; 2
7346; 1
7353; 2
7348; 1
7355; 2
7358; 1
7364; 2
7374; 1
7380; 2
7381; 1
7385; 2
7423; 1
7429; 2
7443; 1
7448; 2
7461; 1
7467; 2
7624; 1
7630; 2
7624; 1
7630; 2
7656; 1
7662; 2
7710; 1
7716; 2
7770; 1
7776; 2
7792; 1
7801; 2
7839; 1
7845; 2
7881; 1
7887; 2
7896; 1
7900; 2
7902; 1
7906; 2
7905; 1
7910; 2
7920; 1
7924; 2
7929; 1
7933; 2
7964; 1
7970; 2
7975; 1
7980; 2
7986; 1
7990; 2
8003; 1
8008; 2
8062; 1
8066; 2
8062; 1
8068; 2
8070; 1
8075; 2
8095; 1
8104; 2
8120; 1
8124; 2
8144; 1
8150; 2
8151; 1
8155; 2
8177; 1
8184; 2
8179; 1
8186; 2
8195; 1
8202; 2
8197; 1
8201; 2
8208; 1
8214; 2
8217; 1
8223; 2
8236; 1
8240; 2
8312; 1
8318; 2
8344; 1
8350; 2
8353; 1
8361; 2
8372; 1
8381; 2
8374; 1
8378; 2
8380; 1
8384; 2
8392; 1
8398; 2
8408; 1
8413; 2
8410; 1
8416; 2
8450; 1
8458; 2
8477; 1
8481; 2
8524; 1
8530; 2
8584; 1
8589; 2
8591; 1
8597; 2
8609; 1
8614; 2
8671; 1
8677; 2
8679; 1
8685; 2
8693; 1
8699; 2
8702; 1
8706; 2
8714; 1
8720; 2
8719; 1
8727; 2
8722; 1
8727; 2
8728; 1
8734; 2
8730; 1
8738; 2
8780; 1
8789; 2
8797; 1
8802; 2
8840; 1
8846; 2
8844; 1
8848; 2
8870; 1
8876; 2
8900; 1
8906; 2
8902; 1
8907; 2
8928; 1
8932; 2
8949; 1
8955; 2
8987; 1
8991; 2
9005; 1
9009; 2
9013; 1
9018; 2
9047; 1
9054; 2
9093; 1
9099; 2
9108; 1
9117; 2
9127; 1
9133; 2
9162; 1
9168; 2
9168; 1
9173; 2
9190; 1
9196; 2
9201; 1
9207; 2
9208; 1
9214; 2
9222; 1
9228; 2
9281; 1
9288; 2
9293; 1
9299; 2
9304; 1
9309; 2
9382; 1
9388; 2
9382; 1
9388; 2
9419; 1
9425; 2
9494; 1
9499; 2
9494; 1
9500; 2
9524; 1
9533; 2
9533; 1
9539; 2
9542; 1
9549; 2
9560; 1
9567; 2
9561; 1
9567; 2
9583; 1
9589; 2
9588; 1
9594; 2
9624; 1
9631; 2
9644; 1
9651; 2
9646; 1
9652; 2
9661; 1
9667; 2
9678; 1
9684; 2
9729; 1
9733; 2
9752; 1
9757; 2
9756; 1
9763; 2
9763; 1
9769; 2
9789; 1
9793; 2
9794; 1
9799; 2
9809; 1
9813; 2
9830; 1
9835; 2
9836; 1
9842; 2
9883; 1
9887; 2
9906; 1
9913; 2
9954; 1
9958; 2
9955; 1
9962; 2
9958; 1
9963; 2
9984; 1
9991; 2
10026; 1
10032; 2
10051; 1
10056; 2
10054; 1
10060; 2
