Sequence of timestamped events V1.0
Stream 4
Id =4
Name = Camera_4
Tbegin = 0
Tend = 10000
Count = 500
88; 1
94; 2
97; 1
106; 2
134; 1
141; 2
181; 1
187; 2
220; 1
227; 2
242; 1
248; 2
291; 1
298; 2
296; 1
303; 2
317; 1
324; 2
320; 1
327; 2
345; 1
352; 2
359; 1
364; 2
409; 1
418; 2
424; 1
431; 2
425; 1
434; 2
437; 1
446; 2
462; 1
469; 2
483; 1
490; 2
520; 1
527; 2
578; 1
585; 2
583; 1
590; 2
588; 1
593; 2
602; 1
609; 2
611; 1
618; 2
649; 1
656; 2
650; 1
656; 2
660; 1
671; 2
664; 1
671; 2
672; 1
677; 2
709; 1
714; 2
758; 1
764; 2
776; 1
782; 2
821; 1
828; 2
822; 1
829; 2
844; 1
855; 2
882; 1
889; 2
895; 1
902; 2
919; 1
926; 2
975; 1
984; 2
981; 1
988; 2
982; 1
989; 2
982; 1
991; 2
1011; 1
1017; 2
1018; 1
1027; 2
1020; 1
1026; 2
1040; 1
1046; 2
1080; 1
1087; 2
1090; 1
1096; 2
1104; 1
1113; 2
1111; 1
1117; 2
1113; 1
1120; 2
1123; 1
1128; 2
1141; 1
1147; 2
1158; 1
1165; 2
1173; 1
1180; 2
1182; 1
1188; 2
1183; 1
1190; 2
1199; 1
1208; 2
1209; 1
1216; 2
1222; 1
1233; 2
1238; 1
1245; 2
1245; 1
1251; 2
1250; 1
1257; 2
1270; 1
1275; 2
1271; 1
1277; 2
1274; 1
1281; 2
1276; 1
1283; 2
1295; 1
1301; 2
1310; 1
1316; 2
1331; 1
1340; 2
1375; 1
1382; 2
1386; 1
1393; 2
1389; 1
1395; 2
1396; 1
1403; 2
1408; 1
1417; 2
1420; 1
1425; 2
1451; 1
1458; 2
1455; 1
1462; 2
1495; 1
1502; 2
1541; 1
1548; 2
1586; 1
1593; 2
1591; 1
1600; 2
1597; 1
1604; 2
1606; 1
1611; 2
1606; 1
1611; 2
1616; 1
1623; 2
1633; 1
1640; 2
1641; 1
1647; 2
1649; 1
1655; 2
1657; 1
1664; 2
1658; 1
1665; 2
1677; 1
1683; 2
1754; 1
1760; 2
1790; 1
1797; 2
1832; 1
1838; 2
1844; 1
1851; 2
1854; 1
1861; 2
1860; 1
1869; 2
1866; 1
1873; 2
1866; 1
1873; 2
1878; 1
1885; 2
1907; 1
1913; 2
1910; 1
1916; 2
1910; 1
1919; 2
1946; 1
1957; 2
1976; 1
1983; 2
1988; 1
1997; 2
2003; 1
2012; 2
2033; 1
2044; 2
2036; 1
2042; 2
2077; 1
2082; 2
2090; 1
2097; 2
2108; 1
2114; 2
2119; 1
2125; 2
2119; 1
2128; 2
2130; 1
2137; 2
2183; 1
2190; 2
2188; 1
2195; 2
2295; 1
2302; 2
2313; 1
2320; 2
2317; 1
2323; 2
2333; 1
2339; 2
2352; 1
2359; 2
2357; 1
2363; 2
2376; 1
2383; 2
2379; 1
2385; 2
2391; 1
2398; 2
2400; 1
2405; 2
2411; 1
2420; 2
2426; 1
2433; 2
2430; 1
2436; 2
2439; 1
2448; 2
2466; 1
2475; 2
2477; 1
2484; 2
2509; 1
2516; 2
2510; 1
2515; 2
2544; 1
2551; 2
2566; 1
2571; 2
2578; 1
2585; 2
2593; 1
2600; 2
2610; 1
2615; 2
2614; 1
2623; 2
2622; 1
2629; 2
2629; 1
2638; 2
2654; 1
2661; 2
2656; 1
2663; 2
2680; 1
2687; 2
2685; 1
2691; 2
2692; 1
2697; 2
2693; 1
2700; 2
2736; 1
2741; 2
2736; 1
2743; 2
2740; 1
2745; 2
2743; 1
2750; 2
2754; 1
2761; 2
2766; 1
2773; 2
2786; 1
2792; 2
2794; 1
2800; 2
2802; 1
2808; 2
2817; 1
2823; 2
2821; 1
2827; 2
2827; 1
2834; 2
2883; 1
2892; 2
2902; 1
2909; 2
2904; 1
2911; 2
2906; 1
2915; 2
2981; 1
2990; 2
2982; 1
2989; 2
2998; 1
3005; 2
3030; 1
3037; 2
3101; 1
3110; 2
3104; 1
3110; 2
3120; 1
3126; 2
3152; 1
3158; 2
3170; 1
3179; 2
3185; 1
3191; 2
3189; 1
3195; 2
3202; 1
3208; 2
3248; 1
3255; 2
3286; 1
3293; 2
3299; 1
3305; 2
3333; 1
3342; 2
3362; 1
3369; 2
3439; 1
3445; 2
3440; 1
3446; 2
3442; 1
3449; 2
3493; 1
3502; 2
3507; 1
3514; 2
3518; 1
3524; 2
3525; 1
3534; 2
3528; 1
3537; 2
3577; 1
3583; 2
3578; 1
3585; 2
3583; 1
3590; 2
3591; 1
3598; 2
3640; 1
3647; 2
3678; 1
3684; 2
3736; 1
3742; 2
3757; 1
3766; 2
3775; 1
3781; 2
3783; 1
3789; 2
3805; 1
3811; 2
3825; 1
3832; 2
3830; 1
3837; 2
3831; 1
3840; 2
3853; 1
3859; 2
3862; 1
3871; 2
3863; 1
3870; 2
3910; 1
3916; 2
3958; 1
3965; 2
3963; 1
3972; 2
4023; 1
4030; 2
4032; 1
4039; 2
4044; 1
4055; 2
4070; 1
4081; 2
4071; 1
4077; 2
4103; 1
4110; 2
4116; 1
4122; 2
4155; 1
4164; 2
4161; 1
4168; 2
4167; 1
4173; 2
4169; 1
4176; 2
4198; 1
4209; 2
4230; 1
4237; 2
4230; 1
4243; 2
4248; 1
4254; 2
4259; 1
4268; 2
4366; 1
4375; 2
4372; 1
4379; 2
4375; 1
4380; 2
4377; 1
4383; 2
4426; 1
4435; 2
4458; 1
4465; 2
4466; 1
4475; 2
4484; 1
4491; 2
4507; 1
4513; 2
4511; 1
4517; 2
4517; 1
4524; 2
4520; 1
4531; 2
4523; 1
4529; 2
4531; 1
4537; 2
4535; 1
4540; 2
4581; 1
4590; 2
4647; 1
4654; 2
4680; 1
4687; 2
4706; 1
4715; 2
4804; 1
4813; 2
4827; 1
4834; 2
4875; 1
4881; 2
4928; 1
4935; 2
4979; 1
4988; 2
4980; 1
4989; 2
5004; 1
5011; 2
5020; 1
5026; 2
5066; 1
5072; 2
5070; 1
5077; 2
5085; 1
5094; 2
5103; 1
5109; 2
5130; 1
5135; 2
5130; 1
5136; 2
5156; 1
5163; 2
5190; 1
5199; 2
5206; 1
5213; 2
5210; 1
5217; 2
5214; 1
5221; 2
5214; 1
5221; 2
5220; 1
5227; 2
5254; 1
5261; 2
5276; 1
5282; 2
5282; 1
5289; 2
5288; 1
5294; 2
5294; 1
5301; 2
5348; 1
5357; 2
5360; 1
5367; 2
5365; 1
5370; 2
5375; 1
5382; 2
5378; 1
5385; 2
5410; 1
5417; 2
5419; 1
5428; 2
5443; 1
5450; 2
5451; 1
5460; 2
5531; 1
5538; 2
5540; 1
5546; 2
5572; 1
5578; 2
5619; 1
5626; 2
5637; 1
5644; 2
5639; 1
5646; 2
5674; 1
5681; 2
5684; 1
5693; 2
5732; 1
5738; 2
5736; 1
5742; 2
5752; 1
5759; 2
5762; 1
5768; 2
5766; 1
5771; 2
5796; 1
5803; 2
5800; 1
5805; 2
5824; 1
5830; 2
5842; 1
5853; 2
5852; 1
5861; 2
5889; 1
5894; 2
5896; 1
5902; 2
5918; 1
5924; 2
5922; 1
5929; 2
5938; 1
5947; 2
5969; 1
5975; 2
6008; 1
6015; 2
6057; 1
6063; 2
6065; 1
6072; 2
6085; 1
6091; 2
6120; 1
6126; 2
6142; 1
6149; 2
6147; 1
6154; 2
6207; 1
6213; 2
6214; 1
6223; 2
6257; 1
6266; 2
6268; 1
6274; 2
6291; 1
6298; 2
6315; 1
6322; 2
6322; 1
6329; 2
6322; 1
6329; 2
6345; 1
6354; 2
6398; 1
6404; 2
6401; 1
6408; 2
6407; 1
6412; 2
6421; 1
6427; 2
6431; 1
6438; 2
6433; 1
6440; 2
6450; 1
6457; 2
6485; 1
6491; 2
6494; 1
6503; 2
6497; 1
6503; 2
6512; 1
6519; 2
6515; 1
6521; 2
6552; 1
6561; 2
6564; 1
6575; 2
6577; 1
6586; 2
6585; 1
6592; 2
6589; 1
6595; 2
6596; 1
6601; 2
6620; 1
6627; 2
6652; 1
6659; 2
6655; 1
6664; 2
6667; 1
6673; 2
6680; 1
6686; 2
6715; 1
6724; 2
6729; 1
6738; 2
6739; 1
6745; 2
6764; 1
6770; 2
6771; 1
6782; 2
6772; 1
6778; 2
6779; 1
6785; 2
6806; 1
6815; 2
6833; 1
6840; 2
6839; 1
6845; 2
6907; 1
6913; 2
6907; 1
6916; 2
6917; 1
6924; 2
6950; 1
6957; 2
6971; 1
6976; 2
6994; 1
7003; 2
7005; 1
7014; 2
7021; 1
7030; 2
7080; 1
7087; 2
7092; 1
7099; 2
7119; 1
7126; 2
7161; 1
7170; 2
7167; 1
7173; 2
7206; 1
7213; 2
7230; 1
7237; 2
7259; 1
7265; 2
7308; 1
7315; 2
7309; 1
7315; 2
7309; 1
7322; 2
7317; 1
7323; 2
7318; 1
7327; 2
7320; 1
7327; 2
7326; 1
7333; 2
7330; 1
7339; 2
7332; 1
7341; 2
7343; 1
7350; 2
7359; 1
7366; 2
7369; 1
7375; 2
7408; 1
7415; 2
7432; 1
7438; 2
7448; 1
7455; 2
7609; 1
7616; 2
7611; 1
7618; 2
7643; 1
7650; 2
7697; 1
7704; 2
7755; 1
7762; 2
7771; 1
7782; 2
7824; 1
7831; 2
7866; 1
7873; 2
7886; 1
7891; 2
7890; 1
7896; 2
7894; 1
7900; 2
7908; 1
7914; 2
7920; 1
7925; 2
7949; 1
7956; 2
7964; 1
7970; 2
7974; 1
7980; 2
7992; 1
7998; 2
8049; 1
8056; 2
8053; 1
8058; 2
8059; 1
8065; 2
8074; 1
8085; 2
8110; 1
8115; 2
8131; 1
8138; 2
8139; 1
8145; 2
8161; 1
8170; 2
8163; 1
8172; 2
8179; 1
8188; 2
8187; 1
8192; 2
8195; 1
8202; 2
8204; 1
8211; 2
8226; 1
8231; 2
8299; 1
8306; 2
8329; 1
8336; 2
8335; 1
8344; 2
8351; 1
8362; 2
8364; 1
8369; 2
8368; 1
8374; 2
8379; 1
8386; 2
8395; 1
8402; 2
8397; 1
8403; 2
8432; 1
8441; 2
8468; 1
8473; 2
8509; 1
8516; 2
8573; 1
8579; 2
8576; 1
8583; 2
8598; 1
8604; 2
8658; 1
8665; 2
8666; 1
8673; 2
8678; 1
8685; 2
8693; 1
8698; 2
8701; 1
8708; 2
8701; 1
8710; 2
8711; 1
8717; 2
8712; 1
8721; 2
8713; 1
8720; 2
8759; 1
8770; 2
8786; 1
8792; 2
8827; 1
8834; 2
8832; 1
8838; 2
8857; 1
8864; 2
8887; 1
8894; 2
8891; 1
8897; 2
8918; 1
8923; 2
8934; 1
8941; 2
8975; 1
8981; 2
8995; 1
9000; 2
9002; 1
9008; 2
9031; 1
9040; 2
9080; 1
9087; 2
9087; 1
9098; 2
9114; 1
9121; 2
9149; 1
9156; 2
9157; 1
9163; 2
9175; 1
9182; 2
9188; 1
9195; 2
9195; 1
9202; 2
9209; 1
9216; 2
9265; 1
9274; 2
9278; 1
9285; 2
9293; 1
9299; 2
9369; 1
9376; 2
9369; 1
9376; 2
9404; 1
9411; 2
9479; 1
9486; 2
9483; 1
9489; 2
9503; 1
9514; 2
9520; 1
9527; 2
9526; 1
9535; 2
9544; 1
9553; 2
9548; 1
9555; 2
9570; 1
9577; 2
9573; 1
9580; 2
9608; 1
9617; 2
9628; 1
9637; 2
9631; 1
9638; 2
9648; 1
9655; 2
9665; 1
9672; 2
9717; 1
9723; 2
9740; 1
9749; 2
9741; 1
9747; 2
9748; 1
9755; 2
9779; 1
9784; 2
9783; 1
9789; 2
9799; 1
9804; 2
9819; 1
9825; 2
9821; 1
9828; 2
9873; 1
9878; 2
9890; 1
9899; 2
9939; 1
9948; 2
9942; 1
9948; 2
9947; 1
9953; 2
9968; 1
9977; 2
10013; 1
10020; 2
10040; 1
10046; 2
10041; 1
10048; 2
