Sequence of timestamped events V1.0
Stream 6
Id =6
Name = Camera_6
Tbegin = 0
Tend = 10000
Count = 500
109; 1
114; 2
127; 1
134; 2
158; 1
164; 2
202; 1
207; 2
247; 1
253; 2
263; 1
268; 2
318; 1
324; 2
320; 1
326; 2
341; 1
347; 2
344; 1
350; 2
369; 1
375; 2
377; 1
382; 2
439; 1
446; 2
451; 1
457; 2
455; 1
462; 2
467; 1
474; 2
489; 1
495; 2
510; 1
516; 2
544; 1
550; 2
605; 1
609; 2
605; 1
611; 2
610; 1
616; 2
626; 1
632; 2
638; 1
644; 2
671; 1
676; 2
673; 1
679; 2
688; 1
694; 2
689; 1
693; 2
700; 1
709; 2
727; 1
732; 2
779; 1
784; 2
797; 1
802; 2
846; 1
852; 2
848; 1
854; 2
884; 1
893; 2
906; 1
912; 2
919; 1
925; 2
946; 1
952; 2
1005; 1
1011; 2
1005; 1
1012; 2
1006; 1
1012; 2
1012; 1
1019; 2
1032; 1
1037; 2
1041; 1
1046; 2
1052; 1
1060; 2
1061; 1
1066; 2
1104; 1
1110; 2
1111; 1
1116; 2
1132; 1
1137; 2
1138; 1
1146; 2
1140; 1
1146; 2
1141; 1
1146; 2
1162; 1
1167; 2
1185; 1
1191; 2
1200; 1
1206; 2
1203; 1
1208; 2
1207; 1
1213; 2
1229; 1
1236; 2
1233; 1
1239; 2
1262; 1
1271; 2
1265; 1
1271; 2
1266; 1
1271; 2
1274; 1
1280; 2
1288; 1
1293; 2
1292; 1
1297; 2
1298; 1
1304; 2
1300; 1
1306; 2
1316; 1
1321; 2
1331; 1
1336; 2
1365; 1
1373; 2
1402; 1
1408; 2
1410; 1
1415; 2
1413; 1
1419; 2
1420; 1
1426; 2
1437; 1
1441; 2
1438; 1
1445; 2
1475; 1
1481; 2
1479; 1
1485; 2
1519; 1
1525; 2
1568; 1
1574; 2
1613; 1
1619; 2
1621; 1
1627; 2
1621; 1
1628; 2
1624; 1
1629; 2
1624; 1
1629; 2
1643; 1
1649; 2
1657; 1
1663; 2
1662; 1
1667; 2
1670; 1
1675; 2
1684; 1
1690; 2
1685; 1
1691; 2
1698; 1
1703; 2
1775; 1
1780; 2
1814; 1
1820; 2
1853; 1
1858; 2
1871; 1
1877; 2
1878; 1
1884; 2
1890; 1
1896; 2
1890; 1
1897; 2
1893; 1
1899; 2
1905; 1
1911; 2
1928; 1
1933; 2
1931; 1
1936; 2
1944; 1
1952; 2
1986; 1
1995; 2
2000; 1
2006; 2
2022; 1
2030; 2
2033; 1
2040; 2
2057; 1
2062; 2
2073; 1
2082; 2
2095; 1
2100; 2
2117; 1
2123; 2
2129; 1
2134; 2
2140; 1
2145; 2
2149; 1
2156; 2
2154; 1
2160; 2
2210; 1
2216; 2
2212; 1
2218; 2
2319; 1
2325; 2
2338; 1
2343; 2
2340; 1
2346; 2
2354; 1
2359; 2
2376; 1
2382; 2
2378; 1
2383; 2
2400; 1
2405; 2
2403; 1
2409; 2
2415; 1
2421; 2
2418; 1
2423; 2
2441; 1
2448; 2
2451; 1
2456; 2
2453; 1
2459; 2
2469; 1
2476; 2
2496; 1
2503; 2
2504; 1
2510; 2
2527; 1
2531; 2
2536; 1
2542; 2
2568; 1
2574; 2
2584; 1
2589; 2
2602; 1
2608; 2
2617; 1
2623; 2
2628; 1
2633; 2
2648; 1
2656; 2
2649; 1
2655; 2
2659; 1
2666; 2
2678; 1
2684; 2
2680; 1
2686; 2
2706; 1
2711; 2
2707; 1
2713; 2
2710; 1
2715; 2
2717; 1
2723; 2
2754; 1
2759; 2
2758; 1
2763; 2
2763; 1
2769; 2
2767; 1
2773; 2
2781; 1
2787; 2
2790; 1
2796; 2
2807; 1
2812; 2
2815; 1
2820; 2
2823; 1
2828; 2
2838; 1
2843; 2
2842; 1
2847; 2
2851; 1
2857; 2
2917; 1
2925; 2
2928; 1
2934; 2
2929; 1
2935; 2
2936; 1
2943; 2
3009; 1
3015; 2
3011; 1
3018; 2
3022; 1
3028; 2
3057; 1
3063; 2
3125; 1
3130; 2
3131; 1
3138; 2
3141; 1
3146; 2
3173; 1
3178; 2
3200; 1
3207; 2
3206; 1
3211; 2
3210; 1
3215; 2
3223; 1
3228; 2
3275; 1
3281; 2
3310; 1
3316; 2
3320; 1
3325; 2
3363; 1
3370; 2
3386; 1
3392; 2
3460; 1
3465; 2
3461; 1
3466; 2
3466; 1
3472; 2
3523; 1
3530; 2
3534; 1
3540; 2
3539; 1
3544; 2
3559; 1
3567; 2
3562; 1
3570; 2
3598; 1
3603; 2
3602; 1
3608; 2
3607; 1
3613; 2
3615; 1
3621; 2
3664; 1
3670; 2
3699; 1
3704; 2
3757; 1
3762; 2
3791; 1
3799; 2
3796; 1
3801; 2
3804; 1
3809; 2
3826; 1
3831; 2
3852; 1
3858; 2
3857; 1
3863; 2
3861; 1
3868; 2
3874; 1
3879; 2
3887; 1
3893; 2
3892; 1
3899; 2
3931; 1
3936; 2
3985; 1
3991; 2
3993; 1
4000; 2
4050; 1
4056; 2
4059; 1
4065; 2
4084; 1
4093; 2
4092; 1
4097; 2
4110; 1
4119; 2
4130; 1
4136; 2
4137; 1
4142; 2
4185; 1
4191; 2
4188; 1
4193; 2
4189; 1
4197; 2
4196; 1
4202; 2
4238; 1
4247; 2
4254; 1
4260; 2
4269; 1
4274; 2
4277; 1
4289; 2
4289; 1
4296; 2
4392; 1
4396; 2
4396; 1
4403; 2
4398; 1
4403; 2
4399; 1
4405; 2
4456; 1
4463; 2
4485; 1
4491; 2
4496; 1
4503; 2
4508; 1
4514; 2
4528; 1
4533; 2
4532; 1
4537; 2
4541; 1
4547; 2
4544; 1
4549; 2
4552; 1
4556; 2
4552; 1
4557; 2
4560; 1
4569; 2
4611; 1
4618; 2
4671; 1
4677; 2
4704; 1
4710; 2
4740; 1
4748; 2
4834; 1
4841; 2
4854; 1
4860; 2
4896; 1
4901; 2
4952; 1
4958; 2
5009; 1
5016; 2
5010; 1
5017; 2
5031; 1
5037; 2
5041; 1
5046; 2
5087; 1
5092; 2
5094; 1
5100; 2
5115; 1
5122; 2
5124; 1
5129; 2
5148; 1
5153; 2
5151; 1
5156; 2
5183; 1
5189; 2
5220; 1
5227; 2
5230; 1
5236; 2
5237; 1
5243; 2
5238; 1
5244; 2
5241; 1
5247; 2
5247; 1
5253; 2
5281; 1
5287; 2
5297; 1
5302; 2
5306; 1
5312; 2
5309; 1
5314; 2
5321; 1
5327; 2
5382; 1
5390; 2
5383; 1
5388; 2
5384; 1
5390; 2
5399; 1
5405; 2
5402; 1
5408; 2
5437; 1
5443; 2
5449; 1
5456; 2
5470; 1
5476; 2
5485; 1
5493; 2
5555; 1
5561; 2
5561; 1
5566; 2
5593; 1
5598; 2
5643; 1
5649; 2
5664; 1
5670; 2
5666; 1
5672; 2
5701; 1
5707; 2
5718; 1
5726; 2
5753; 1
5758; 2
5757; 1
5762; 2
5779; 1
5785; 2
5783; 1
5788; 2
5784; 1
5789; 2
5817; 1
5821; 2
5823; 1
5829; 2
5845; 1
5850; 2
5882; 1
5891; 2
5886; 1
5894; 2
5907; 1
5912; 2
5917; 1
5922; 2
5939; 1
5944; 2
5949; 1
5955; 2
5972; 1
5980; 2
5990; 1
5995; 2
6035; 1
6041; 2
6078; 1
6083; 2
6089; 1
6095; 2
6106; 1
6111; 2
6141; 1
6146; 2
6166; 1
6172; 2
6171; 1
6177; 2
6228; 1
6233; 2
6244; 1
6251; 2
6289; 1
6294; 2
6291; 1
6299; 2
6315; 1
6321; 2
6342; 1
6348; 2
6346; 1
6352; 2
6349; 1
6355; 2
6379; 1
6387; 2
6419; 1
6424; 2
6424; 1
6428; 2
6428; 1
6434; 2
6442; 1
6447; 2
6458; 1
6464; 2
6460; 1
6466; 2
6474; 1
6480; 2
6506; 1
6511; 2
6518; 1
6523; 2
6524; 1
6531; 2
6536; 1
6541; 2
6539; 1
6545; 2
6582; 1
6589; 2
6604; 1
6613; 2
6609; 1
6615; 2
6610; 1
6615; 2
6611; 1
6619; 2
6614; 1
6619; 2
6647; 1
6653; 2
6676; 1
6682; 2
6685; 1
6692; 2
6688; 1
6693; 2
6701; 1
6706; 2
6749; 1
6757; 2
6759; 1
6766; 2
6760; 1
6765; 2
6785; 1
6790; 2
6793; 1
6798; 2
6800; 1
6805; 2
6811; 1
6820; 2
6836; 1
6843; 2
6860; 1
6865; 2
6860; 1
6866; 2
6928; 1
6933; 2
6937; 1
6944; 2
6941; 1
6947; 2
6974; 1
6980; 2
6988; 1
6992; 2
7024; 1
7031; 2
7039; 1
7047; 2
7051; 1
7058; 2
7104; 1
7110; 2
7116; 1
7122; 2
7143; 1
7149; 2
7188; 1
7193; 2
7195; 1
7203; 2
7230; 1
7236; 2
7254; 1
7260; 2
7280; 1
7285; 2
7330; 1
7335; 2
7335; 1
7341; 2
7338; 1
7343; 2
7347; 1
7353; 2
7348; 1
7355; 2
7350; 1
7356; 2
7356; 1
7368; 2
7360; 1
7367; 2
7362; 1
7369; 2
7370; 1
7376; 2
7386; 1
7392; 2
7390; 1
7395; 2
7435; 1
7441; 2
7453; 1
7458; 2
7472; 1
7478; 2
7635; 1
7641; 2
7636; 1
7642; 2
7667; 1
7673; 2
7721; 1
7727; 2
7782; 1
7788; 2
7811; 1
7820; 2
7851; 1
7857; 2
7893; 1
7899; 2
7904; 1
7909; 2
7911; 1
7916; 2
7915; 1
7920; 2
7929; 1
7934; 2
7937; 1
7941; 2
7976; 1
7982; 2
7985; 1
7990; 2
7995; 1
8000; 2
8013; 1
8018; 2
8070; 1
8074; 2
8073; 1
8079; 2
8080; 1
8085; 2
8114; 1
8123; 2
8128; 1
8133; 2
8155; 1
8161; 2
8160; 1
8165; 2
8191; 1
8198; 2
8193; 1
8200; 2
8205; 1
8210; 2
8209; 1
8216; 2
8219; 1
8225; 2
8228; 1
8234; 2
8244; 1
8249; 2
8323; 1
8329; 2
8356; 1
8362; 2
8369; 1
8377; 2
8382; 1
8387; 2
8389; 1
8394; 2
8391; 1
8400; 2
8403; 1
8409; 2
8418; 1
8423; 2
8422; 1
8428; 2
8466; 1
8474; 2
8485; 1
8489; 2
8536; 1
8542; 2
8594; 1
8599; 2
8603; 1
8609; 2
8619; 1
8624; 2
8682; 1
8688; 2
8690; 1
8696; 2
8705; 1
8711; 2
8710; 1
8714; 2
8725; 1
8731; 2
8732; 1
8737; 2
8735; 1
8743; 2
8740; 1
8746; 2
8746; 1
8754; 2
8799; 1
8808; 2
8807; 1
8812; 2
8851; 1
8857; 2
8853; 1
8858; 2
8881; 1
8887; 2
8911; 1
8917; 2
8912; 1
8917; 2
8936; 1
8941; 2
8961; 1
8967; 2
8996; 1
9001; 2
9013; 1
9018; 2
9023; 1
9028; 2
9061; 1
9068; 2
9104; 1
9110; 2
9127; 1
9136; 2
9138; 1
9144; 2
9173; 1
9179; 2
9178; 1
9183; 2
9202; 1
9208; 2
9212; 1
9218; 2
9219; 1
9225; 2
9233; 1
9239; 2
9295; 1
9302; 2
9305; 1
9311; 2
9314; 1
9319; 2
9393; 1
9399; 2
9393; 1
9399; 2
9431; 1
9437; 2
9504; 1
9509; 2
9506; 1
9512; 2
9543; 1
9552; 2
9544; 1
9550; 2
9556; 1
9563; 2
9572; 1
9578; 2
9574; 1
9581; 2
9594; 1
9600; 2
9600; 1
9606; 2
9638; 1
9645; 2
9658; 1
9664; 2
9658; 1
9665; 2
9672; 1
9678; 2
9689; 1
9695; 2
9738; 1
9743; 2
9762; 1
9767; 2
9770; 1
9777; 2
9775; 1
9781; 2
9797; 1
9802; 2
9804; 1
9809; 2
9817; 1
9822; 2
9840; 1
9845; 2
9848; 1
9854; 2
9891; 1
9896; 2
9920; 1
9927; 2
9963; 1
9968; 2
9968; 1
9973; 2
9969; 1
9976; 2
9998; 1
10005; 2
10037; 1
10043; 2
10061; 1
10066; 2
10065; 1
10071; 2
