Sequence of timestamped events V1.0
Stream 1
Id =1
Name = Camera_1
Tbegin = 0
Tend = 10000
Count = 500
55; 1
62; 2
60; 1
65; 2
101; 1
106; 2
150; 1
156; 2
182; 1
189; 2
214; 1
219; 2
253; 1
260; 2
263; 1
268; 2
284; 1
289; 2
287; 1
292; 2
312; 1
317; 2
333; 1
338; 2
367; 1
374; 2
383; 1
390; 2
386; 1
393; 2
395; 1
402; 2
424; 1
431; 2
445; 1
452; 2
487; 1
492; 2
540; 1
547; 2
545; 1
552; 2
566; 1
570; 2
569; 1
574; 2
573; 1
580; 2
604; 1
614; 2
616; 1
621; 2
622; 1
627; 2
631; 1
636; 2
648; 1
652; 2
683; 1
688; 2
730; 1
735; 2
748; 1
753; 2
783; 1
790; 2
788; 1
798; 2
789; 1
794; 2
849; 1
854; 2
862; 1
867; 2
881; 1
888; 2
933; 1
940; 2
940; 1
947; 2
948; 1
953; 2
949; 1
954; 2
970; 1
978; 2
980; 1
986; 2
989; 1
995; 2
1012; 1
1017; 2
1047; 1
1052; 2
1056; 1
1064; 2
1059; 1
1065; 2
1075; 1
1082; 2
1080; 1
1086; 2
1097; 1
1102; 2
1113; 1
1118; 2
1120; 1
1127; 2
1135; 1
1142; 2
1150; 1
1155; 2
1154; 1
1159; 2
1157; 1
1164; 2
1166; 1
1176; 2
1176; 1
1181; 2
1200; 1
1207; 2
1217; 1
1222; 2
1217; 1
1222; 2
1241; 1
1246; 2
1243; 1
1248; 2
1243; 1
1248; 2
1244; 1
1249; 2
1264; 1
1270; 2
1282; 1
1287; 2
1283; 1
1291; 2
1337; 1
1344; 2
1348; 1
1355; 2
1358; 1
1364; 2
1363; 1
1368; 2
1366; 1
1373; 2
1396; 1
1400; 2
1418; 1
1423; 2
1422; 1
1427; 2
1462; 1
1467; 2
1503; 1
1510; 2
1548; 1
1555; 2
1549; 1
1556; 2
1564; 1
1569; 2
1578; 1
1585; 2
1580; 1
1585; 2
1580; 1
1585; 2
1600; 1
1605; 2
1613; 1
1618; 2
1618; 1
1624; 2
1619; 1
1626; 2
1620; 1
1627; 2
1649; 1
1654; 2
1723; 1
1729; 2
1757; 1
1762; 2
1801; 1
1807; 2
1806; 1
1813; 2
1818; 1
1825; 2
1821; 1
1826; 2
1828; 1
1835; 2
1833; 1
1838; 2
1840; 1
1847; 2
1862; 1
1870; 2
1879; 1
1884; 2
1879; 1
1885; 2
1890; 1
1900; 2
1940; 1
1948; 2
1943; 1
1948; 2
1961; 1
1968; 2
1977; 1
1987; 2
2008; 1
2013; 2
2051; 1
2056; 2
2052; 1
2059; 2
2077; 1
2083; 2
2077; 1
2084; 2
2088; 1
2094; 2
2097; 1
2102; 2
2145; 1
2152; 2
2155; 1
2160; 2
2262; 1
2267; 2
2275; 1
2282; 2
2286; 1
2292; 2
2302; 1
2308; 2
2319; 1
2324; 2
2326; 1
2332; 2
2338; 1
2345; 2
2351; 1
2356; 2
2358; 1
2363; 2
2369; 1
2376; 2
2374; 1
2379; 2
2388; 1
2395; 2
2397; 1
2404; 2
2399; 1
2405; 2
2424; 1
2431; 2
2439; 1
2446; 2
2471; 1
2478; 2
2488; 1
2492; 2
2511; 1
2516; 2
2540; 1
2545; 2
2545; 1
2550; 2
2560; 1
2565; 2
2566; 1
2574; 2
2584; 1
2589; 2
2584; 1
2591; 2
2587; 1
2594; 2
2621; 1
2626; 2
2623; 1
2628; 2
2642; 1
2649; 2
2654; 1
2660; 2
2660; 1
2665; 2
2666; 1
2671; 2
2698; 1
2705; 2
2710; 1
2715; 2
2710; 1
2715; 2
2714; 1
2719; 2
2716; 1
2723; 2
2733; 1
2738; 2
2755; 1
2761; 2
2763; 1
2769; 2
2774; 1
2779; 2
2786; 1
2792; 2
2790; 1
2796; 2
2794; 1
2799; 2
2835; 1
2843; 2
2864; 1
2871; 2
2864; 1
2871; 2
2871; 1
2876; 2
2939; 1
2946; 2
2944; 1
2951; 2
2965; 1
2970; 2
2992; 1
2999; 2
3059; 1
3066; 2
3076; 1
3081; 2
3089; 1
3095; 2
3124; 1
3129; 2
3128; 1
3135; 2
3154; 1
3160; 2
3158; 1
3164; 2
3171; 1
3177; 2
3210; 1
3217; 2
3253; 1
3258; 2
3268; 1
3274; 2
3291; 1
3298; 2
3329; 1
3334; 2
3408; 1
3414; 2
3409; 1
3414; 2
3412; 1
3417; 2
3451; 1
3458; 2
3469; 1
3476; 2
3477; 1
3485; 2
3480; 1
3488; 2
3487; 1
3493; 2
3545; 1
3550; 2
3546; 1
3552; 2
3550; 1
3555; 2
3558; 1
3563; 2
3607; 1
3612; 2
3647; 1
3653; 2
3708; 1
3713; 2
3709; 1
3717; 2
3744; 1
3750; 2
3755; 1
3760; 2
3774; 1
3780; 2
3787; 1
3794; 2
3789; 1
3796; 2
3792; 1
3799; 2
3820; 1
3827; 2
3825; 1
3830; 2
3830; 1
3835; 2
3879; 1
3885; 2
3920; 1
3927; 2
3921; 1
3928; 2
3985; 1
3992; 2
3988; 1
3998; 2
3994; 1
4001; 2
4014; 1
4024; 2
4040; 1
4046; 2
4065; 1
4072; 2
4088; 1
4093; 2
4107; 1
4115; 2
4128; 1
4133; 2
4131; 1
4138; 2
4136; 1
4142; 2
4142; 1
4152; 2
4163; 1
4174; 2
4197; 1
4202; 2
4217; 1
4224; 2
4220; 1
4225; 2
4324; 1
4331; 2
4334; 1
4341; 2
4346; 1
4352; 2
4351; 1
4355; 2
4384; 1
4391; 2
4420; 1
4427; 2
4424; 1
4431; 2
4451; 1
4456; 2
4464; 1
4474; 2
4476; 1
4482; 2
4480; 1
4486; 2
4484; 1
4489; 2
4492; 1
4498; 2
4503; 1
4508; 2
4511; 1
4515; 2
4539; 1
4546; 2
4614; 1
4619; 2
4647; 1
4652; 2
4658; 1
4666; 2
4762; 1
4769; 2
4789; 1
4796; 2
4844; 1
4850; 2
4895; 1
4900; 2
4937; 1
4944; 2
4938; 1
4945; 2
4966; 1
4973; 2
4992; 1
4997; 2
5037; 1
5042; 2
5038; 1
5043; 2
5043; 1
5050; 2
5072; 1
5078; 2
5099; 1
5105; 2
5104; 1
5109; 2
5118; 1
5125; 2
5148; 1
5155; 2
5172; 1
5179; 2
5173; 1
5178; 2
5176; 1
5183; 2
5181; 1
5186; 2
5182; 1
5189; 2
5216; 1
5223; 2
5245; 1
5251; 2
5249; 1
5254; 2
5256; 1
5263; 2
5257; 1
5263; 2
5300; 1
5308; 2
5327; 1
5332; 2
5339; 1
5344; 2
5342; 1
5347; 2
5345; 1
5350; 2
5372; 1
5379; 2
5377; 1
5384; 2
5403; 1
5411; 2
5405; 1
5412; 2
5498; 1
5503; 2
5509; 1
5515; 2
5541; 1
5547; 2
5586; 1
5591; 2
5599; 1
5606; 2
5601; 1
5608; 2
5636; 1
5643; 2
5636; 1
5644; 2
5704; 1
5709; 2
5708; 1
5713; 2
5714; 1
5721; 2
5731; 1
5737; 2
5740; 1
5745; 2
5758; 1
5765; 2
5778; 1
5782; 2
5786; 1
5796; 2
5793; 1
5799; 2
5804; 1
5812; 2
5863; 1
5868; 2
5865; 1
5871; 2
5884; 1
5891; 2
5887; 1
5893; 2
5890; 1
5898; 2
5938; 1
5944; 2
5970; 1
5977; 2
6026; 1
6032; 2
6032; 1
6037; 2
6054; 1
6060; 2
6089; 1
6095; 2
6109; 1
6114; 2
6114; 1
6119; 2
6172; 1
6179; 2
6179; 1
6184; 2
6209; 1
6217; 2
6237; 1
6243; 2
6258; 1
6263; 2
6277; 1
6284; 2
6284; 1
6291; 2
6289; 1
6294; 2
6297; 1
6305; 2
6363; 1
6370; 2
6367; 1
6373; 2
6383; 1
6387; 2
6390; 1
6396; 2
6393; 1
6400; 2
6395; 1
6402; 2
6417; 1
6422; 2
6452; 1
6459; 2
6457; 1
6462; 2
6469; 1
6474; 2
6474; 1
6481; 2
6484; 1
6490; 2
6508; 1
6518; 2
6510; 1
6517; 2
6529; 1
6537; 2
6552; 1
6557; 2
6558; 1
6564; 2
6570; 1
6575; 2
6582; 1
6589; 2
6613; 1
6620; 2
6619; 1
6624; 2
6636; 1
6642; 2
6649; 1
6655; 2
6667; 1
6675; 2
6687; 1
6694; 2
6711; 1
6716; 2
6715; 1
6725; 2
6733; 1
6739; 2
6741; 1
6747; 2
6751; 1
6756; 2
6764; 1
6771; 2
6795; 1
6802; 2
6811; 1
6816; 2
6865; 1
6872; 2
6879; 1
6884; 2
6884; 1
6889; 2
6917; 1
6922; 2
6949; 1
6953; 2
6952; 1
6959; 2
6957; 1
6965; 2
6979; 1
6986; 2
7047; 1
7052; 2
7059; 1
7064; 2
7086; 1
7091; 2
7113; 1
7121; 2
7139; 1
7144; 2
7173; 1
7178; 2
7197; 1
7202; 2
7228; 1
7234; 2
7242; 1
7253; 2
7270; 1
7277; 2
7276; 1
7283; 2
7278; 1
7284; 2
7282; 1
7289; 2
7288; 1
7295; 2
7289; 1
7294; 2
7290; 1
7297; 2
7293; 1
7298; 2
7305; 1
7312; 2
7321; 1
7328; 2
7341; 1
7346; 2
7370; 1
7377; 2
7401; 1
7407; 2
7415; 1
7420; 2
7571; 1
7578; 2
7578; 1
7583; 2
7610; 1
7615; 2
7664; 1
7669; 2
7715; 1
7725; 2
7717; 1
7724; 2
7786; 1
7793; 2
7828; 1
7835; 2
7860; 1
7865; 2
7862; 1
7867; 2
7863; 1
7869; 2
7880; 1
7885; 2
7898; 1
7902; 2
7911; 1
7918; 2
7933; 1
7939; 2
7946; 1
7951; 2
7961; 1
7967; 2
8016; 1
8021; 2
8018; 1
8028; 2
8028; 1
8034; 2
8029; 1
8033; 2
8084; 1
8089; 2
8098; 1
8103; 2
8111; 1
8116; 2
8119; 1
8126; 2
8121; 1
8128; 2
8137; 1
8144; 2
8161; 1
8166; 2
8162; 1
8167; 2
8171; 1
8176; 2
8200; 1
8205; 2
8266; 1
8271; 2
8287; 1
8295; 2
8291; 1
8298; 2
8295; 1
8305; 2
8338; 1
8343; 2
8340; 1
8345; 2
8346; 1
8351; 2
8357; 1
8364; 2
8366; 1
8372; 2
8384; 1
8392; 2
8444; 1
8448; 2
8471; 1
8478; 2
8538; 1
8545; 2
8542; 1
8548; 2
8567; 1
8573; 2
8625; 1
8630; 2
8633; 1
8638; 2
8640; 1
8647; 2
8653; 1
8661; 2
8664; 1
8672; 2
8668; 1
8673; 2
8669; 1
8673; 2
8675; 1
8682; 2
8680; 1
8686; 2
8703; 1
8713; 2
8755; 1
8761; 2
8794; 1
8799; 2
8804; 1
8809; 2
8824; 1
8829; 2
8854; 1
8859; 2
8860; 1
8866; 2
8892; 1
8897; 2
8896; 1
8903; 2
8947; 1
8952; 2
8969; 1
8974; 2
8971; 1
8977; 2
8989; 1
8996; 2
9031; 1
9041; 2
9047; 1
9052; 2
9081; 1
9086; 2
9116; 1
9121; 2
9126; 1
9132; 2
9137; 1
9144; 2
9155; 1
9160; 2
9162; 1
9167; 2
9176; 1
9181; 2
9223; 1
9230; 2
9240; 1
9247; 2
9262; 1
9268; 2
9336; 1
9341; 2
9336; 1
9341; 2
9366; 1
9373; 2
9441; 1
9448; 2
9447; 1
9457; 2
9452; 1
9458; 2
9484; 1
9491; 2
9487; 1
9492; 2
9502; 1
9509; 2
9515; 1
9520; 2
9535; 1
9542; 2
9537; 1
9542; 2
9566; 1
9573; 2
9586; 1
9593; 2
9593; 1
9600; 2
9615; 1
9620; 2
9632; 1
9637; 2
9689; 1
9694; 2
9698; 1
9705; 2
9710; 1
9716; 2
9710; 1
9717; 2
9752; 1
9758; 2
9753; 1
9758; 2
9773; 1
9778; 2
9783; 1
9790; 2
9788; 1
9794; 2
9847; 1
9852; 2
9848; 1
9855; 2
9897; 1
9904; 2
9914; 1
9919; 2
9916; 1
9922; 2
9926; 1
9933; 2
9980; 1
9985; 2
10008; 1
10013; 2
10009; 1
10015; 2
