Sequence of timestamped events V1.0
Stream 3
Id =3
Name = Camera_3
Tbegin = 0
Tend = 10000
Count = 500
79; 1
84; 2
83; 1
90; 2
123; 1
129; 2
171; 1
176; 2
207; 1
213; 2
233; 1
238; 2
278; 1
284; 2
285; 1
291; 2
306; 1
312; 2
309; 1
315; 2
334; 1
340; 2
351; 1
355; 2
395; 1
402; 2
411; 1
417; 2
411; 1
418; 2
423; 1
430; 2
449; 1
455; 2
470; 1
476; 2
509; 1
515; 2
565; 1
571; 2
570; 1
576; 2
581; 1
585; 2
591; 1
597; 2
598; 1
604; 2
638; 1
644; 2
641; 1
646; 2
642; 1
651; 2
653; 1
659; 2
664; 1
668; 2
701; 1
705; 2
749; 1
754; 2
767; 1
772; 2
808; 1
814; 2
811; 1
817; 2
826; 1
835; 2
871; 1
877; 2
884; 1
890; 2
906; 1
912; 2
961; 1
968; 2
968; 1
975; 2
970; 1
976; 2
971; 1
977; 2
1001; 1
1006; 2
1002; 1
1010; 2
1010; 1
1015; 2
1031; 1
1036; 2
1069; 1
1075; 2
1080; 1
1085; 2
1088; 1
1096; 2
1100; 1
1106; 2
1101; 1
1106; 2
1115; 1
1119; 2
1132; 1
1137; 2
1145; 1
1151; 2
1160; 1
1166; 2
1172; 1
1178; 2
1173; 1
1178; 2
1185; 1
1192; 2
1198; 1
1204; 2
1204; 1
1213; 2
1225; 1
1231; 2
1236; 1
1241; 2
1239; 1
1245; 2
1262; 1
1266; 2
1262; 1
1267; 2
1263; 1
1269; 2
1265; 1
1271; 2
1285; 1
1290; 2
1301; 1
1306; 2
1315; 1
1323; 2
1362; 1
1368; 2
1373; 1
1379; 2
1379; 1
1384; 2
1385; 1
1391; 2
1394; 1
1401; 2
1412; 1
1416; 2
1440; 1
1446; 2
1444; 1
1450; 2
1484; 1
1490; 2
1528; 1
1534; 2
1573; 1
1579; 2
1577; 1
1584; 2
1586; 1
1592; 2
1598; 1
1602; 2
1598; 1
1602; 2
1603; 1
1609; 2
1622; 1
1628; 2
1632; 1
1637; 2
1639; 1
1644; 2
1644; 1
1650; 2
1645; 1
1651; 2
1668; 1
1673; 2
1744; 1
1749; 2
1779; 1
1785; 2
1822; 1
1827; 2
1831; 1
1837; 2
1843; 1
1849; 2
1846; 1
1853; 2
1853; 1
1859; 2
1855; 1
1861; 2
1865; 1
1871; 2
1894; 1
1902; 2
1898; 1
1903; 2
1900; 1
1905; 2
1928; 1
1937; 2
1965; 1
1971; 2
1972; 1
1980; 2
1989; 1
1996; 2
2015; 1
2024; 2
2027; 1
2032; 2
2069; 1
2073; 2
2077; 1
2083; 2
2098; 1
2103; 2
2105; 1
2112; 2
2109; 1
2114; 2
2119; 1
2125; 2
2170; 1
2176; 2
2177; 1
2183; 2
2284; 1
2290; 2
2300; 1
2306; 2
2307; 1
2312; 2
2323; 1
2328; 2
2341; 1
2347; 2
2347; 1
2352; 2
2363; 1
2369; 2
2370; 1
2375; 2
2380; 1
2386; 2
2392; 1
2396; 2
2397; 1
2404; 2
2413; 1
2419; 2
2420; 1
2425; 2
2425; 1
2432; 2
2452; 1
2459; 2
2464; 1
2470; 2
2496; 1
2502; 2
2503; 1
2507; 2
2533; 1
2539; 2
2558; 1
2562; 2
2567; 1
2573; 2
2582; 1
2588; 2
2598; 1
2606; 2
2602; 1
2606; 2
2609; 1
2615; 2
2615; 1
2622; 2
2643; 1
2649; 2
2645; 1
2651; 2
2667; 1
2673; 2
2675; 1
2680; 2
2682; 1
2688; 2
2684; 1
2688; 2
2723; 1
2729; 2
2728; 1
2732; 2
2732; 1
2736; 2
2732; 1
2738; 2
2741; 1
2747; 2
2755; 1
2761; 2
2776; 1
2781; 2
2784; 1
2789; 2
2793; 1
2798; 2
2807; 1
2812; 2
2811; 1
2816; 2
2816; 1
2822; 2
2867; 1
2875; 2
2889; 1
2895; 2
2892; 1
2899; 2
2893; 1
2899; 2
2967; 1
2974; 2
2969; 1
2975; 2
2987; 1
2993; 2
3017; 1
3023; 2
3087; 1
3094; 2
3095; 1
3100; 2
3110; 1
3115; 2
3143; 1
3148; 2
3156; 1
3163; 2
3175; 1
3180; 2
3179; 1
3184; 2
3192; 1
3197; 2
3235; 1
3241; 2
3275; 1
3281; 2
3289; 1
3294; 2
3319; 1
3326; 2
3351; 1
3357; 2
3429; 1
3434; 2
3431; 1
3436; 2
3431; 1
3437; 2
3479; 1
3486; 2
3494; 1
3500; 2
3508; 1
3513; 2
3509; 1
3517; 2
3512; 1
3520; 2
3567; 1
3572; 2
3567; 1
3573; 2
3572; 1
3578; 2
3580; 1
3586; 2
3629; 1
3635; 2
3668; 1
3673; 2
3727; 1
3732; 2
3741; 1
3749; 2
3765; 1
3770; 2
3774; 1
3779; 2
3795; 1
3800; 2
3812; 1
3818; 2
3817; 1
3823; 2
3817; 1
3824; 2
3844; 1
3849; 2
3848; 1
3855; 2
3852; 1
3858; 2
3900; 1
3905; 2
3945; 1
3951; 2
3949; 1
3956; 2
4010; 1
4016; 2
4019; 1
4025; 2
4026; 1
4035; 2
4052; 1
4061; 2
4061; 1
4066; 2
4090; 1
4096; 2
4107; 1
4112; 2
4139; 1
4147; 2
4150; 1
4156; 2
4156; 1
4162; 2
4157; 1
4162; 2
4180; 1
4189; 2
4208; 1
4219; 2
4219; 1
4225; 2
4239; 1
4244; 2
4245; 1
4252; 2
4352; 1
4359; 2
4359; 1
4365; 2
4367; 1
4371; 2
4367; 1
4372; 2
4412; 1
4419; 2
4445; 1
4451; 2
4452; 1
4459; 2
4473; 1
4479; 2
4497; 1
4502; 2
4501; 1
4506; 2
4502; 1
4511; 2
4506; 1
4512; 2
4513; 1
4518; 2
4522; 1
4527; 2
4527; 1
4531; 2
4567; 1
4574; 2
4636; 1
4642; 2
4669; 1
4675; 2
4690; 1
4698; 2
4790; 1
4797; 2
4814; 1
4820; 2
4865; 1
4870; 2
4917; 1
4923; 2
4965; 1
4972; 2
4966; 1
4973; 2
4991; 1
4997; 2
5011; 1
5016; 2
5057; 1
5062; 2
5059; 1
5065; 2
5071; 1
5078; 2
5093; 1
5098; 2
5120; 1
5125; 2
5122; 1
5126; 2
5143; 1
5149; 2
5176; 1
5183; 2
5195; 1
5201; 2
5197; 1
5203; 2
5201; 1
5207; 2
5203; 1
5209; 2
5207; 1
5213; 2
5241; 1
5247; 2
5266; 1
5271; 2
5271; 1
5277; 2
5278; 1
5283; 2
5281; 1
5287; 2
5332; 1
5340; 2
5349; 1
5355; 2
5357; 1
5361; 2
5364; 1
5370; 2
5367; 1
5373; 2
5397; 1
5403; 2
5405; 1
5412; 2
5430; 1
5436; 2
5435; 1
5443; 2
5520; 1
5526; 2
5530; 1
5535; 2
5562; 1
5567; 2
5608; 1
5614; 2
5624; 1
5630; 2
5626; 1
5632; 2
5661; 1
5667; 2
5668; 1
5676; 2
5723; 1
5728; 2
5727; 1
5732; 2
5739; 1
5745; 2
5752; 1
5757; 2
5758; 1
5762; 2
5783; 1
5789; 2
5793; 1
5797; 2
5814; 1
5819; 2
5824; 1
5833; 2
5836; 1
5844; 2
5881; 1
5885; 2
5886; 1
5891; 2
5908; 1
5913; 2
5909; 1
5915; 2
5922; 1
5930; 2
5959; 1
5964; 2
5995; 1
6001; 2
6047; 1
6052; 2
6054; 1
6060; 2
6075; 1
6080; 2
6110; 1
6115; 2
6131; 1
6137; 2
6136; 1
6142; 2
6198; 1
6203; 2
6200; 1
6207; 2
6241; 1
6249; 2
6258; 1
6263; 2
6280; 1
6286; 2
6302; 1
6308; 2
6309; 1
6315; 2
6311; 1
6317; 2
6329; 1
6337; 2
6388; 1
6393; 2
6388; 1
6394; 2
6399; 1
6403; 2
6411; 1
6416; 2
6418; 1
6424; 2
6420; 1
6426; 2
6439; 1
6445; 2
6476; 1
6481; 2
6480; 1
6487; 2
6488; 1
6493; 2
6499; 1
6505; 2
6505; 1
6510; 2
6538; 1
6545; 2
6546; 1
6555; 2
6561; 1
6569; 2
6574; 1
6580; 2
6579; 1
6584; 2
6588; 1
6592; 2
6607; 1
6613; 2
6641; 1
6647; 2
6641; 1
6648; 2
6657; 1
6662; 2
6670; 1
6675; 2
6699; 1
6707; 2
6715; 1
6722; 2
6730; 1
6735; 2
6753; 1
6762; 2
6754; 1
6759; 2
6762; 1
6767; 2
6770; 1
6775; 2
6792; 1
6799; 2
6820; 1
6826; 2
6830; 1
6835; 2
6893; 1
6900; 2
6898; 1
6903; 2
6906; 1
6912; 2
6939; 1
6945; 2
6964; 1
6968; 2
6980; 1
6987; 2
6989; 1
6997; 2
7007; 1
7014; 2
7069; 1
7075; 2
7081; 1
7087; 2
7108; 1
7114; 2
7145; 1
7153; 2
7158; 1
7163; 2
7195; 1
7201; 2
7219; 1
7225; 2
7249; 1
7254; 2
7287; 1
7298; 2
7295; 1
7301; 2
7299; 1
7304; 2
7304; 1
7311; 2
7307; 1
7313; 2
7308; 1
7313; 2
7315; 1
7321; 2
7316; 1
7323; 2
7318; 1
7325; 2
7330; 1
7336; 2
7346; 1
7352; 2
7360; 1
7365; 2
7395; 1
7401; 2
7422; 1
7427; 2
7437; 1
7443; 2
7596; 1
7602; 2
7600; 1
7606; 2
7632; 1
7638; 2
7686; 1
7692; 2
7742; 1
7748; 2
7753; 1
7762; 2
7811; 1
7817; 2
7853; 1
7859; 2
7878; 1
7882; 2
7881; 1
7886; 2
7884; 1
7889; 2
7899; 1
7904; 2
7913; 1
7917; 2
7936; 1
7942; 2
7954; 1
7959; 2
7965; 1
7970; 2
7982; 1
7987; 2
8038; 1
8044; 2
8045; 1
8049; 2
8049; 1
8054; 2
8056; 1
8065; 2
8102; 1
8106; 2
8120; 1
8126; 2
8130; 1
8135; 2
8147; 1
8154; 2
8149; 1
8156; 2
8165; 1
8172; 2
8179; 1
8183; 2
8184; 1
8190; 2
8193; 1
8199; 2
8218; 1
8222; 2
8288; 1
8294; 2
8316; 1
8322; 2
8319; 1
8327; 2
8333; 1
8342; 2
8356; 1
8360; 2
8359; 1
8364; 2
8368; 1
8374; 2
8382; 1
8388; 2
8387; 1
8392; 2
8416; 1
8424; 2
8460; 1
8464; 2
8496; 1
8502; 2
8563; 1
8568; 2
8563; 1
8569; 2
8588; 1
8593; 2
8647; 1
8653; 2
8655; 1
8661; 2
8665; 1
8671; 2
8685; 1
8689; 2
8685; 1
8693; 2
8690; 1
8696; 2
8696; 1
8704; 2
8700; 1
8706; 2
8701; 1
8706; 2
8741; 1
8750; 2
8776; 1
8781; 2
8816; 1
8822; 2
8823; 1
8828; 2
8846; 1
8852; 2
8876; 1
8882; 2
8881; 1
8886; 2
8910; 1
8914; 2
8921; 1
8927; 2
8966; 1
8971; 2
8987; 1
8991; 2
8992; 1
8997; 2
9017; 1
9024; 2
9069; 1
9075; 2
9069; 1
9078; 2
9103; 1
9109; 2
9138; 1
9144; 2
9147; 1
9152; 2
9162; 1
9168; 2
9177; 1
9183; 2
9184; 1
9190; 2
9198; 1
9204; 2
9251; 1
9258; 2
9265; 1
9271; 2
9283; 1
9288; 2
9358; 1
9364; 2
9358; 1
9364; 2
9391; 1
9397; 2
9466; 1
9472; 2
9473; 1
9478; 2
9485; 1
9494; 2
9509; 1
9515; 2
9512; 1
9519; 2
9530; 1
9537; 2
9537; 1
9543; 2
9559; 1
9565; 2
9560; 1
9566; 2
9594; 1
9601; 2
9614; 1
9621; 2
9618; 1
9624; 2
9637; 1
9643; 2
9654; 1
9660; 2
9708; 1
9713; 2
9726; 1
9733; 2
9731; 1
9736; 2
9735; 1
9741; 2
9771; 1
9775; 2
9773; 1
9778; 2
9791; 1
9795; 2
9808; 1
9814; 2
9809; 1
9814; 2
9865; 1
9869; 2
9876; 1
9883; 2
9925; 1
9932; 2
9933; 1
9938; 2
9937; 1
9942; 2
9954; 1
9961; 2
10002; 1
10008; 2
10030; 1
10035; 2
10030; 1
10036; 2
