Sequence of timestamped events V1.0
Stream 8
Id =8
Name = Camera_8
Tbegin = 0
Tend = 10000
Count = 500
128; 1
132; 2
155; 1
162; 2
181; 1
186; 2
223; 1
228; 2
272; 1
278; 2
282; 1
286; 2
343; 1
348; 2
343; 1
349; 2
364; 1
369; 2
367; 1
372; 2
392; 1
397; 2
394; 1
399; 2
467; 1
474; 2
476; 1
482; 2
483; 1
490; 2
495; 1
502; 2
514; 1
520; 2
535; 1
541; 2
567; 1
572; 2
620; 1
623; 2
630; 1
636; 2
635; 1
641; 2
649; 1
654; 2
663; 1
669; 2
690; 1
694; 2
696; 1
701; 2
705; 1
709; 2
711; 1
716; 2
737; 1
746; 2
744; 1
749; 2
798; 1
802; 2
816; 1
820; 2
869; 1
874; 2
873; 1
879; 2
921; 1
930; 2
929; 1
934; 2
942; 1
947; 2
971; 1
977; 2
1028; 1
1033; 2
1029; 1
1034; 2
1033; 1
1040; 2
1040; 1
1047; 2
1053; 1
1058; 2
1062; 1
1067; 2
1080; 1
1084; 2
1084; 1
1092; 2
1127; 1
1132; 2
1132; 1
1137; 2
1153; 1
1158; 2
1158; 1
1163; 2
1165; 1
1171; 2
1170; 1
1178; 2
1181; 1
1185; 2
1210; 1
1216; 2
1222; 1
1226; 2
1225; 1
1231; 2
1230; 1
1235; 2
1256; 1
1261; 2
1257; 1
1264; 2
1285; 1
1289; 2
1290; 1
1296; 2
1297; 1
1302; 2
1299; 1
1308; 2
1305; 1
1310; 2
1311; 1
1315; 2
1321; 1
1326; 2
1323; 1
1328; 2
1337; 1
1342; 2
1350; 1
1354; 2
1397; 1
1405; 2
1427; 1
1433; 2
1431; 1
1436; 2
1438; 1
1444; 2
1443; 1
1448; 2
1453; 1
1457; 2
1466; 1
1473; 2
1498; 1
1503; 2
1502; 1
1507; 2
1542; 1
1547; 2
1593; 1
1599; 2
1638; 1
1644; 2
1641; 1
1646; 2
1641; 1
1646; 2
1644; 1
1649; 2
1649; 1
1656; 2
1668; 1
1674; 2
1680; 1
1685; 2
1681; 1
1685; 2
1691; 1
1696; 2
1709; 1
1715; 2
1710; 1
1716; 2
1717; 1
1721; 2
1796; 1
1801; 2
1837; 1
1842; 2
1874; 1
1879; 2
1896; 1
1902; 2
1901; 1
1906; 2
1913; 1
1918; 2
1918; 1
1924; 2
1918; 1
1925; 2
1930; 1
1936; 2
1947; 1
1951; 2
1952; 1
1957; 2
1976; 1
1984; 2
2023; 1
2028; 2
2023; 1
2032; 2
2054; 1
2062; 2
2061; 1
2068; 2
2076; 1
2080; 2
2110; 1
2119; 2
2112; 1
2117; 2
2142; 1
2148; 2
2150; 1
2155; 2
2161; 1
2166; 2
2177; 1
2182; 2
2177; 1
2184; 2
2235; 1
2240; 2
2235; 1
2241; 2
2342; 1
2347; 2
2359; 1
2364; 2
2365; 1
2371; 2
2375; 1
2380; 2
2399; 1
2404; 2
2399; 1
2404; 2
2419; 1
2423; 2
2428; 1
2434; 2
2435; 1
2440; 2
2438; 1
2443; 2
2469; 1
2476; 2
2472; 1
2477; 2
2478; 1
2484; 2
2497; 1
2504; 2
2524; 1
2531; 2
2529; 1
2535; 2
2542; 1
2545; 2
2561; 1
2567; 2
2591; 1
2596; 2
2601; 1
2606; 2
2625; 1
2630; 2
2640; 1
2645; 2
2645; 1
2650; 2
2674; 1
2680; 2
2680; 1
2688; 2
2687; 1
2694; 2
2701; 1
2706; 2
2703; 1
2708; 2
2727; 1
2732; 2
2727; 1
2732; 2
2732; 1
2738; 2
2740; 1
2745; 2
2771; 1
2776; 2
2775; 1
2780; 2
2788; 1
2794; 2
2790; 1
2795; 2
2806; 1
2812; 2
2813; 1
2818; 2
2828; 1
2833; 2
2836; 1
2841; 2
2842; 1
2846; 2
2859; 1
2864; 2
2863; 1
2868; 2
2874; 1
2879; 2
2949; 1
2957; 2
2951; 1
2956; 2
2954; 1
2960; 2
2964; 1
2971; 2
3034; 1
3040; 2
3039; 1
3046; 2
3045; 1
3050; 2
3082; 1
3088; 2
3144; 1
3148; 2
3159; 1
3166; 2
3162; 1
3167; 2
3192; 1
3196; 2
3227; 1
3232; 2
3228; 1
3235; 2
3231; 1
3236; 2
3244; 1
3249; 2
3300; 1
3306; 2
3333; 1
3338; 2
3341; 1
3346; 2
3391; 1
3398; 2
3409; 1
3414; 2
3480; 1
3484; 2
3481; 1
3486; 2
3489; 1
3494; 2
3551; 1
3558; 2
3559; 1
3565; 2
3560; 1
3565; 2
3591; 1
3599; 2
3594; 1
3602; 2
3619; 1
3624; 2
3625; 1
3630; 2
3630; 1
3635; 2
3638; 1
3643; 2
3687; 1
3692; 2
3720; 1
3725; 2
3776; 1
3780; 2
3817; 1
3822; 2
3823; 1
3827; 2
3823; 1
3831; 2
3847; 1
3852; 2
3877; 1
3883; 2
3882; 1
3888; 2
3889; 1
3896; 2
3893; 1
3897; 2
3910; 1
3915; 2
3920; 1
3927; 2
3952; 1
3957; 2
4010; 1
4016; 2
4021; 1
4028; 2
4075; 1
4081; 2
4084; 1
4090; 2
4113; 1
4118; 2
4121; 1
4130; 2
4147; 1
4156; 2
4155; 1
4161; 2
4156; 1
4160; 2
4208; 1
4213; 2
4209; 1
4214; 2
4221; 1
4227; 2
4221; 1
4229; 2
4275; 1
4284; 2
4277; 1
4282; 2
4288; 1
4292; 2
4317; 1
4324; 2
4322; 1
4333; 2
4408; 1
4412; 2
4419; 1
4424; 2
4424; 1
4430; 2
4424; 1
4431; 2
4484; 1
4491; 2
4510; 1
4516; 2
4524; 1
4531; 2
4531; 1
4536; 2
4549; 1
4554; 2
4553; 1
4558; 2
4564; 1
4569; 2
4565; 1
4570; 2
4568; 1
4572; 2
4571; 1
4575; 2
4597; 1
4606; 2
4639; 1
4646; 2
4694; 1
4699; 2
4727; 1
4732; 2
4772; 1
4780; 2
4862; 1
4869; 2
4879; 1
4885; 2
4917; 1
4922; 2
4975; 1
4980; 2
5037; 1
5044; 2
5038; 1
5045; 2
5056; 1
5062; 2
5060; 1
5064; 2
5106; 1
5110; 2
5117; 1
5122; 2
5143; 1
5150; 2
5145; 1
5150; 2
5165; 1
5170; 2
5172; 1
5177; 2
5208; 1
5214; 2
5248; 1
5255; 2
5253; 1
5258; 2
5261; 1
5266; 2
5262; 1
5268; 2
5266; 1
5272; 2
5272; 1
5278; 2
5306; 1
5312; 2
5318; 1
5323; 2
5329; 1
5334; 2
5330; 1
5335; 2
5346; 1
5352; 2
5400; 1
5405; 2
5407; 1
5412; 2
5414; 1
5422; 2
5422; 1
5427; 2
5425; 1
5430; 2
5462; 1
5468; 2
5477; 1
5484; 2
5495; 1
5501; 2
5517; 1
5525; 2
5578; 1
5583; 2
5582; 1
5587; 2
5614; 1
5619; 2
5666; 1
5671; 2
5689; 1
5695; 2
5691; 1
5697; 2
5726; 1
5732; 2
5750; 1
5758; 2
5772; 1
5776; 2
5776; 1
5780; 2
5801; 1
5806; 2
5804; 1
5809; 2
5804; 1
5810; 2
5832; 1
5835; 2
5848; 1
5854; 2
5866; 1
5871; 2
5918; 1
5926; 2
5919; 1
5928; 2
5924; 1
5929; 2
5938; 1
5943; 2
5960; 1
5965; 2
5974; 1
5980; 2
6004; 1
6012; 2
6011; 1
6016; 2
6060; 1
6066; 2
6099; 1
6104; 2
6112; 1
6117; 2
6127; 1
6132; 2
6162; 1
6167; 2
6189; 1
6194; 2
6194; 1
6199; 2
6247; 1
6251; 2
6272; 1
6279; 2
6310; 1
6315; 2
6323; 1
6331; 2
6338; 1
6343; 2
6367; 1
6373; 2
6369; 1
6374; 2
6374; 1
6380; 2
6411; 1
6419; 2
6440; 1
6444; 2
6440; 1
6445; 2
6453; 1
6459; 2
6463; 1
6468; 2
6483; 1
6489; 2
6485; 1
6491; 2
6497; 1
6502; 2
6525; 1
6529; 2
6537; 1
6541; 2
6552; 1
6559; 2
6557; 1
6562; 2
6564; 1
6570; 2
6610; 1
6617; 2
6631; 1
6636; 2
6631; 1
6636; 2
6632; 1
6637; 2
6641; 1
6650; 2
6643; 1
6651; 2
6672; 1
6678; 2
6699; 1
6704; 2
6709; 1
6714; 2
6713; 1
6720; 2
6722; 1
6727; 2
6779; 1
6783; 2
6781; 1
6789; 2
6787; 1
6794; 2
6806; 1
6811; 2
6814; 1
6819; 2
6819; 1
6823; 2
6848; 1
6857; 2
6864; 1
6871; 2
6879; 1
6883; 2
6885; 1
6891; 2
6947; 1
6951; 2
6964; 1
6969; 2
6965; 1
6972; 2
6997; 1
7002; 2
7003; 1
7006; 2
7052; 1
7059; 2
7071; 1
7079; 2
7079; 1
7086; 2
7127; 1
7132; 2
7139; 1
7144; 2
7166; 1
7171; 2
7207; 1
7211; 2
7227; 1
7235; 2
7253; 1
7258; 2
7277; 1
7282; 2
7301; 1
7306; 2
7351; 1
7356; 2
7357; 1
7361; 2
7360; 1
7366; 2
7372; 1
7378; 2
7373; 1
7378; 2
7376; 1
7383; 2
7388; 1
7395; 2
7390; 1
7397; 2
7395; 1
7401; 2
7401; 1
7412; 2
7409; 1
7413; 2
7411; 1
7417; 2
7460; 1
7466; 2
7474; 1
7479; 2
7495; 1
7500; 2
7658; 1
7663; 2
7661; 1
7667; 2
7690; 1
7695; 2
7744; 1
7749; 2
7807; 1
7813; 2
7848; 1
7857; 2
7876; 1
7882; 2
7918; 1
7924; 2
7921; 1
7926; 2
7930; 1
7934; 2
7936; 1
7941; 2
7948; 1
7952; 2
7952; 1
7955; 2
8001; 1
8007; 2
8006; 1
8011; 2
8014; 1
8018; 2
8034; 1
8039; 2
8086; 1
8090; 2
8096; 1
8101; 2
8101; 1
8106; 2
8145; 1
8150; 2
8151; 1
8160; 2
8178; 1
8183; 2
8179; 1
8183; 2
8219; 1
8226; 2
8221; 1
8228; 2
8222; 1
8227; 2
8237; 1
8244; 2
8242; 1
8247; 2
8251; 1
8256; 2
8261; 1
8266; 2
8346; 1
8351; 2
8381; 1
8387; 2
8399; 1
8404; 2
8401; 1
8409; 2
8408; 1
8412; 2
8426; 1
8431; 2
8428; 1
8437; 2
8439; 1
8444; 2
8447; 1
8453; 2
8498; 1
8506; 2
8501; 1
8505; 2
8561; 1
8567; 2
8615; 1
8620; 2
8628; 1
8634; 2
8640; 1
8645; 2
8705; 1
8710; 2
8713; 1
8718; 2
8726; 1
8730; 2
8730; 1
8736; 2
8748; 1
8753; 2
8753; 1
8758; 2
8765; 1
8771; 2
8767; 1
8775; 2
8778; 1
8786; 2
8828; 1
8833; 2
8836; 1
8845; 2
8872; 1
8876; 2
8874; 1
8879; 2
8904; 1
8909; 2
8933; 1
8938; 2
8934; 1
8939; 2
8953; 1
8958; 2
8986; 1
8992; 2
9015; 1
9019; 2
9030; 1
9035; 2
9044; 1
9049; 2
9089; 1
9096; 2
9127; 1
9132; 2
9161; 1
9166; 2
9164; 1
9173; 2
9196; 1
9201; 2
9199; 1
9204; 2
9227; 1
9233; 2
9235; 1
9240; 2
9242; 1
9247; 2
9256; 1
9261; 2
9323; 1
9330; 2
9330; 1
9336; 2
9335; 1
9340; 2
9416; 1
9421; 2
9416; 1
9421; 2
9456; 1
9462; 2
9525; 1
9530; 2
9531; 1
9537; 2
9567; 1
9572; 2
9580; 1
9589; 2
9584; 1
9591; 2
9595; 1
9600; 2
9602; 1
9609; 2
9617; 1
9622; 2
9625; 1
9631; 2
9666; 1
9673; 2
9683; 1
9689; 2
9686; 1
9693; 2
9695; 1
9700; 2
9712; 1
9717; 2
9757; 1
9761; 2
9783; 1
9788; 2
9798; 1
9805; 2
9800; 1
9806; 2
9814; 1
9819; 2
9825; 1
9830; 2
9834; 1
9839; 2
9861; 1
9866; 2
9873; 1
9879; 2
9908; 1
9913; 2
9948; 1
9955; 2
9982; 1
9986; 2
9989; 1
9994; 2
9997; 1
10004; 2
10026; 1
10033; 2
10060; 1
10065; 2
10082; 1
10087; 2
10088; 1
10093; 2
