Sequence of timestamped events V1.0
Stream 7
Id =7
Name = Camera_7
Tbegin = 0
Tend = 10000
Count = 500
118; 1
123; 2
141; 1
148; 2
170; 1
175; 2
212; 1
217; 2
259; 1
266; 2
272; 1
277; 2
330; 1
337; 2
332; 1
337; 2
353; 1
358; 2
356; 1
361; 2
381; 1
386; 2
386; 1
390; 2
453; 1
460; 2
463; 1
470; 2
469; 1
476; 2
481; 1
488; 2
501; 1
508; 2
522; 1
529; 2
556; 1
561; 2
612; 1
616; 2
617; 1
624; 2
622; 1
629; 2
638; 1
643; 2
650; 1
657; 2
680; 1
685; 2
685; 1
690; 2
697; 1
701; 2
700; 1
705; 2
718; 1
728; 2
736; 1
740; 2
788; 1
793; 2
806; 1
811; 2
858; 1
863; 2
860; 1
867; 2
902; 1
912; 2
918; 1
923; 2
931; 1
936; 2
958; 1
965; 2
1017; 1
1022; 2
1018; 1
1023; 2
1019; 1
1026; 2
1026; 1
1033; 2
1042; 1
1047; 2
1051; 1
1056; 2
1068; 1
1076; 2
1070; 1
1075; 2
1116; 1
1121; 2
1121; 1
1126; 2
1142; 1
1147; 2
1150; 1
1154; 2
1152; 1
1159; 2
1154; 1
1162; 2
1171; 1
1176; 2
1197; 1
1204; 2
1212; 1
1217; 2
1212; 1
1219; 2
1219; 1
1224; 2
1243; 1
1250; 2
1245; 1
1250; 2
1275; 1
1280; 2
1277; 1
1284; 2
1280; 1
1290; 2
1286; 1
1291; 2
1297; 1
1301; 2
1301; 1
1306; 2
1310; 1
1315; 2
1312; 1
1317; 2
1326; 1
1331; 2
1340; 1
1345; 2
1381; 1
1389; 2
1414; 1
1421; 2
1420; 1
1425; 2
1425; 1
1432; 2
1432; 1
1437; 2
1445; 1
1449; 2
1452; 1
1459; 2
1487; 1
1492; 2
1491; 1
1496; 2
1531; 1
1536; 2
1580; 1
1587; 2
1625; 1
1632; 2
1633; 1
1637; 2
1633; 1
1637; 2
1633; 1
1638; 2
1635; 1
1642; 2
1655; 1
1662; 2
1669; 1
1674; 2
1671; 1
1676; 2
1680; 1
1685; 2
1696; 1
1703; 2
1697; 1
1704; 2
1707; 1
1712; 2
1785; 1
1790; 2
1826; 1
1831; 2
1863; 1
1868; 2
1883; 1
1890; 2
1890; 1
1895; 2
1902; 1
1907; 2
1904; 1
1911; 2
1905; 1
1912; 2
1917; 1
1924; 2
1937; 1
1942; 2
1941; 1
1946; 2
1960; 1
1968; 2
2004; 1
2014; 2
2012; 1
2017; 2
2038; 1
2046; 2
2047; 1
2054; 2
2066; 1
2071; 2
2091; 1
2101; 2
2104; 1
2108; 2
2129; 1
2136; 2
2139; 1
2144; 2
2150; 1
2155; 2
2163; 1
2170; 2
2166; 1
2171; 2
2222; 1
2229; 2
2224; 1
2229; 2
2331; 1
2336; 2
2348; 1
2353; 2
2352; 1
2359; 2
2364; 1
2369; 2
2388; 1
2393; 2
2388; 1
2393; 2
2409; 1
2414; 2
2415; 1
2422; 2
2427; 1
2431; 2
2427; 1
2432; 2
2455; 1
2462; 2
2461; 1
2466; 2
2465; 1
2472; 2
2483; 1
2490; 2
2510; 1
2517; 2
2516; 1
2523; 2
2534; 1
2538; 2
2548; 1
2555; 2
2580; 1
2585; 2
2593; 1
2597; 2
2614; 1
2619; 2
2629; 1
2634; 2
2637; 1
2641; 2
2661; 1
2668; 2
2664; 1
2672; 2
2673; 1
2680; 2
2690; 1
2695; 2
2692; 1
2697; 2
2716; 1
2721; 2
2719; 1
2723; 2
2719; 1
2726; 2
2729; 1
2734; 2
2763; 1
2767; 2
2767; 1
2771; 2
2775; 1
2782; 2
2779; 1
2784; 2
2793; 1
2800; 2
2802; 1
2807; 2
2817; 1
2822; 2
2825; 1
2830; 2
2832; 1
2837; 2
2848; 1
2853; 2
2852; 1
2857; 2
2863; 1
2868; 2
2933; 1
2941; 2
2940; 1
2945; 2
2941; 1
2948; 2
2950; 1
2957; 2
3021; 1
3028; 2
3025; 1
3032; 2
3034; 1
3039; 2
3069; 1
3076; 2
3134; 1
3139; 2
3145; 1
3152; 2
3151; 1
3156; 2
3182; 1
3187; 2
3214; 1
3221; 2
3216; 1
3221; 2
3220; 1
3225; 2
3233; 1
3238; 2
3287; 1
3294; 2
3322; 1
3327; 2
3330; 1
3335; 2
3377; 1
3384; 2
3398; 1
3403; 2
3470; 1
3475; 2
3470; 1
3475; 2
3478; 1
3483; 2
3537; 1
3544; 2
3546; 1
3553; 2
3549; 1
3554; 2
3575; 1
3583; 2
3578; 1
3586; 2
3608; 1
3613; 2
3614; 1
3619; 2
3619; 1
3624; 2
3627; 1
3632; 2
3676; 1
3681; 2
3709; 1
3714; 2
3766; 1
3771; 2
3806; 1
3811; 2
3807; 1
3815; 2
3813; 1
3818; 2
3836; 1
3841; 2
3864; 1
3871; 2
3869; 1
3876; 2
3875; 1
3882; 2
3883; 1
3888; 2
3899; 1
3904; 2
3906; 1
3913; 2
3941; 1
3946; 2
3997; 1
4004; 2
4007; 1
4014; 2
4062; 1
4069; 2
4071; 1
4078; 2
4102; 1
4107; 2
4102; 1
4112; 2
4128; 1
4138; 2
4142; 1
4149; 2
4146; 1
4151; 2
4197; 1
4202; 2
4198; 1
4203; 2
4205; 1
4213; 2
4208; 1
4215; 2
4256; 1
4266; 2
4266; 1
4271; 2
4278; 1
4283; 2
4300; 1
4311; 2
4303; 1
4310; 2
4400; 1
4404; 2
4408; 1
4413; 2
4410; 1
4417; 2
4411; 1
4418; 2
4470; 1
4477; 2
4497; 1
4504; 2
4510; 1
4517; 2
4520; 1
4525; 2
4538; 1
4543; 2
4542; 1
4547; 2
4553; 1
4558; 2
4554; 1
4559; 2
4560; 1
4564; 2
4561; 1
4566; 2
4578; 1
4588; 2
4625; 1
4632; 2
4683; 1
4688; 2
4716; 1
4721; 2
4756; 1
4764; 2
4848; 1
4855; 2
4866; 1
4873; 2
4906; 1
4911; 2
4964; 1
4969; 2
5023; 1
5030; 2
5024; 1
5031; 2
5043; 1
5050; 2
5050; 1
5055; 2
5096; 1
5101; 2
5106; 1
5111; 2
5129; 1
5136; 2
5134; 1
5139; 2
5157; 1
5161; 2
5161; 1
5166; 2
5195; 1
5202; 2
5234; 1
5241; 2
5242; 1
5247; 2
5249; 1
5256; 2
5250; 1
5255; 2
5253; 1
5260; 2
5259; 1
5266; 2
5293; 1
5300; 2
5307; 1
5312; 2
5318; 1
5323; 2
5319; 1
5324; 2
5333; 1
5340; 2
5392; 1
5396; 2
5396; 1
5401; 2
5398; 1
5406; 2
5411; 1
5416; 2
5414; 1
5419; 2
5449; 1
5456; 2
5463; 1
5470; 2
5482; 1
5489; 2
5501; 1
5509; 2
5567; 1
5572; 2
5571; 1
5576; 2
5603; 1
5608; 2
5655; 1
5660; 2
5676; 1
5683; 2
5678; 1
5685; 2
5713; 1
5720; 2
5734; 1
5742; 2
5762; 1
5767; 2
5766; 1
5771; 2
5791; 1
5798; 2
5793; 1
5797; 2
5793; 1
5798; 2
5824; 1
5828; 2
5835; 1
5842; 2
5855; 1
5860; 2
5900; 1
5910; 2
5902; 1
5910; 2
5916; 1
5920; 2
5927; 1
5932; 2
5949; 1
5954; 2
5961; 1
5968; 2
5988; 1
5996; 2
6000; 1
6005; 2
6047; 1
6054; 2
6088; 1
6093; 2
6101; 1
6106; 2
6116; 1
6121; 2
6151; 1
6156; 2
6178; 1
6183; 2
6183; 1
6188; 2
6237; 1
6242; 2
6258; 1
6265; 2
6299; 1
6304; 2
6307; 1
6315; 2
6327; 1
6332; 2
6354; 1
6361; 2
6358; 1
6363; 2
6361; 1
6368; 2
6395; 1
6403; 2
6429; 1
6434; 2
6432; 1
6436; 2
6440; 1
6447; 2
6452; 1
6457; 2
6470; 1
6477; 2
6472; 1
6479; 2
6486; 1
6491; 2
6515; 1
6520; 2
6527; 1
6532; 2
6538; 1
6545; 2
6546; 1
6551; 2
6551; 1
6558; 2
6596; 1
6603; 2
6620; 1
6625; 2
6621; 1
6626; 2
6622; 1
6632; 2
6623; 1
6627; 2
6627; 1
6635; 2
6659; 1
6666; 2
6688; 1
6693; 2
6698; 1
6703; 2
6699; 1
6706; 2
6711; 1
6716; 2
6765; 1
6773; 2
6769; 1
6774; 2
6773; 1
6780; 2
6795; 1
6800; 2
6803; 1
6808; 2
6809; 1
6814; 2
6829; 1
6839; 2
6850; 1
6857; 2
6869; 1
6874; 2
6872; 1
6879; 2
6937; 1
6942; 2
6951; 1
6958; 2
6953; 1
6958; 2
6986; 1
6991; 2
6995; 1
6999; 2
7038; 1
7045; 2
7055; 1
7063; 2
7065; 1
7072; 2
7116; 1
7121; 2
7128; 1
7133; 2
7155; 1
7160; 2
7197; 1
7202; 2
7211; 1
7219; 2
7242; 1
7247; 2
7266; 1
7271; 2
7290; 1
7295; 2
7340; 1
7345; 2
7347; 1
7352; 2
7347; 1
7354; 2
7359; 1
7366; 2
7362; 1
7367; 2
7362; 1
7369; 2
7374; 1
7381; 2
7376; 1
7383; 2
7379; 1
7390; 2
7382; 1
7389; 2
7398; 1
7405; 2
7399; 1
7404; 2
7447; 1
7454; 2
7463; 1
7468; 2
7484; 1
7489; 2
7647; 1
7652; 2
7648; 1
7655; 2
7679; 1
7684; 2
7733; 1
7738; 2
7794; 1
7801; 2
7829; 1
7839; 2
7863; 1
7870; 2
7905; 1
7912; 2
7913; 1
7917; 2
7920; 1
7925; 2
7925; 1
7930; 2
7938; 1
7943; 2
7944; 1
7948; 2
7988; 1
7995; 2
7995; 1
8000; 2
8004; 1
8009; 2
8023; 1
8028; 2
8078; 1
8082; 2
8085; 1
8090; 2
8090; 1
8095; 2
8132; 1
8142; 2
8137; 1
8141; 2
8167; 1
8172; 2
8169; 1
8174; 2
8205; 1
8212; 2
8207; 1
8214; 2
8214; 1
8218; 2
8223; 1
8230; 2
8231; 1
8236; 2
8240; 1
8245; 2
8253; 1
8257; 2
8335; 1
8340; 2
8368; 1
8375; 2
8385; 1
8393; 2
8391; 1
8395; 2
8398; 1
8403; 2
8409; 1
8419; 2
8415; 1
8420; 2
8428; 1
8433; 2
8434; 1
8441; 2
8482; 1
8490; 2
8493; 1
8497; 2
8548; 1
8555; 2
8604; 1
8609; 2
8615; 1
8622; 2
8629; 1
8634; 2
8694; 1
8699; 2
8702; 1
8707; 2
8717; 1
8724; 2
8718; 1
8722; 2
8737; 1
8742; 2
8742; 1
8747; 2
8751; 1
8759; 2
8752; 1
8759; 2
8762; 1
8770; 2
8817; 1
8822; 2
8817; 1
8827; 2
8862; 1
8867; 2
8863; 1
8868; 2
8893; 1
8898; 2
8922; 1
8927; 2
8923; 1
8928; 2
8945; 1
8949; 2
8973; 1
8980; 2
9005; 1
9010; 2
9022; 1
9026; 2
9033; 1
9038; 2
9075; 1
9082; 2
9116; 1
9121; 2
9145; 1
9155; 2
9150; 1
9155; 2
9185; 1
9190; 2
9188; 1
9193; 2
9214; 1
9221; 2
9224; 1
9229; 2
9231; 1
9236; 2
9245; 1
9250; 2
9309; 1
9316; 2
9317; 1
9324; 2
9324; 1
9329; 2
9405; 1
9410; 2
9405; 1
9410; 2
9443; 1
9450; 2
9514; 1
9519; 2
9518; 1
9525; 2
9556; 1
9561; 2
9561; 1
9571; 2
9570; 1
9577; 2
9584; 1
9589; 2
9588; 1
9595; 2
9606; 1
9611; 2
9612; 1
9619; 2
9652; 1
9659; 2
9670; 1
9677; 2
9672; 1
9679; 2
9684; 1
9689; 2
9701; 1
9706; 2
9747; 1
9752; 2
9772; 1
9777; 2
9784; 1
9791; 2
9787; 1
9794; 2
9806; 1
9810; 2
9814; 1
9819; 2
9826; 1
9830; 2
9850; 1
9855; 2
9860; 1
9867; 2
9900; 1
9904; 2
9934; 1
9941; 2
9972; 1
9977; 2
9978; 1
9983; 2
9983; 1
9990; 2
10012; 1
10019; 2
10049; 1
10054; 2
10071; 1
10076; 2
10077; 1
10082; 2
