Sequence of timestamped events V0.1
101
Name =101
Tbegin = 0
Tend = 885492
Count = 1403
32; 1
35; 2
175; 1
178; 2
386; 1
390; 2
618; 1
622; 2
741; 1
747; 2
919; 1
923; 2
930; 1
934; 2
1174; 1
1177; 2
1193; 1
1196; 2
1241; 1
1242; 2
1309; 1
1312; 2
1499; 1
1501; 2
1918; 1
1922; 2
2192; 1
2197; 2
2286; 1
2292; 2
2458; 1
2463; 2
2563; 1
2568; 2
2587; 1
2590; 2
2656; 1
2659; 2
2844; 1
2848; 2
2857; 1
2860; 2
3222; 1
3225; 2
3476; 1
3479; 2
3563; 1
3567; 2
3918; 1
3921; 2
4205; 1
4209; 2
5442; 1
5445; 2
8459; 1
8462; 2
10248; 1
10251; 2
14451; 1
14454; 2
14458; 1
14462; 2
14912; 1
14919; 2
15245; 1
15246; 2
15250; 1
15251; 2
16187; 1
16190; 2
16422; 1
16423; 2
16424; 1
16431; 2
16474; 1
16477; 2
16788; 1
16793; 2
17455; 1
17458; 2
18041; 1
18044; 2
19018; 1
19021; 2
19264; 1
19269; 2
19305; 1
19307; 2
19629; 1
19633; 2
19900; 1
19905; 2
20257; 1
20262; 2
20388; 1
20391; 2
20552; 1
20555; 2
21035; 1
21039; 2
21309; 1
21312; 2
21705; 1
21709; 2
21763; 1
21765; 2
28485; 1
28489; 2
28685; 1
28689; 2
29394; 1
29402; 2
32365; 1
32366; 2
32444; 1
32446; 2
32447; 1
32450; 2
33518; 1
33523; 2
33608; 1
33611; 2
35590; 1
35591; 2
38130; 1
38131; 2
38134; 1
38139; 2
40041; 1
40042; 2
40043; 1
40044; 2
49422; 1
49423; 2
53677; 1
53681; 2
53691; 1
53695; 2
53885; 1
53888; 2
53895; 1
53898; 2
54060; 1
54066; 2
54171; 1
54175; 2
54318; 1
54322; 2
54455; 1
54458; 2
54575; 1
54579; 2
54663; 1
54668; 2
54708; 1
54710; 2
54855; 1
54857; 2
54890; 1
54894; 2
55031; 1
55032; 2
55040; 1
55043; 2
55069; 1
55071; 2
55327; 1
55331; 2
55465; 1
55468; 2
55473; 1
55476; 2
55583; 1
55587; 2
55627; 1
55632; 2
55846; 1
55849; 2
56301; 1
56304; 2
56337; 1
56342; 2
56351; 1
56352; 2
56353; 1
56355; 2
56523; 1
56526; 2
56855; 1
56859; 2
57021; 1
57024; 2
60452; 1
60454; 2
62790; 1
62791; 2
65464; 1
65466; 2
65973; 1
65975; 2
67554; 1
67557; 2
67600; 1
67609; 2
68399; 1
68400; 2
68439; 1
68440; 2
68477; 1
68479; 2
69229; 1
69233; 2
69934; 1
69940; 2
70447; 1
70451; 2
71139; 1
71140; 2
71257; 1
71264; 2
71891; 1
71895; 2
71943; 1
71949; 2
72895; 1
72902; 2
73097; 1
73102; 2
73105; 1
73106; 2
73209; 1
73215; 2
73216; 1
73218; 2
73321; 1
73326; 2
73349; 1
73352; 2
73866; 1
73870; 2
73911; 1
73913; 2
74121; 1
74126; 2
74591; 1
74595; 2
74706; 1
74709; 2
75278; 1
75282; 2
75408; 1
75411; 2
79489; 1
79491; 2
80486; 1
80489; 2
82994; 1
82995; 2
82996; 1
82997; 2
83000; 1
83002; 2
84813; 1
84818; 2
85629; 1
85630; 2
85978; 1
85981; 2
86553; 1
86554; 2
86555; 1
86558; 2
86830; 1
86834; 2
87790; 1
87791; 2
87792; 1
87799; 2
91122; 1
91126; 2
91128; 1
91129; 2
91130; 1
91137; 2
94582; 1
94583; 2
99029; 1
99030; 2
99033; 1
99034; 2
100130; 1
100131; 2
101880; 1
101881; 2
102223; 1
102224; 2
102226; 1
102228; 2
102235; 1
102236; 2
102271; 1
102272; 2
102314; 1
102315; 2
102477; 1
102478; 2
102585; 1
102586; 2
102795; 1
102796; 2
102877; 1
102878; 2
102882; 1
102884; 2
102908; 1
102909; 2
103034; 1
103035; 2
103295; 1
103296; 2
103445; 1
103446; 2
107582; 1
107585; 2
107835; 1
107839; 2
108117; 1
108119; 2
108155; 1
108160; 2
108191; 1
108192; 2
108392; 1
108395; 2
108414; 1
108418; 2
108441; 1
108443; 2
108459; 1
108460; 2
108749; 1
108753; 2
108787; 1
108789; 2
108844; 1
108847; 2
108864; 1
108867; 2
109122; 1
109125; 2
109292; 1
109295; 2
109301; 1
109304; 2
109564; 1
109567; 2
109796; 1
109799; 2
110010; 1
110013; 2
110119; 1
110122; 2
110133; 1
110138; 2
110192; 1
110195; 2
110202; 1
110204; 2
110603; 1
110606; 2
110632; 1
110635; 2
110731; 1
110735; 2
110882; 1
110884; 2
111628; 1
111631; 2
111724; 1
111727; 2
115975; 1
115979; 2
118886; 1
118888; 2
120517; 1
120520; 2
121511; 1
121521; 2
122484; 1
122485; 2
122486; 1
122487; 2
122531; 1
122535; 2
122536; 1
122539; 2
122722; 1
122725; 2
123846; 1
123849; 2
123868; 1
123875; 2
123962; 1
123966; 2
124894; 1
124899; 2
125010; 1
125011; 2
125065; 1
125066; 2
125104; 1
125105; 2
125425; 1
125426; 2
125870; 1
125871; 2
125909; 1
125911; 2
125968; 1
125977; 2
126074; 1
126077; 2
126118; 1
126120; 2
126134; 1
126136; 2
126140; 1
126141; 2
126495; 1
126501; 2
126595; 1
126596; 2
126870; 1
126871; 2
127224; 1
127228; 2
128539; 1
128542; 2
128697; 1
128700; 2
128986; 1
128990; 2
129074; 1
129077; 2
129093; 1
129095; 2
131659; 1
131663; 2
133505; 1
133509; 2
136474; 1
136475; 2
136509; 1
136510; 2
136760; 1
136761; 2
137029; 1
137030; 2
137032; 1
137036; 2
137129; 1
137131; 2
137375; 1
137376; 2
139197; 1
139202; 2
139203; 1
139205; 2
139996; 1
140000; 2
141973; 1
141974; 2
141975; 1
141981; 2
152551; 1
152557; 2
154123; 1
154124; 2
154365; 1
154366; 2
154377; 1
154378; 2
154418; 1
154419; 2
154439; 1
154440; 2
154464; 1
154465; 2
154470; 1
154471; 2
154527; 1
154528; 2
154901; 1
154902; 2
161579; 1
161582; 2
161649; 1
161653; 2
162338; 1
162344; 2
162445; 1
162449; 2
162557; 1
162560; 2
162580; 1
162584; 2
162842; 1
162848; 2
162981; 1
162985; 2
163081; 1
163084; 2
163219; 1
163224; 2
163238; 1
163242; 2
163285; 1
163289; 2
163300; 1
163304; 2
163310; 1
163311; 2
163637; 1
163640; 2
163809; 1
163812; 2
163826; 1
163828; 2
163927; 1
163931; 2
164150; 1
164155; 2
164271; 1
164278; 2
164690; 1
164694; 2
165438; 1
165443; 2
165821; 1
165824; 2
173384; 1
173385; 2
176033; 1
176036; 2
176037; 1
176042; 2
176360; 1
176365; 2
177229; 1
177231; 2
177718; 1
177721; 2
179557; 1
179559; 2
179574; 1
179577; 2
180139; 1
180143; 2
180209; 1
180214; 2
180734; 1
180739; 2
181080; 1
181083; 2
181122; 1
181132; 2
181435; 1
181438; 2
181601; 1
181606; 2
181940; 1
181943; 2
181944; 1
181947; 2
182003; 1
182007; 2
182158; 1
182160; 2
182562; 1
182566; 2
182684; 1
182687; 2
183033; 1
183037; 2
183097; 1
183099; 2
183430; 1
183433; 2
185031; 1
185035; 2
187174; 1
187179; 2
190915; 1
190919; 2
191189; 1
191201; 2
194635; 1
194638; 2
195737; 1
195745; 2
195746; 1
195750; 2
197490; 1
197496; 2
198055; 1
198056; 2
198067; 1
198074; 2
200546; 1
200551; 2
211397; 1
211398; 2
215575; 1
215579; 2
216009; 1
216012; 2
216225; 1
216228; 2
216270; 1
216274; 2
216370; 1
216371; 2
216562; 1
216565; 2
216614; 1
216617; 2
216656; 1
216661; 2
216834; 1
216837; 2
217088; 1
217091; 2
217159; 1
217164; 2
217301; 1
217303; 2
217305; 1
217308; 2
217361; 1
217364; 2
217413; 1
217415; 2
217585; 1
217587; 2
217629; 1
217633; 2
217639; 1
217640; 2
217691; 1
217692; 2
217742; 1
217745; 2
217990; 1
217994; 2
218138; 1
218141; 2
218162; 1
218165; 2
218327; 1
218332; 2
218971; 1
218978; 2
219038; 1
219041; 2
219129; 1
219134; 2
224543; 1
224544; 2
226316; 1
226321; 2
226503; 1
226504; 2
226505; 1
226506; 2
226533; 1
226534; 2
226797; 1
226798; 2
226810; 1
226811; 2
227012; 1
227013; 2
227067; 1
227068; 2
227081; 1
227082; 2
227193; 1
227194; 2
227592; 1
227593; 2
228025; 1
228026; 2
228217; 1
228218; 2
228221; 1
228222; 2
228347; 1
228349; 2
228438; 1
228439; 2
228866; 1
228867; 2
228990; 1
228991; 2
229080; 1
229081; 2
229409; 1
229410; 2
229535; 1
229536; 2
229570; 1
229571; 2
230055; 1
230056; 2
230092; 1
230094; 2
230221; 1
230222; 2
230273; 1
230275; 2
230450; 1
230456; 2
230457; 1
230459; 2
230551; 1
230558; 2
230710; 1
230712; 2
230832; 1
230833; 2
230884; 1
230885; 2
231001; 1
231002; 2
231086; 1
231087; 2
231310; 1
231311; 2
231360; 1
231361; 2
231362; 1
231363; 2
231394; 1
231398; 2
231421; 1
231422; 2
231439; 1
231441; 2
231575; 1
231576; 2
231678; 1
231679; 2
231715; 1
231716; 2
232218; 1
232219; 2
232297; 1
232298; 2
232328; 1
232329; 2
232414; 1
232416; 2
232517; 1
232518; 2
232760; 1
232761; 2
232912; 1
232913; 2
233119; 1
233120; 2
233150; 1
233151; 2
233203; 1
233204; 2
233238; 1
233239; 2
233291; 1
233292; 2
233308; 1
233311; 2
233494; 1
233495; 2
233580; 1
233581; 2
233617; 1
233620; 2
233879; 1
233882; 2
234912; 1
234916; 2
234939; 1
234940; 2
234955; 1
234959; 2
235014; 1
235015; 2
235490; 1
235492; 2
235590; 1
235593; 2
235604; 1
235607; 2
235741; 1
235744; 2
235921; 1
235924; 2
236003; 1
236004; 2
236108; 1
236111; 2
236173; 1
236174; 2
236175; 1
236178; 2
236409; 1
236410; 2
236600; 1
236603; 2
236833; 1
236836; 2
237014; 1
237017; 2
237637; 1
237638; 2
238293; 1
238294; 2
238318; 1
238319; 2
238336; 1
238337; 2
242903; 1
242907; 2
243032; 1
243035; 2
243353; 1
243355; 2
246473; 1
246474; 2
248057; 1
248062; 2
248064; 1
248071; 2
249077; 1
249078; 2
249083; 1
249084; 2
249991; 1
249994; 2
250933; 1
250937; 2
262801; 1
262802; 2
269333; 1
269339; 2
269381; 1
269385; 2
269889; 1
269890; 2
269898; 1
269901; 2
269970; 1
269972; 2
270066; 1
270074; 2
270248; 1
270255; 2
270509; 1
270514; 2
270718; 1
270721; 2
270808; 1
270811; 2
271051; 1
271053; 2
271068; 1
271072; 2
271091; 1
271092; 2
271366; 1
271369; 2
271388; 1
271391; 2
271585; 1
271588; 2
271606; 1
271610; 2
271701; 1
271705; 2
271780; 1
271783; 2
272032; 1
272035; 2
272114; 1
272117; 2
272199; 1
272202; 2
273148; 1
273151; 2
273324; 1
273328; 2
273392; 1
273395; 2
273515; 1
273519; 2
280034; 1
280037; 2
283762; 1
283766; 2
283831; 1
283837; 2
283952; 1
283956; 2
284475; 1
284478; 2
284481; 1
284483; 2
284561; 1
284564; 2
284565; 1
284570; 2
284740; 1
284743; 2
286187; 1
286197; 2
286272; 1
286280; 2
286705; 1
286707; 2
287342; 1
287345; 2
287737; 1
287740; 2
288152; 1
288157; 2
288358; 1
288363; 2
288393; 1
288394; 2
288818; 1
288821; 2
289187; 1
289190; 2
289422; 1
289425; 2
289601; 1
289605; 2
289608; 1
289611; 2
290068; 1
290072; 2
290361; 1
290366; 2
290915; 1
290919; 2
291037; 1
291040; 2
291239; 1
291241; 2
298365; 1
298366; 2
298368; 1
298371; 2
298372; 1
298374; 2
301610; 1
301611; 2
301612; 1
301613; 2
301615; 1
301617; 2
301624; 1
301625; 2
301626; 1
301629; 2
302326; 1
302329; 2
303301; 1
303302; 2
303429; 1
303430; 2
303504; 1
303508; 2
303771; 1
303778; 2
303823; 1
303827; 2
303917; 1
303920; 2
318100; 1
318101; 2
318683; 1
318684; 2
319244; 1
319245; 2
319563; 1
319564; 2
323466; 1
323468; 2
323553; 1
323556; 2
323618; 1
323622; 2
323732; 1
323734; 2
323741; 1
323745; 2
324126; 1
324131; 2
324182; 1
324183; 2
324285; 1
324289; 2
324331; 1
324334; 2
324367; 1
324371; 2
324530; 1
324533; 2
324715; 1
324719; 2
324741; 1
324743; 2
324868; 1
324872; 2
324910; 1
324915; 2
325154; 1
325158; 2
325345; 1
325348; 2
325462; 1
325465; 2
325468; 1
325471; 2
325628; 1
325634; 2
325701; 1
325707; 2
325711; 1
325714; 2
325784; 1
325785; 2
325837; 1
325840; 2
325963; 1
325966; 2
326049; 1
326054; 2
326170; 1
326173; 2
326460; 1
326464; 2
327014; 1
327017; 2
327339; 1
327343; 2
330512; 1
330516; 2
330524; 1
330529; 2
330530; 1
330531; 2
330568; 1
330571; 2
330572; 1
330574; 2
337183; 1
337184; 2
337185; 1
337186; 2
337187; 1
337188; 2
337699; 1
337701; 2
338299; 1
338300; 2
338302; 1
338306; 2
338944; 1
338947; 2
340509; 1
340513; 2
341238; 1
341242; 2
341451; 1
341454; 2
342042; 1
342046; 2
342244; 1
342248; 2
342303; 1
342304; 2
342310; 1
342311; 2
342476; 1
342483; 2
342814; 1
342818; 2
342870; 1
342875; 2
343040; 1
343041; 2
343043; 1
343045; 2
343046; 1
343050; 2
343126; 1
343134; 2
343456; 1
343461; 2
343501; 1
343502; 2
343564; 1
343568; 2
343696; 1
343701; 2
343959; 1
343962; 2
344076; 1
344081; 2
344127; 1
344128; 2
344314; 1
344317; 2
344807; 1
344814; 2
344875; 1
344877; 2
350200; 1
350203; 2
352421; 1
352425; 2
352737; 1
352739; 2
352741; 1
352742; 2
352743; 1
352745; 2
354937; 1
354938; 2
355015; 1
355016; 2
355491; 1
355492; 2
355600; 1
355601; 2
355603; 1
355604; 2
356168; 1
356171; 2
356460; 1
356464; 2
357909; 1
357913; 2
358324; 1
358326; 2
359656; 1
359663; 2
359766; 1
359769; 2
363165; 1
363168; 2
363170; 1
363171; 2
369253; 1
369254; 2
369382; 1
369383; 2
373337; 1
373338; 2
377207; 1
377211; 2
377443; 1
377448; 2
377520; 1
377527; 2
377550; 1
377551; 2
377676; 1
377681; 2
377815; 1
377816; 2
377883; 1
377886; 2
377970; 1
377973; 2
378426; 1
378430; 2
378518; 1
378521; 2
378545; 1
378547; 2
378548; 1
378550; 2
378552; 1
378555; 2
378794; 1
378798; 2
378895; 1
378899; 2
379047; 1
379050; 2
379058; 1
379063; 2
379170; 1
379174; 2
379225; 1
379231; 2
379855; 1
379857; 2
379964; 1
379968; 2
380136; 1
380140; 2
380250; 1
380253; 2
380420; 1
380425; 2
380744; 1
380747; 2
380749; 1
380757; 2
380758; 1
380759; 2
385906; 1
385918; 2
386946; 1
386948; 2
389969; 1
389977; 2
390499; 1
390504; 2
391026; 1
391027; 2
391032; 1
391033; 2
391034; 1
391036; 2
391171; 1
391176; 2
391654; 1
391655; 2
391674; 1
391676; 2
391678; 1
391680; 2
394755; 1
394756; 2
394757; 1
394758; 2
394761; 1
394763; 2
394765; 1
394766; 2
394767; 1
394768; 2
394769; 1
394771; 2
394778; 1
394779; 2
394943; 1
394946; 2
395080; 1
395085; 2
395087; 1
395094; 2
395417; 1
395420; 2
395575; 1
395581; 2
396139; 1
396145; 2
396342; 1
396346; 2
396701; 1
396705; 2
396717; 1
396721; 2
396766; 1
396769; 2
396795; 1
396796; 2
396999; 1
397000; 2
397021; 1
397022; 2
397023; 1
397027; 2
397115; 1
397117; 2
397340; 1
397343; 2
397431; 1
397434; 2
397609; 1
397612; 2
400033; 1
400036; 2
402697; 1
402701; 2
402712; 1
402714; 2
402717; 1
402718; 2
402765; 1
402767; 2
404530; 1
404534; 2
406213; 1
406214; 2
406216; 1
406219; 2
407521; 1
407526; 2
407583; 1
407584; 2
407588; 1
407591; 2
407592; 1
407593; 2
407602; 1
407607; 2
407670; 1
407671; 2
407701; 1
407704; 2
407720; 1
407721; 2
407730; 1
407731; 2
407734; 1
407735; 2
407748; 1
407753; 2
408380; 1
408382; 2
408994; 1
408995; 2
409001; 1
409005; 2
409167; 1
409168; 2
409914; 1
409918; 2
410434; 1
410435; 2
410453; 1
410455; 2
410800; 1
410804; 2
412456; 1
412459; 2
412461; 1
412462; 2
412685; 1
412688; 2
415676; 1
415677; 2
415680; 1
415681; 2
417321; 1
417323; 2
417339; 1
417340; 2
417341; 1
417342; 2
417343; 1
417345; 2
423699; 1
423701; 2
424344; 1
424345; 2
424490; 1
424491; 2
431102; 1
431109; 2
431153; 1
431157; 2
431200; 1
431201; 2
431290; 1
431293; 2
431422; 1
431427; 2
431585; 1
431589; 2
431755; 1
431757; 2
431780; 1
431783; 2
431811; 1
431812; 2
431938; 1
431940; 2
432091; 1
432094; 2
432112; 1
432116; 2
432136; 1
432140; 2
432288; 1
432291; 2
432317; 1
432318; 2
432319; 1
432320; 2
432346; 1
432347; 2
432354; 1
432355; 2
432733; 1
432736; 2
432871; 1
432877; 2
433125; 1
433131; 2
433138; 1
433140; 2
433210; 1
433212; 2
433296; 1
433301; 2
433378; 1
433381; 2
433536; 1
433539; 2
433585; 1
433589; 2
433920; 1
433924; 2
433999; 1
434002; 2
434680; 1
434682; 2
438315; 1
438322; 2
438329; 1
438332; 2
438345; 1
438346; 2
438349; 1
438351; 2
441024; 1
441027; 2
443849; 1
443850; 2
446533; 1
446534; 2
448336; 1
448339; 2
448930; 1
448937; 2
449156; 1
449159; 2
449225; 1
449229; 2
449949; 1
449952; 2
450088; 1
450091; 2
450205; 1
450208; 2
450282; 1
450285; 2
450861; 1
450866; 2
451065; 1
451068; 2
451135; 1
451139; 2
451324; 1
451327; 2
451678; 1
451681; 2
451862; 1
451865; 2
452004; 1
452007; 2
452329; 1
452332; 2
453092; 1
453095; 2
457737; 1
457739; 2
459388; 1
459392; 2
459976; 1
459980; 2
461211; 1
461215; 2
462405; 1
462409; 2
462609; 1
462611; 2
463311; 1
463315; 2
463665; 1
463669; 2
466177; 1
466179; 2
467724; 1
467725; 2
467726; 1
467728; 2
468182; 1
468190; 2
470986; 1
470987; 2
470988; 1
470993; 2
471103; 1
471104; 2
471108; 1
471109; 2
477781; 1
477782; 2
479118; 1
479119; 2
479168; 1
479169; 2
484860; 1
484865; 2
484901; 1
484904; 2
484911; 1
484913; 2
485536; 1
485540; 2
485909; 1
485911; 2
485935; 1
485939; 2
486039; 1
486042; 2
486097; 1
486100; 2
486178; 1
486180; 2
486184; 1
486188; 2
486367; 1
486370; 2
486589; 1
486593; 2
486646; 1
486650; 2
486658; 1
486660; 2
486792; 1
486794; 2
486816; 1
486817; 2
487050; 1
487054; 2
487142; 1
487144; 2
487288; 1
487295; 2
487367; 1
487372; 2
487522; 1
487525; 2
487715; 1
487719; 2
487947; 1
487953; 2
488152; 1
488156; 2
488308; 1
488312; 2
488396; 1
488399; 2
488628; 1
488634; 2
489033; 1
489037; 2
494144; 1
494148; 2
501179; 1
501180; 2
501181; 1
501182; 2
501815; 1
501818; 2
502318; 1
502321; 2
502735; 1
502738; 2
502772; 1
502775; 2
503040; 1
503044; 2
503046; 1
503050; 2
503572; 1
503576; 2
503684; 1
503688; 2
504167; 1
504171; 2
504498; 1
504501; 2
505187; 1
505190; 2
505750; 1
505753; 2
505858; 1
505861; 2
505958; 1
505961; 2
506315; 1
506318; 2
506329; 1
506335; 2
506401; 1
506402; 2
506403; 1
506404; 2
509615; 1
509618; 2
516025; 1
516027; 2
518498; 1
518501; 2
518502; 1
518506; 2
520537; 1
520542; 2
521868; 1
521874; 2
521875; 1
521877; 2
523658; 1
523659; 2
523661; 1
523662; 2
523665; 1
523666; 2
531240; 1
531241; 2
532510; 1
532512; 2
532574; 1
532575; 2
532576; 1
532581; 2
532800; 1
532801; 2
533459; 1
533460; 2
533518; 1
533519; 2
533529; 1
533530; 2
535062; 1
535063; 2
539106; 1
539109; 2
539491; 1
539494; 2
539588; 1
539595; 2
539651; 1
539652; 2
539739; 1
539742; 2
539910; 1
539913; 2
539953; 1
539957; 2
539989; 1
539991; 2
540050; 1
540053; 2
540183; 1
540187; 2
540217; 1
540220; 2
540421; 1
540426; 2
540429; 1
540433; 2
540483; 1
540487; 2
540603; 1
540607; 2
540626; 1
540630; 2
540722; 1
540725; 2
540754; 1
540757; 2
540920; 1
540924; 2
540948; 1
540952; 2
541235; 1
541239; 2
541341; 1
541344; 2
541551; 1
541554; 2
541590; 1
541593; 2
541618; 1
541620; 2
541673; 1
541676; 2
541728; 1
541730; 2
541828; 1
541834; 2
541990; 1
541993; 2
542351; 1
542354; 2
542821; 1
542824; 2
543008; 1
543012; 2
543758; 1
543760; 2
544112; 1
544116; 2
544924; 1
544930; 2
550107; 1
550111; 2
550189; 1
550193; 2
553001; 1
553002; 2
553606; 1
553607; 2
553609; 1
553613; 2
553892; 1
553893; 2
553894; 1
553900; 2
554021; 1
554023; 2
554024; 1
554027; 2
554841; 1
554844; 2
555279; 1
555283; 2
555387; 1
555388; 2
556729; 1
556732; 2
556739; 1
556742; 2
556747; 1
556748; 2
557170; 1
557174; 2
557371; 1
557374; 2
558422; 1
558424; 2
558448; 1
558449; 2
558552; 1
558556; 2
558731; 1
558735; 2
558802; 1
558803; 2
559078; 1
559082; 2
559162; 1
559165; 2
559246; 1
559249; 2
559413; 1
559416; 2
559541; 1
559544; 2
559841; 1
559844; 2
559887; 1
559891; 2
560036; 1
560040; 2
560088; 1
560091; 2
560374; 1
560377; 2
560405; 1
560408; 2
560448; 1
560449; 2
561050; 1
561055; 2
564393; 1
564394; 2
568380; 1
568381; 2
568382; 1
568388; 2
571379; 1
571382; 2
571442; 1
571443; 2
571452; 1
571453; 2
572844; 1
572847; 2
574738; 1
574745; 2
574784; 1
574788; 2
575148; 1
575151; 2
584310; 1
584311; 2
584428; 1
584430; 2
584510; 1
584511; 2
584520; 1
584521; 2
584733; 1
584734; 2
584782; 1
584784; 2
584791; 1
584792; 2
585833; 1
585834; 2
585892; 1
585893; 2
587069; 1
587070; 2
592782; 1
592785; 2
592869; 1
592873; 2
592878; 1
592881; 2
593133; 1
593137; 2
593151; 1
593155; 2
593224; 1
593228; 2
593266; 1
593270; 2
593662; 1
593665; 2
593693; 1
593697; 2
594043; 1
594046; 2
594071; 1
594073; 2
594321; 1
594324; 2
594558; 1
594562; 2
594631; 1
594635; 2
594764; 1
594767; 2
594783; 1
594786; 2
594855; 1
594858; 2
595166; 1
595171; 2
595180; 1
595181; 2
595314; 1
595318; 2
595323; 1
595326; 2
595377; 1
595380; 2
595392; 1
595393; 2
595501; 1
595505; 2
595610; 1
595613; 2
595932; 1
595935; 2
595973; 1
595976; 2
596360; 1
596363; 2
596729; 1
596732; 2
597051; 1
597053; 2
597913; 1
597916; 2
599648; 1
599651; 2
601856; 1
601862; 2
605809; 1
605812; 2
607610; 1
607616; 2
607961; 1
607962; 2
608941; 1
608942; 2
608943; 1
608948; 2
609798; 1
609802; 2
609962; 1
609963; 2
610265; 1
610268; 2
610825; 1
610828; 2
611136; 1
611137; 2
611346; 1
611350; 2
611563; 1
611567; 2
611622; 1
611626; 2
611755; 1
611758; 2
612222; 1
612225; 2
612483; 1
612487; 2
612631; 1
612634; 2
612800; 1
612803; 2
613068; 1
613071; 2
613574; 1
613577; 2
613795; 1
613798; 2
613944; 1
613949; 2
614015; 1
614018; 2
614155; 1
614159; 2
614478; 1
614481; 2
617153; 1
617154; 2
619014; 1
619018; 2
621946; 1
621947; 2
621949; 1
621951; 2
621953; 1
621956; 2
621970; 1
621975; 2
624585; 1
624586; 2
624588; 1
624591; 2
626759; 1
626763; 2
627104; 1
627107; 2
627700; 1
627703; 2
628565; 1
628571; 2
628741; 1
628744; 2
628855; 1
628856; 2
628857; 1
628860; 2
634734; 1
634735; 2
636965; 1
636967; 2
646732; 1
646735; 2
647063; 1
647068; 2
647115; 1
647119; 2
647394; 1
647407; 2
647646; 1
647649; 2
647824; 1
647827; 2
647841; 1
647845; 2
647950; 1
647954; 2
648012; 1
648015; 2
648102; 1
648105; 2
648239; 1
648246; 2
648383; 1
648385; 2
648535; 1
648538; 2
648543; 1
648548; 2
648564; 1
648565; 2
648693; 1
648698; 2
648699; 1
648700; 2
648798; 1
648800; 2
648801; 1
648809; 2
648810; 1
648816; 2
648817; 1
648821; 2
648844; 1
648846; 2
648927; 1
648932; 2
649138; 1
649145; 2
649212; 1
649215; 2
649665; 1
649670; 2
650174; 1
650177; 2
650558; 1
650562; 2
650602; 1
650605; 2
660081; 1
660084; 2
662071; 1
662072; 2
662073; 1
662078; 2
663437; 1
663438; 2
664191; 1
664193; 2
664203; 1
664207; 2
664275; 1
664277; 2
664539; 1
664543; 2
664589; 1
664594; 2
664904; 1
664906; 2
665129; 1
665132; 2
665197; 1
665201; 2
665780; 1
665781; 2
666138; 1
666140; 2
666278; 1
666280; 2
666486; 1
666490; 2
666737; 1
666740; 2
666816; 1
666820; 2
667040; 1
667044; 2
667713; 1
667716; 2
667729; 1
667733; 2
670919; 1
670923; 2
672383; 1
672384; 2
673888; 1
673889; 2
675542; 1
675552; 2
676568; 1
676570; 2
677440; 1
677448; 2
678078; 1
678080; 2
678081; 1
678084; 2
678086; 1
678088; 2
678661; 1
678664; 2
679228; 1
679234; 2
680334; 1
680338; 2
681978; 1
681980; 2
682398; 1
682399; 2
682400; 1
682405; 2
682502; 1
682506; 2
682508; 1
682509; 2
683033; 1
683041; 2
686649; 1
686651; 2
692856; 1
692857; 2
693077; 1
693078; 2
693188; 1
693189; 2
694078; 1
694079; 2
694195; 1
694196; 2
694201; 1
694202; 2
700525; 1
700529; 2
700784; 1
700788; 2
700949; 1
700954; 2
700961; 1
700963; 2
700964; 1
700966; 2
701413; 1
701419; 2
701508; 1
701511; 2
701601; 1
701606; 2
701679; 1
701683; 2
701777; 1
701780; 2
701803; 1
701806; 2
702188; 1
702191; 2
702287; 1
702291; 2
702451; 1
702455; 2
702561; 1
702564; 2
702565; 1
702567; 2
702822; 1
702825; 2
702826; 1
702829; 2
703069; 1
703073; 2
703308; 1
703311; 2
703434; 1
703449; 2
703785; 1
703789; 2
703916; 1
703919; 2
704045; 1
704049; 2
704117; 1
704120; 2
704209; 1
704214; 2
704216; 1
704219; 2
704326; 1
704329; 2
704471; 1
704479; 2
704612; 1
704616; 2
704781; 1
704784; 2
704785; 1
704789; 2
704846; 1
704847; 2
705630; 1
705634; 2
706050; 1
706054; 2
711724; 1
711725; 2
714921; 1
714924; 2
714938; 1
714942; 2
715219; 1
715220; 2
715223; 1
715228; 2
715782; 1
715783; 2
715786; 1
715787; 2
716715; 1
716721; 2
716826; 1
716830; 2
717054; 1
717058; 2
717206; 1
717208; 2
717226; 1
717228; 2
717229; 1
717234; 2
717666; 1
717669; 2
717720; 1
717725; 2
718395; 1
718396; 2
719308; 1
719312; 2
719548; 1
719552; 2
719553; 1
719556; 2
719762; 1
719766; 2
720025; 1
720028; 2
720326; 1
720328; 2
720462; 1
720465; 2
720489; 1
720493; 2
720494; 1
720497; 2
721760; 1
721764; 2
721840; 1
721847; 2
721895; 1
721896; 2
722312; 1
722315; 2
722535; 1
722538; 2
724460; 1
724461; 2
725132; 1
725133; 2
726455; 1
726456; 2
726587; 1
726588; 2
726620; 1
726621; 2
726639; 1
726640; 2
727820; 1
727821; 2
727839; 1
727840; 2
728358; 1
728359; 2
728391; 1
728393; 2
728692; 1
728694; 2
728695; 1
728699; 2
729364; 1
729366; 2
729759; 1
729760; 2
729762; 1
729764; 2
729765; 1
729767; 2
730400; 1
730403; 2
732606; 1
732607; 2
732608; 1
732610; 2
732611; 1
732613; 2
732615; 1
732616; 2
732617; 1
732618; 2
732868; 1
732872; 2
733012; 1
733019; 2
733938; 1
733939; 2
733940; 1
733942; 2
734237; 1
734239; 2
735997; 1
736001; 2
737178; 1
737187; 2
745370; 1
745371; 2
747029; 1
747030; 2
750051; 1
750052; 2
750400; 1
750402; 2
750496; 1
750497; 2
754494; 1
754497; 2
754514; 1
754517; 2
754761; 1
754764; 2
754775; 1
754779; 2
754946; 1
754950; 2
754967; 1
754969; 2
755185; 1
755189; 2
755211; 1
755213; 2
755282; 1
755284; 2
755454; 1
755457; 2
755554; 1
755558; 2
755559; 1
755560; 2
755649; 1
755659; 2
755848; 1
755852; 2
755952; 1
755959; 2
756010; 1
756012; 2
756091; 1
756095; 2
756203; 1
756207; 2
756214; 1
756217; 2
756369; 1
756372; 2
756374; 1
756378; 2
756476; 1
756479; 2
756543; 1
756546; 2
756554; 1
756556; 2
756682; 1
756685; 2
756751; 1
756754; 2
756841; 1
756845; 2
757254; 1
757257; 2
757324; 1
757327; 2
757681; 1
757684; 2
757974; 1
757977; 2
758139; 1
758142; 2
758704; 1
758708; 2
762332; 1
762341; 2
765584; 1
765587; 2
767293; 1
767296; 2
767731; 1
767735; 2
767874; 1
767883; 2
768142; 1
768145; 2
768964; 1
768967; 2
769763; 1
769765; 2
769766; 1
769769; 2
770115; 1
770118; 2
770414; 1
770417; 2
770883; 1
770885; 2
770886; 1
770887; 2
771209; 1
771213; 2
771535; 1
771538; 2
771819; 1
771824; 2
771845; 1
771848; 2
772193; 1
772196; 2
772990; 1
772993; 2
773535; 1
773538; 2
773550; 1
773553; 2
773646; 1
773650; 2
773742; 1
773746; 2
773824; 1
773827; 2
774116; 1
774119; 2
774657; 1
774661; 2
774720; 1
774726; 2
774799; 1
774802; 2
774914; 1
774917; 2
775290; 1
775295; 2
775381; 1
775397; 2
775398; 1
775404; 2
775476; 1
775478; 2
776172; 1
776175; 2
776308; 1
776309; 2
776310; 1
776313; 2
776319; 1
776322; 2
782801; 1
782803; 2
783244; 1
783248; 2
783707; 1
783711; 2
786700; 1
786701; 2
786718; 1
786725; 2
787735; 1
787736; 2
787737; 1
787741; 2
788754; 1
788761; 2
798282; 1
798283; 2
801372; 1
801373; 2
804597; 1
804598; 2
808466; 1
808469; 2
808975; 1
808978; 2
809105; 1
809110; 2
809145; 1
809148; 2
809160; 1
809170; 2
809256; 1
809260; 2
809459; 1
809464; 2
809517; 1
809520; 2
809565; 1
809568; 2
809580; 1
809582; 2
809709; 1
809715; 2
809978; 1
809982; 2
810013; 1
810015; 2
810138; 1
810142; 2
810198; 1
810201; 2
810233; 1
810235; 2
810266; 1
810267; 2
810357; 1
810360; 2
810381; 1
810383; 2
810450; 1
810454; 2
810517; 1
810520; 2
810603; 1
810606; 2
810637; 1
810640; 2
810656; 1
810659; 2
810701; 1
810702; 2
810889; 1
810892; 2
810897; 1
810900; 2
810938; 1
810943; 2
811045; 1
811048; 2
811321; 1
811324; 2
811736; 1
811739; 2
811749; 1
811755; 2
811844; 1
811847; 2
811861; 1
811864; 2
811963; 1
811967; 2
812201; 1
812204; 2
812692; 1
812695; 2
812742; 1
812745; 2
812838; 1
812841; 2
820675; 1
820677; 2
821340; 1
821344; 2
822974; 1
822976; 2
822977; 1
822978; 2
823239; 1
823241; 2
823380; 1
823383; 2
823426; 1
823429; 2
823719; 1
823723; 2
824448; 1
824452; 2
824649; 1
824653; 2
825709; 1
825713; 2
826272; 1
826276; 2
826504; 1
826507; 2
827034; 1
827036; 2
827039; 1
827044; 2
827246; 1
827251; 2
827324; 1
827327; 2
827516; 1
827519; 2
827642; 1
827645; 2
827742; 1
827745; 2
828250; 1
828253; 2
828425; 1
828428; 2
828458; 1
828462; 2
828467; 1
828470; 2
828533; 1
828535; 2
829022; 1
829025; 2
829448; 1
829451; 2
829653; 1
829657; 2
829704; 1
829705; 2
829896; 1
829899; 2
829920; 1
829922; 2
830167; 1
830171; 2
830571; 1
830575; 2
830578; 1
830581; 2
832499; 1
832501; 2
837694; 1
837696; 2
837697; 1
837700; 2
840575; 1
840576; 2
840650; 1
840653; 2
840939; 1
840942; 2
840944; 1
840946; 2
841235; 1
841236; 2
841237; 1
841238; 2
844340; 1
844341; 2
844345; 1
844349; 2
844523; 1
844526; 2
844527; 1
844529; 2
844530; 1
844532; 2
845953; 1
845955; 2
845958; 1
845960; 2
848622; 1
848623; 2
848626; 1
848627; 2
855935; 1
855937; 2
856381; 1
856382; 2
857117; 1
857118; 2
857123; 1
857124; 2
857156; 1
857157; 2
862484; 1
862488; 2
862559; 1
862562; 2
862689; 1
862691; 2
862826; 1
862830; 2
862877; 1
862879; 2
862975; 1
862978; 2
863390; 1
863394; 2
863497; 1
863500; 2
863672; 1
863675; 2
863963; 1
863967; 2
863972; 1
863976; 2
864395; 1
864403; 2
864559; 1
864563; 2
864685; 1
864688; 2
864927; 1
864934; 2
865032; 1
865033; 2
865035; 1
865036; 2
865074; 1
865075; 2
865216; 1
865219; 2
865345; 1
865348; 2
865464; 1
865469; 2
865471; 1
865475; 2
865488; 1
865491; 2
865923; 1
865926; 2
866563; 1
866566; 2
866642; 1
866646; 2
866852; 1
866855; 2
870226; 1
870229; 2
871468; 1
871473; 2
871932; 1
871935; 2
872028; 1
872031; 2
874082; 1
874088; 2
875081; 1
875083; 2
877074; 1
877077; 2
877457; 1
877463; 2
879799; 1
879804; 2
880378; 1
880382; 2
880423; 1
880426; 2
880427; 1
880430; 2
880591; 1
880595; 2
880662; 1
880666; 2
881241; 1
881248; 2
881319; 1
881323; 2
881354; 1
881356; 2
881516; 1
881518; 2
881798; 1
881801; 2
882127; 1
882130; 2
882182; 1
882185; 2
882229; 1
882233; 2
882257; 1
882259; 2
882716; 1
882719; 2
882753; 1
882756; 2
882887; 1
882891; 2
882935; 1
882941; 2
882944; 1
882947; 2
883062; 1
883064; 2
884013; 1
884016; 2
884060; 1
884063; 2
884716; 1
884718; 2
