Sequence of timestamped events V0.1
202
Name =202
Tbegin = 0
Tend = 885492
Count = 2099
29; 1
31; 2
140; 1
143; 2
173; 1
174; 2
327; 1
331; 2
379; 1
381; 2
432; 1
433; 2
613; 1
616; 2
636; 1
638; 2
737; 1
739; 2
740; 1
742; 2
811; 1
813; 2
915; 1
916; 2
925; 1
927; 2
1171; 1
1173; 2
1188; 1
1190; 2
1236; 1
1239; 2
1305; 1
1308; 2
1492; 1
1495; 2
1802; 1
1803; 2
1911; 1
1914; 2
2187; 1
2189; 2
2281; 1
2283; 2
2455; 1
2457; 2
2557; 1
2560; 2
2581; 1
2583; 2
2584; 1
2585; 2
2653; 1
2655; 2
2756; 1
2758; 2
2764; 1
2767; 2
2839; 1
2842; 2
2851; 1
2854; 2
3217; 1
3219; 2
3473; 1
3475; 2
3558; 1
3559; 2
3671; 1
3673; 2
3915; 1
3916; 2
3963; 1
3966; 2
4185; 1
4186; 2
4200; 1
4202; 2
4503; 1
4504; 2
5437; 1
5439; 2
5787; 1
5791; 2
7091; 1
7092; 2
7894; 1
7899; 2
8452; 1
8455; 2
10244; 1
10246; 2
14384; 1
14386; 2
14387; 1
14389; 2
14541; 1
14543; 2
14544; 1
14546; 2
14547; 1
14552; 2
14635; 1
14636; 2
14639; 1
14640; 2
14641; 1
14642; 2
14842; 1
14844; 2
14905; 1
14908; 2
14909; 1
14911; 2
14913; 1
14914; 2
14916; 1
14917; 2
15655; 1
15656; 2
15658; 1
15660; 2
15733; 1
15735; 2
15759; 1
15762; 2
16181; 1
16183; 2
16467; 1
16470; 2
16723; 1
16725; 2
16730; 1
16731; 2
16782; 1
16784; 2
17206; 1
17210; 2
17213; 1
17215; 2
17449; 1
17452; 2
17586; 1
17589; 2
18037; 1
18039; 2
19014; 1
19016; 2
19160; 1
19163; 2
19259; 1
19262; 2
19299; 1
19302; 2
19467; 1
19471; 2
19622; 1
19625; 2
19768; 1
19771; 2
19773; 1
19776; 2
19896; 1
19897; 2
20249; 1
20252; 2
20384; 1
20386; 2
20548; 1
20551; 2
20583; 1
20586; 2
20626; 1
20630; 2
20699; 1
20701; 2
20704; 1
20705; 2
21028; 1
21030; 2
21248; 1
21251; 2
21306; 1
21307; 2
21434; 1
21437; 2
21700; 1
21702; 2
21761; 1
21762; 2
21970; 1
21972; 2
24701; 1
24705; 2
25444; 1
25446; 2
26782; 1
26784; 2
27382; 1
27387; 2
27822; 1
27823; 2
28480; 1
28482; 2
28535; 1
28536; 2
28576; 1
28581; 2
28662; 1
28665; 2
28679; 1
28682; 2
29483; 1
29484; 2
30024; 1
30042; 2
30055; 1
30057; 2
30058; 1
30059; 2
30062; 1
30066; 2
32595; 1
32596; 2
32598; 1
32600; 2
32615; 1
32620; 2
32624; 1
32627; 2
32756; 1
32758; 2
32762; 1
32763; 2
32765; 1
32770; 2
33203; 1
33204; 2
33206; 1
33208; 2
33209; 1
33214; 2
33513; 1
33515; 2
33602; 1
33605; 2
34297; 1
34298; 2
35036; 1
35041; 2
35046; 1
35047; 2
35426; 1
35427; 2
35465; 1
35466; 2
35610; 1
35611; 2
35612; 1
35614; 2
35702; 1
35703; 2
36248; 1
36249; 2
36453; 1
36457; 2
36459; 1
36461; 2
36575; 1
36581; 2
37751; 1
37754; 2
37757; 1
37758; 2
37963; 1
37964; 2
38164; 1
38165; 2
38169; 1
38170; 2
38267; 1
38268; 2
38271; 1
38272; 2
38273; 1
38275; 2
38446; 1
38447; 2
38448; 1
38450; 2
38455; 1
38456; 2
38457; 1
38458; 2
39145; 1
39146; 2
39148; 1
39150; 2
39578; 1
39581; 2
39583; 1
39585; 2
39741; 1
39744; 2
39748; 1
39749; 2
39750; 1
39751; 2
40436; 1
40439; 2
40441; 1
40442; 2
40445; 1
40447; 2
40527; 1
40528; 2
40529; 1
40530; 2
42576; 1
42577; 2
43703; 1
43704; 2
44534; 1
44535; 2
44983; 1
44984; 2
45286; 1
45287; 2
45391; 1
45392; 2
53671; 1
53672; 2
53675; 1
53677; 2
53687; 1
53689; 2
53717; 1
53720; 2
53767; 1
53770; 2
53775; 1
53776; 2
53867; 1
53868; 2
53877; 1
53878; 2
53879; 1
53883; 2
53885; 1
53887; 2
53963; 1
53967; 2
53995; 1
53996; 2
54054; 1
54056; 2
54126; 1
54127; 2
54163; 1
54168; 2
54272; 1
54276; 2
54315; 1
54318; 2
54451; 1
54454; 2
54570; 1
54572; 2
54658; 1
54661; 2
54687; 1
54690; 2
54702; 1
54705; 2
54829; 1
54832; 2
54850; 1
54852; 2
54885; 1
54887; 2
55026; 1
55029; 2
55065; 1
55067; 2
55307; 1
55308; 2
55320; 1
55323; 2
55460; 1
55463; 2
55469; 1
55472; 2
55579; 1
55582; 2
55619; 1
55622; 2
55842; 1
55845; 2
56295; 1
56297; 2
56299; 1
56300; 2
56333; 1
56335; 2
56346; 1
56348; 2
56383; 1
56384; 2
56517; 1
56519; 2
56549; 1
56551; 2
56850; 1
56853; 2
57016; 1
57019; 2
57126; 1
57127; 2
57620; 1
57622; 2
60449; 1
60450; 2
63320; 1
63323; 2
65462; 1
65463; 2
65969; 1
65971; 2
67550; 1
67552; 2
67770; 1
67773; 2
67950; 1
67954; 2
68216; 1
68219; 2
68322; 1
68324; 2
68327; 1
68328; 2
68470; 1
68476; 2
69226; 1
69228; 2
69302; 1
69306; 2
70066; 1
70070; 2
70442; 1
70444; 2
70719; 1
70723; 2
70724; 1
70727; 2
70736; 1
70739; 2
71137; 1
71138; 2
71252; 1
71253; 2
71887; 1
71889; 2
71937; 1
71939; 2
72887; 1
72890; 2
73093; 1
73095; 2
73100; 1
73102; 2
73119; 1
73121; 2
73164; 1
73166; 2
73315; 1
73317; 2
73344; 1
73346; 2
73860; 1
73862; 2
73906; 1
73908; 2
74116; 1
74118; 2
74137; 1
74140; 2
74585; 1
74587; 2
74702; 1
74704; 2
74869; 1
74871; 2
74942; 1
74944; 2
75272; 1
75275; 2
75397; 1
75399; 2
75404; 1
75405; 2
75811; 1
75814; 2
75900; 1
75902; 2
79485; 1
79489; 2
80482; 1
80483; 2
82111; 1
82115; 2
82124; 1
82126; 2
82130; 1
82133; 2
84800; 1
84804; 2
85972; 1
85975; 2
86153; 1
86158; 2
86528; 1
86533; 2
86543; 1
86546; 2
86552; 1
86558; 2
86669; 1
86672; 2
86675; 1
86678; 2
86783; 1
86786; 2
86798; 1
86799; 2
86800; 1
86806; 2
86809; 1
86810; 2
86824; 1
86827; 2
86858; 1
86861; 2
86862; 1
86865; 2
87017; 1
87025; 2
87027; 1
87031; 2
87033; 1
87035; 2
87045; 1
87047; 2
87081; 1
87082; 2
87084; 1
87085; 2
87147; 1
87150; 2
87159; 1
87160; 2
87238; 1
87239; 2
87240; 1
87241; 2
87267; 1
87268; 2
87420; 1
87424; 2
87533; 1
87534; 2
87553; 1
87554; 2
87711; 1
87712; 2
87715; 1
87716; 2
88133; 1
88134; 2
88163; 1
88164; 2
88173; 1
88176; 2
88348; 1
88349; 2
88728; 1
88733; 2
88736; 1
88737; 2
88866; 1
88867; 2
88979; 1
88984; 2
88989; 1
88990; 2
89059; 1
89060; 2
89819; 1
89823; 2
89826; 1
89827; 2
89960; 1
89965; 2
90602; 1
90606; 2
90609; 1
90610; 2
91131; 1
91132; 2
91136; 1
91137; 2
91451; 1
91452; 2
91461; 1
91462; 2
92023; 1
92024; 2
92727; 1
92728; 2
92882; 1
92883; 2
92981; 1
92983; 2
92985; 1
92987; 2
92989; 1
92991; 2
93610; 1
93611; 2
95324; 1
95325; 2
98200; 1
98201; 2
98650; 1
98651; 2
99283; 1
99284; 2
99989; 1
99990; 2
107577; 1
107580; 2
107647; 1
107648; 2
107832; 1
107834; 2
107987; 1
107990; 2
108149; 1
108151; 2
108186; 1
108188; 2
108247; 1
108250; 2
108388; 1
108390; 2
108410; 1
108412; 2
108429; 1
108430; 2
108437; 1
108438; 2
108454; 1
108456; 2
108743; 1
108745; 2
108783; 1
108784; 2
108840; 1
108843; 2
108859; 1
108862; 2
108953; 1
108954; 2
109117; 1
109120; 2
109286; 1
109288; 2
109297; 1
109299; 2
109384; 1
109388; 2
109499; 1
109502; 2
109503; 1
109506; 2
109560; 1
109563; 2
109790; 1
109793; 2
110005; 1
110008; 2
110115; 1
110117; 2
110128; 1
110131; 2
110186; 1
110189; 2
110194; 1
110198; 2
110597; 1
110599; 2
110625; 1
110629; 2
110630; 1
110631; 2
110678; 1
110680; 2
110726; 1
110728; 2
110860; 1
110863; 2
110878; 1
110880; 2
111626; 1
111627; 2
111718; 1
111719; 2
111720; 1
111721; 2
115972; 1
115974; 2
118880; 1
118883; 2
119563; 1
119567; 2
120513; 1
120514; 2
121653; 1
121656; 2
121691; 1
121693; 2
121989; 1
121994; 2
122092; 1
122094; 2
122631; 1
122632; 2
122718; 1
122719; 2
123127; 1
123130; 2
123556; 1
123560; 2
123842; 1
123843; 2
123956; 1
123959; 2
124039; 1
124044; 2
124045; 1
124046; 2
124874; 1
124877; 2
124887; 1
124891; 2
125359; 1
125361; 2
125906; 1
125907; 2
125961; 1
125964; 2
125965; 1
125968; 2
126070; 1
126072; 2
126115; 1
126117; 2
126129; 1
126131; 2
126490; 1
126491; 2
126690; 1
126693; 2
126883; 1
126886; 2
127140; 1
127143; 2
127220; 1
127222; 2
127490; 1
127492; 2
128083; 1
128087; 2
128108; 1
128111; 2
128535; 1
128538; 2
128693; 1
128695; 2
128979; 1
128982; 2
129068; 1
129071; 2
129088; 1
129090; 2
129175; 1
129177; 2
130358; 1
130359; 2
130365; 1
130368; 2
130489; 1
130491; 2
131129; 1
131131; 2
131417; 1
131418; 2
131653; 1
131655; 2
131656; 1
131657; 2
133501; 1
133502; 2
134743; 1
134744; 2
134750; 1
134752; 2
136044; 1
136049; 2
136052; 1
136053; 2
137126; 1
137127; 2
139044; 1
139053; 2
139082; 1
139085; 2
139090; 1
139096; 2
139636; 1
139637; 2
139992; 1
139994; 2
140106; 1
140108; 2
140114; 1
140118; 2
140926; 1
140928; 2
140929; 1
140930; 2
140933; 1
140934; 2
141493; 1
141498; 2
142207; 1
142210; 2
142212; 1
142214; 2
143510; 1
143511; 2
143831; 1
143833; 2
143835; 1
143836; 2
144225; 1
144227; 2
147443; 1
147445; 2
147449; 1
147452; 2
147454; 1
147455; 2
150861; 1
150862; 2
161574; 1
161576; 2
161604; 1
161607; 2
161645; 1
161647; 2
161760; 1
161764; 2
162178; 1
162181; 2
162195; 1
162206; 2
162207; 1
162209; 2
162235; 1
162240; 2
162257; 1
162259; 2
162332; 1
162334; 2
162440; 1
162443; 2
162475; 1
162482; 2
162551; 1
162554; 2
162567; 1
162570; 2
162575; 1
162577; 2
162837; 1
162839; 2
162967; 1
162971; 2
162976; 1
162978; 2
163076; 1
163079; 2
163207; 1
163210; 2
163211; 1
163215; 2
163231; 1
163234; 2
163278; 1
163280; 2
163295; 1
163298; 2
163557; 1
163561; 2
163633; 1
163635; 2
163796; 1
163800; 2
163803; 1
163804; 2
163922; 1
163923; 2
164146; 1
164148; 2
164266; 1
164269; 2
164270; 1
164272; 2
164684; 1
164687; 2
165433; 1
165436; 2
165475; 1
165477; 2
165815; 1
165817; 2
172272; 1
172273; 2
172285; 1
172287; 2
172411; 1
172412; 2
172867; 1
172868; 2
173272; 1
173273; 2
176201; 1
176206; 2
176257; 1
176260; 2
176417; 1
176420; 2
176907; 1
176908; 2
176917; 1
176918; 2
176919; 1
176920; 2
177223; 1
177226; 2
177400; 1
177406; 2
177713; 1
177715; 2
179551; 1
179553; 2
179568; 1
179571; 2
179735; 1
179736; 2
180134; 1
180137; 2
180204; 1
180206; 2
180730; 1
180731; 2
181075; 1
181077; 2
181283; 1
181286; 2
181432; 1
181434; 2
181522; 1
181525; 2
181597; 1
181599; 2
181935; 1
181937; 2
181939; 1
181941; 2
181997; 1
181999; 2
182150; 1
182153; 2
182155; 1
182157; 2
182559; 1
182561; 2
182679; 1
182682; 2
183027; 1
183030; 2
183091; 1
183093; 2
183424; 1
183427; 2
183977; 1
183979; 2
184501; 1
184503; 2
185025; 1
185027; 2
185430; 1
185432; 2
190309; 1
190310; 2
190329; 1
190333; 2
190556; 1
190557; 2
191679; 1
191683; 2
193733; 1
193734; 2
193752; 1
193760; 2
193764; 1
193766; 2
193789; 1
193795; 2
194077; 1
194079; 2
194081; 1
194082; 2
194307; 1
194312; 2
194330; 1
194334; 2
194603; 1
194607; 2
194630; 1
194632; 2
194833; 1
194839; 2
195063; 1
195070; 2
195666; 1
195667; 2
195989; 1
195992; 2
196320; 1
196321; 2
196511; 1
196514; 2
197315; 1
197321; 2
198884; 1
198889; 2
200833; 1
200837; 2
201020; 1
201023; 2
201028; 1
201031; 2
207808; 1
207809; 2
215570; 1
215571; 2
215825; 1
215828; 2
215926; 1
215935; 2
215951; 1
215957; 2
216001; 1
216003; 2
216004; 1
216007; 2
216220; 1
216223; 2
216265; 1
216268; 2
216366; 1
216368; 2
216558; 1
216560; 2
216611; 1
216612; 2
216652; 1
216654; 2
216831; 1
216833; 2
216966; 1
216970; 2
217084; 1
217089; 2
217152; 1
217155; 2
217298; 1
217300; 2
217302; 1
217304; 2
217357; 1
217359; 2
217407; 1
217409; 2
217441; 1
217444; 2
217583; 1
217584; 2
217623; 1
217626; 2
217635; 1
217638; 2
217685; 1
217687; 2
217926; 1
217928; 2
217961; 1
217963; 2
217987; 1
217989; 2
218133; 1
218135; 2
218158; 1
218160; 2
218275; 1
218276; 2
218309; 1
218310; 2
218319; 1
218324; 2
218573; 1
218576; 2
218964; 1
218970; 2
219034; 1
219036; 2
219125; 1
219128; 2
219184; 1
219185; 2
219742; 1
219745; 2
220958; 1
220959; 2
221396; 1
221397; 2
224539; 1
224541; 2
224768; 1
224772; 2
227858; 1
227861; 2
229894; 1
229895; 2
229896; 1
229898; 2
229936; 1
229941; 2
229950; 1
229954; 2
230018; 1
230021; 2
230269; 1
230270; 2
230470; 1
230473; 2
231072; 1
231074; 2
231381; 1
231383; 2
233304; 1
233306; 2
233603; 1
233607; 2
233874; 1
233877; 2
234691; 1
234694; 2
234908; 1
234909; 2
234951; 1
234954; 2
235225; 1
235228; 2
235586; 1
235588; 2
235599; 1
235601; 2
235736; 1
235739; 2
235916; 1
235918; 2
236024; 1
236027; 2
236104; 1
236106; 2
236171; 1
236174; 2
236596; 1
236598; 2
236730; 1
236731; 2
236827; 1
236829; 2
236942; 1
236945; 2
236946; 1
236947; 2
237009; 1
237011; 2
237659; 1
237662; 2
239020; 1
239022; 2
239126; 1
239133; 2
239154; 1
239156; 2
239157; 1
239164; 2
239166; 1
239172; 2
241111; 1
241112; 2
242897; 1
242900; 2
243022; 1
243028; 2
243711; 1
243716; 2
243862; 1
243863; 2
244250; 1
244253; 2
244322; 1
244323; 2
244722; 1
244723; 2
244728; 1
244729; 2
245097; 1
245102; 2
245333; 1
245339; 2
245459; 1
245464; 2
245857; 1
245862; 2
245871; 1
245876; 2
246880; 1
246882; 2
247047; 1
247048; 2
247321; 1
247322; 2
247591; 1
247593; 2
248186; 1
248187; 2
248247; 1
248251; 2
248430; 1
248432; 2
248444; 1
248446; 2
248447; 1
248449; 2
248450; 1
248451; 2
248514; 1
248515; 2
248539; 1
248541; 2
248947; 1
248948; 2
248988; 1
248989; 2
249132; 1
249133; 2
249284; 1
249289; 2
249485; 1
249486; 2
249986; 1
249988; 2
250064; 1
250065; 2
250068; 1
250069; 2
250075; 1
250077; 2
250221; 1
250225; 2
250739; 1
250740; 2
251872; 1
251874; 2
251876; 1
251878; 2
251884; 1
251885; 2
251920; 1
251921; 2
252869; 1
252870; 2
253797; 1
253798; 2
253804; 1
253805; 2
254218; 1
254219; 2
254636; 1
254639; 2
256456; 1
256457; 2
258729; 1
258730; 2
258823; 1
258824; 2
259260; 1
259263; 2
259947; 1
259948; 2
260172; 1
260173; 2
260370; 1
260371; 2
260870; 1
260871; 2
260874; 1
260875; 2
261136; 1
261138; 2
261407; 1
261408; 2
261426; 1
261427; 2
261517; 1
261518; 2
261554; 1
261555; 2
261734; 1
261735; 2
261742; 1
261743; 2
261846; 1
261847; 2
269269; 1
269270; 2
269328; 1
269329; 2
269331; 1
269333; 2
269428; 1
269430; 2
269440; 1
269444; 2
269587; 1
269597; 2
269608; 1
269609; 2
269628; 1
269632; 2
269753; 1
269754; 2
269791; 1
269792; 2
269882; 1
269885; 2
269893; 1
269894; 2
269968; 1
269969; 2
270059; 1
270062; 2
270063; 1
270066; 2
270220; 1
270221; 2
270223; 1
270224; 2
270243; 1
270250; 2
270256; 1
270259; 2
270383; 1
270384; 2
270505; 1
270507; 2
270714; 1
270716; 2
270804; 1
270806; 2
271046; 1
271048; 2
271061; 1
271065; 2
271142; 1
271145; 2
271361; 1
271363; 2
271383; 1
271386; 2
271580; 1
271582; 2
271603; 1
271604; 2
271696; 1
271698; 2
271774; 1
271776; 2
272029; 1
272031; 2
272111; 1
272112; 2
272194; 1
272196; 2
272421; 1
272424; 2
272660; 1
272665; 2
272721; 1
272722; 2
272723; 1
272724; 2
272814; 1
272817; 2
273143; 1
273145; 2
273320; 1
273322; 2
273387; 1
273389; 2
273454; 1
273455; 2
273510; 1
273512; 2
273513; 1
273516; 2
273562; 1
273564; 2
274015; 1
274017; 2
280031; 1
280033; 2
282161; 1
282165; 2
282180; 1
282181; 2
282182; 1
282185; 2
283572; 1
283578; 2
283757; 1
283759; 2
283796; 1
283800; 2
283864; 1
283872; 2
283947; 1
283950; 2
284737; 1
284738; 2
285357; 1
285360; 2
285769; 1
285773; 2
286109; 1
286113; 2
286178; 1
286179; 2
286290; 1
286293; 2
286294; 1
286295; 2
286700; 1
286701; 2
286779; 1
286781; 2
287197; 1
287200; 2
287337; 1
287342; 2
287503; 1
287505; 2
287506; 1
287507; 2
287723; 1
287727; 2
287729; 1
287733; 2
288147; 1
288150; 2
288353; 1
288356; 2
288387; 1
288390; 2
288814; 1
288815; 2
289138; 1
289140; 2
289183; 1
289185; 2
289418; 1
289420; 2
289434; 1
289439; 2
289597; 1
289598; 2
289605; 1
289606; 2
290064; 1
290066; 2
290354; 1
290357; 2
290438; 1
290440; 2
290910; 1
290913; 2
291033; 1
291035; 2
291130; 1
291132; 2
291235; 1
291237; 2
296649; 1
296650; 2
297599; 1
297600; 2
297601; 1
297603; 2
297604; 1
297605; 2
297614; 1
297616; 2
297627; 1
297628; 2
297631; 1
297634; 2
297635; 1
297639; 2
298177; 1
298178; 2
298195; 1
298197; 2
298570; 1
298573; 2
298574; 1
298575; 2
299400; 1
299407; 2
300363; 1
300364; 2
300955; 1
300957; 2
301283; 1
301284; 2
301393; 1
301394; 2
301832; 1
301836; 2
301842; 1
301845; 2
301846; 1
301847; 2
301903; 1
301905; 2
301906; 1
301908; 2
301947; 1
301951; 2
302237; 1
302239; 2
302240; 1
302241; 2
302321; 1
302323; 2
303142; 1
303143; 2
303167; 1
303172; 2
303187; 1
303190; 2
303764; 1
303767; 2
303913; 1
303915; 2
305219; 1
305222; 2
306502; 1
306507; 2
307008; 1
307009; 2
307464; 1
307465; 2
307625; 1
307626; 2
307949; 1
307950; 2
307957; 1
307959; 2
308008; 1
308009; 2
308015; 1
308016; 2
308031; 1
308032; 2
308033; 1
308036; 2
308305; 1
308307; 2
308316; 1
308317; 2
309244; 1
309245; 2
309254; 1
309256; 2
309735; 1
309736; 2
310123; 1
310128; 2
310135; 1
310136; 2
311491; 1
311492; 2
311681; 1
311682; 2
312239; 1
312240; 2
315201; 1
315202; 2
319575; 1
319576; 2
323463; 1
323464; 2
323549; 1
323551; 2
323615; 1
323617; 2
323728; 1
323730; 2
323737; 1
323740; 2
323836; 1
323840; 2
323843; 1
323844; 2
323850; 1
323855; 2
323933; 1
323936; 2
323996; 1
323998; 2
324096; 1
324098; 2
324120; 1
324122; 2
324178; 1
324180; 2
324281; 1
324283; 2
324326; 1
324328; 2
324363; 1
324365; 2
324526; 1
324528; 2
324708; 1
324712; 2
324738; 1
324740; 2
324750; 1
324752; 2
324754; 1
324755; 2
324864; 1
324866; 2
324901; 1
324905; 2
324965; 1
324966; 2
324968; 1
324969; 2
325149; 1
325152; 2
325215; 1
325218; 2
325316; 1
325317; 2
325341; 1
325342; 2
325458; 1
325460; 2
325462; 1
325464; 2
325622; 1
325625; 2
325697; 1
325702; 2
325706; 1
325708; 2
325780; 1
325782; 2
325831; 1
325834; 2
325958; 1
325960; 2
326042; 1
326045; 2
326073; 1
326075; 2
326084; 1
326087; 2
326165; 1
326168; 2
326455; 1
326457; 2
327010; 1
327013; 2
327333; 1
327335; 2
333500; 1
333501; 2
334550; 1
334551; 2
337861; 1
337866; 2
337997; 1
338000; 2
338021; 1
338024; 2
338025; 1
338026; 2
338787; 1
338789; 2
338792; 1
338793; 2
338795; 1
338797; 2
338940; 1
338942; 2
339903; 1
339906; 2
339910; 1
339911; 2
340505; 1
340507; 2
341234; 1
341236; 2
341445; 1
341448; 2
341550; 1
341551; 2
342035; 1
342037; 2
342171; 1
342176; 2
342233; 1
342234; 2
342235; 1
342237; 2
342660; 1
342664; 2
342809; 1
342811; 2
342864; 1
342867; 2
343121; 1
343125; 2
343452; 1
343453; 2
343495; 1
343496; 2
343560; 1
343562; 2
343691; 1
343693; 2
343954; 1
343956; 2
344071; 1
344073; 2
344123; 1
344125; 2
344162; 1
344165; 2
344166; 1
344168; 2
344310; 1
344312; 2
344781; 1
344787; 2
344800; 1
344803; 2
344868; 1
344871; 2
346154; 1
346155; 2
348863; 1
348864; 2
349791; 1
349792; 2
350196; 1
350198; 2
350567; 1
350568; 2
354209; 1
354212; 2
355774; 1
355777; 2
355904; 1
355906; 2
355911; 1
355916; 2
356014; 1
356015; 2
356089; 1
356090; 2
356227; 1
356230; 2
356453; 1
356456; 2
356460; 1
356461; 2
356567; 1
356572; 2
356753; 1
356763; 2
356766; 1
356774; 2
356779; 1
356784; 2
356785; 1
356786; 2
357103; 1
357106; 2
357107; 1
357108; 2
357290; 1
357291; 2
357408; 1
357409; 2
357429; 1
357430; 2
357557; 1
357558; 2
357817; 1
357818; 2
357905; 1
357907; 2
357987; 1
357988; 2
358319; 1
358321; 2
358533; 1
358537; 2
358540; 1
358541; 2
359275; 1
359276; 2
359704; 1
359705; 2
359762; 1
359764; 2
362057; 1
362061; 2
364408; 1
364411; 2
364419; 1
364425; 2
365264; 1
365266; 2
373108; 1
373109; 2
377044; 1
377046; 2
377061; 1
377066; 2
377203; 1
377205; 2
377438; 1
377440; 2
377516; 1
377519; 2
377521; 1
377523; 2
377546; 1
377548; 2
377624; 1
377637; 2
377788; 1
377790; 2
377878; 1
377881; 2
377967; 1
377969; 2
378418; 1
378421; 2
378515; 1
378516; 2
378540; 1
378542; 2
378543; 1
378549; 2
378789; 1
378791; 2
378890; 1
378892; 2
379043; 1
379045; 2
379053; 1
379056; 2
379165; 1
379168; 2
379221; 1
379223; 2
379224; 1
379226; 2
379334; 1
379335; 2
379851; 1
379853; 2
379960; 1
379962; 2
380057; 1
380058; 2
380132; 1
380133; 2
380246; 1
380247; 2
380416; 1
380418; 2
380968; 1
380978; 2
380981; 1
380986; 2
380988; 1
380994; 2
380996; 1
381000; 2
381294; 1
381297; 2
381696; 1
381699; 2
382140; 1
382141; 2
382226; 1
382227; 2
384079; 1
384080; 2
385058; 1
385069; 2
385768; 1
385769; 2
386006; 1
386011; 2
386775; 1
386779; 2
386943; 1
386944; 2
387460; 1
387461; 2
391012; 1
391018; 2
391020; 1
391025; 2
391163; 1
391166; 2
391354; 1
391359; 2
391423; 1
391427; 2
391559; 1
391566; 2
391649; 1
391652; 2
393150; 1
393160; 2
393162; 1
393164; 2
393173; 1
393175; 2
394250; 1
394251; 2
394935; 1
394938; 2
395068; 1
395072; 2
395074; 1
395080; 2
395081; 1
395082; 2
395411; 1
395413; 2
395571; 1
395573; 2
396134; 1
396137; 2
396175; 1
396177; 2
396237; 1
396243; 2
396247; 1
396256; 2
396258; 1
396260; 2
396338; 1
396340; 2
396564; 1
396567; 2
396574; 1
396575; 2
396577; 1
396581; 2
396697; 1
396699; 2
396714; 1
396715; 2
396762; 1
396764; 2
396803; 1
396806; 2
396994; 1
396996; 2
397018; 1
397020; 2
397111; 1
397113; 2
397154; 1
397157; 2
397160; 1
397162; 2
397335; 1
397337; 2
397426; 1
397428; 2
397602; 1
397605; 2
397803; 1
397805; 2
398433; 1
398435; 2
399852; 1
399855; 2
400026; 1
400030; 2
400078; 1
400079; 2
400083; 1
400084; 2
400407; 1
400408; 2
400806; 1
400807; 2
401891; 1
401896; 2
404526; 1
404527; 2
405667; 1
405671; 2
409524; 1
409529; 2
409784; 1
409787; 2
409817; 1
409821; 2
409910; 1
409912; 2
410523; 1
410527; 2
410795; 1
410797; 2
411150; 1
411153; 2
411161; 1
411165; 2
411247; 1
411251; 2
411906; 1
411911; 2
412045; 1
412046; 2
412682; 1
412685; 2
413816; 1
413820; 2
413972; 1
413973; 2
414190; 1
414191; 2
415464; 1
415465; 2
415966; 1
415968; 2
416644; 1
416645; 2
417779; 1
417780; 2
418220; 1
418221; 2
418308; 1
418309; 2
418332; 1
418333; 2
419281; 1
419282; 2
419490; 1
419492; 2
419781; 1
419782; 2
419788; 1
419789; 2
420474; 1
420475; 2
422718; 1
422719; 2
422756; 1
422757; 2
422771; 1
422772; 2
422778; 1
422780; 2
424498; 1
424499; 2
424509; 1
424510; 2
431099; 1
431101; 2
431148; 1
431150; 2
431189; 1
431192; 2
431193; 1
431195; 2
431286; 1
431289; 2
431415; 1
431418; 2
431490; 1
431491; 2
431496; 1
431497; 2
431580; 1
431583; 2
431623; 1
431631; 2
431671; 1
431677; 2
431741; 1
431742; 2
431751; 1
431753; 2
431776; 1
431777; 2
431806; 1
431808; 2
431934; 1
431936; 2
432088; 1
432089; 2
432091; 1
432092; 2
432094; 1
432095; 2
432106; 1
432108; 2
432131; 1
432134; 2
432136; 1
432138; 2
432139; 1
432140; 2
432142; 1
432145; 2
432284; 1
432286; 2
432312; 1
432315; 2
432342; 1
432345; 2
432349; 1
432351; 2
432360; 1
432361; 2
432532; 1
432533; 2
432641; 1
432642; 2
432672; 1
432674; 2
432728; 1
432730; 2
432785; 1
432789; 2
432864; 1
432871; 2
432914; 1
432917; 2
433117; 1
433121; 2
433131; 1
433133; 2
433206; 1
433208; 2
433292; 1
433294; 2
433374; 1
433376; 2
433416; 1
433417; 2
433530; 1
433533; 2
433580; 1
433583; 2
433655; 1
433657; 2
433915; 1
433917; 2
433994; 1
433997; 2
434168; 1
434170; 2
434397; 1
434399; 2
434676; 1
434678; 2
435875; 1
435877; 2
437150; 1
437152; 2
441021; 1
441023; 2
441243; 1
441244; 2
444744; 1
444746; 2
444747; 1
444748; 2
445436; 1
445440; 2
445836; 1
445841; 2
446822; 1
446825; 2
446946; 1
446951; 2
446954; 1
446958; 2
446960; 1
446961; 2
447142; 1
447147; 2
447392; 1
447395; 2
448058; 1
448060; 2
448231; 1
448236; 2
448237; 1
448238; 2
448331; 1
448333; 2
448575; 1
448577; 2
448578; 1
448580; 2
448772; 1
448773; 2
448912; 1
448914; 2
448917; 1
448919; 2
448920; 1
448921; 2
448938; 1
448941; 2
449152; 1
449154; 2
449220; 1
449223; 2
449945; 1
449947; 2
450083; 1
450085; 2
450201; 1
450203; 2
450277; 1
450279; 2
450469; 1
450472; 2
450756; 1
450760; 2
450857; 1
450861; 2
451060; 1
451062; 2
451131; 1
451133; 2
451319; 1
451321; 2
451673; 1
451676; 2
451856; 1
451858; 2
451999; 1
452001; 2
452053; 1
452056; 2
452322; 1
452325; 2
452873; 1
452874; 2
453064; 1
453067; 2
453090; 1
453091; 2
453779; 1
453783; 2
457747; 1
457750; 2
457812; 1
457813; 2
457814; 1
457815; 2
457816; 1
457817; 2
457821; 1
457824; 2
458100; 1
458104; 2
459382; 1
459385; 2
460978; 1
460981; 2
461206; 1
461208; 2
461288; 1
461293; 2
462330; 1
462331; 2
462333; 1
462335; 2
462394; 1
462397; 2
462398; 1
462400; 2
462820; 1
462821; 2
462825; 1
462827; 2
463204; 1
463209; 2
463299; 1
463300; 2
463306; 1
463308; 2
463309; 1
463310; 2
463418; 1
463427; 2
463443; 1
463446; 2
463447; 1
463450; 2
463471; 1
463474; 2
463503; 1
463504; 2
463660; 1
463662; 2
464130; 1
464135; 2
464138; 1
464139; 2
464140; 1
464141; 2
464343; 1
464344; 2
464533; 1
464534; 2
464536; 1
464537; 2
464606; 1
464610; 2
464613; 1
464614; 2
464682; 1
464683; 2
464745; 1
464749; 2
464751; 1
464752; 2
464753; 1
464756; 2
464828; 1
464829; 2
464846; 1
464847; 2
464854; 1
464855; 2
464880; 1
464881; 2
464882; 1
464883; 2
464916; 1
464917; 2
465086; 1
465090; 2
465103; 1
465106; 2
465107; 1
465108; 2
465301; 1
465302; 2
465531; 1
465532; 2
465576; 1
465577; 2
465895; 1
465897; 2
465904; 1
465905; 2
465911; 1
465912; 2
466172; 1
466174; 2
466222; 1
466223; 2
466253; 1
466254; 2
466331; 1
466332; 2
466336; 1
466341; 2
466343; 1
466344; 2
466451; 1
466452; 2
466615; 1
466616; 2
466803; 1
466804; 2
466811; 1
466818; 2
467224; 1
467228; 2
467347; 1
467350; 2
467407; 1
467408; 2
467785; 1
467792; 2
467901; 1
467902; 2
467909; 1
467913; 2
468041; 1
468043; 2
468091; 1
468092; 2
468289; 1
468290; 2
468299; 1
468300; 2
468448; 1
468449; 2
468883; 1
468884; 2
469334; 1
469335; 2
469442; 1
469443; 2
469459; 1
469461; 2
469604; 1
469605; 2
470031; 1
470032; 2
470034; 1
470035; 2
470040; 1
470042; 2
470164; 1
470165; 2
470742; 1
470747; 2
470749; 1
470753; 2
470756; 1
470759; 2
470763; 1
470764; 2
471078; 1
471079; 2
471176; 1
471177; 2
472090; 1
472091; 2
472264; 1
472265; 2
472433; 1
472434; 2
475325; 1
475326; 2
475381; 1
475382; 2
477126; 1
477127; 2
477629; 1
477630; 2
477647; 1
477648; 2
477650; 1
477651; 2
477786; 1
477787; 2
477900; 1
477901; 2
478825; 1
478826; 2
484855; 1
484857; 2
484894; 1
484896; 2
484906; 1
484909; 2
485357; 1
485361; 2
485382; 1
485385; 2
485387; 1
485396; 2
485532; 1
485534; 2
485535; 1
485536; 2
485565; 1
485571; 2
485903; 1
485906; 2
485931; 1
485932; 2
485958; 1
485960; 2
486036; 1
486037; 2
486093; 1
486094; 2
486174; 1
486176; 2
486179; 1
486182; 2
486362; 1
486364; 2
486387; 1
486388; 2
486583; 1
486586; 2
486643; 1
486645; 2
486646; 1
486648; 2
486652; 1
486654; 2
486655; 1
486657; 2
486787; 1
486789; 2
486813; 1
486815; 2
486977; 1
486980; 2
487046; 1
487048; 2
487139; 1
487140; 2
487282; 1
487285; 2
487286; 1
487289; 2
487361; 1
487364; 2
487516; 1
487519; 2
487556; 1
487559; 2
487711; 1
487713; 2
487739; 1
487741; 2
487910; 1
487913; 2
487926; 1
487928; 2
488148; 1
488150; 2
488151; 1
488153; 2
488304; 1
488306; 2
488392; 1
488394; 2
488618; 1
488622; 2
489027; 1
489029; 2
489130; 1
489133; 2
489973; 1
489975; 2
490348; 1
490351; 2
490363; 1
490367; 2
490369; 1
490372; 2
499033; 1
499034; 2
499259; 1
499266; 2
500002; 1
500006; 2
501811; 1
501813; 2
502237; 1
502243; 2
502314; 1
502316; 2
502729; 1
502732; 2
502765; 1
502768; 2
502935; 1
502938; 2
503036; 1
503039; 2
503041; 1
503043; 2
503566; 1
503569; 2
503679; 1
503681; 2
503938; 1
503942; 2
504162; 1
504164; 2
504168; 1
504171; 2
504494; 1
504496; 2
505182; 1
505185; 2
505744; 1
505747; 2
505854; 1
505856; 2
505954; 1
505957; 2
506309; 1
506311; 2
506396; 1
506398; 2
506736; 1
506738; 2
508282; 1
508285; 2
508286; 1
508287; 2
508521; 1
508525; 2
508526; 1
508531; 2
510049; 1
510055; 2
510058; 1
510064; 2
510102; 1
510105; 2
510696; 1
510698; 2
511216; 1
511217; 2
511876; 1
511879; 2
511886; 1
511888; 2
513490; 1
513494; 2
513497; 1
513498; 2
513499; 1
513500; 2
513502; 1
513503; 2
513798; 1
513801; 2
513848; 1
513851; 2
513854; 1
513855; 2
514499; 1
514503; 2
517179; 1
517182; 2
517366; 1
517368; 2
517742; 1
517750; 2
518044; 1
518045; 2
518484; 1
518488; 2
518510; 1
518513; 2
519376; 1
519378; 2
519528; 1
519531; 2
519540; 1
519542; 2
519544; 1
519545; 2
519546; 1
519548; 2
519552; 1
519553; 2
519870; 1
519872; 2
519879; 1
519880; 2
519924; 1
519925; 2
520154; 1
520155; 2
520756; 1
520757; 2
520761; 1
520763; 2
520764; 1
520765; 2
522550; 1
522551; 2
522559; 1
522561; 2
523097; 1
523098; 2
523441; 1
523443; 2
523766; 1
523767; 2
524745; 1
524746; 2
525399; 1
525403; 2
525407; 1
525408; 2
527454; 1
527455; 2
528281; 1
528282; 2
528320; 1
528321; 2
528409; 1
528410; 2
529330; 1
529331; 2
530453; 1
530454; 2
530672; 1
530673; 2
531562; 1
531563; 2
532511; 1
532512; 2
532586; 1
532587; 2
539101; 1
539104; 2
539127; 1
539136; 2
539144; 1
539145; 2
539151; 1
539157; 2
539213; 1
539214; 2
539371; 1
539372; 2
539390; 1
539393; 2
539486; 1
539488; 2
539531; 1
539532; 2
539581; 1
539584; 2
539586; 1
539587; 2
539589; 1
539590; 2
539645; 1
539647; 2
539735; 1
539738; 2
539947; 1
539950; 2
539984; 1
539985; 2
540046; 1
540048; 2
540179; 1
540180; 2
540212; 1
540213; 2
540414; 1
540416; 2
540423; 1
540424; 2
540427; 1
540428; 2
540478; 1
540481; 2
540596; 1
540602; 2
540718; 1
540720; 2
540750; 1
540751; 2
540863; 1
540865; 2
540916; 1
540918; 2
540943; 1
540946; 2
541207; 1
541208; 2
541230; 1
541234; 2
541336; 1
541339; 2
541544; 1
541545; 2
541547; 1
541549; 2
541586; 1
541589; 2
541605; 1
541606; 2
541611; 1
541615; 2
541668; 1
541669; 2
541670; 1
541671; 2
541725; 1
541726; 2
541823; 1
541825; 2
541826; 1
541827; 2
541830; 1
541831; 2
541832; 1
541833; 2
541985; 1
541987; 2
542347; 1
542349; 2
542561; 1
542563; 2
542668; 1
542671; 2
542817; 1
542819; 2
543003; 1
543006; 2
543030; 1
543032; 2
543753; 1
543755; 2
544106; 1
544109; 2
544919; 1
544921; 2
550102; 1
550104; 2
550181; 1
550182; 2
550183; 1
550186; 2
553240; 1
553243; 2
553246; 1
553247; 2
553499; 1
553503; 2
553605; 1
553606; 2
553744; 1
553745; 2
554311; 1
554314; 2
554836; 1
554838; 2
555274; 1
555276; 2
555742; 1
555749; 2
556339; 1
556342; 2
556346; 1
556347; 2
556725; 1
556727; 2
556734; 1
556736; 2
556743; 1
556745; 2
556826; 1
556827; 2
557166; 1
557168; 2
557314; 1
557316; 2
557367; 1
557369; 2
558444; 1
558446; 2
558548; 1
558550; 2
558727; 1
558729; 2
559071; 1
559074; 2
559157; 1
559160; 2
559242; 1
559243; 2
559408; 1
559410; 2
559536; 1
559539; 2
559606; 1
559608; 2
559838; 1
559840; 2
559883; 1
559885; 2
560029; 1
560031; 2
560084; 1
560086; 2
560370; 1
560372; 2
560399; 1
560401; 2
560444; 1
560446; 2
561046; 1
561048; 2
561398; 1
561400; 2
561448; 1
561449; 2
561453; 1
561454; 2
561617; 1
561620; 2
562430; 1
562431; 2
566199; 1
566200; 2
566940; 1
566942; 2
566945; 1
566946; 2
566950; 1
566951; 2
566954; 1
566955; 2
567280; 1
567281; 2
567987; 1
567988; 2
568019; 1
568020; 2
568228; 1
568231; 2
568280; 1
568283; 2
569155; 1
569156; 2
569826; 1
569827; 2
569964; 1
569969; 2
569999; 1
570009; 2
570045; 1
570049; 2
570191; 1
570192; 2
570566; 1
570567; 2
571260; 1
571261; 2
571277; 1
571282; 2
571373; 1
571376; 2
571412; 1
571416; 2
571479; 1
571483; 2
571561; 1
571562; 2
571967; 1
571968; 2
572188; 1
572193; 2
572472; 1
572475; 2
572840; 1
572841; 2
573555; 1
573560; 2
573563; 1
573565; 2
575144; 1
575146; 2
577485; 1
577489; 2
577841; 1
577843; 2
577844; 1
577850; 2
579499; 1
579500; 2
580570; 1
580571; 2
592777; 1
592779; 2
592863; 1
592866; 2
592874; 1
592876; 2
592963; 1
592965; 2
592972; 1
592976; 2
592978; 1
592980; 2
593021; 1
593030; 2
593044; 1
593051; 2
593085; 1
593088; 2
593129; 1
593131; 2
593144; 1
593146; 2
593219; 1
593222; 2
593261; 1
593264; 2
593309; 1
593311; 2
593441; 1
593442; 2
593521; 1
593523; 2
593658; 1
593660; 2
594039; 1
594041; 2
594068; 1
594069; 2
594315; 1
594318; 2
594441; 1
594443; 2
594554; 1
594555; 2
594627; 1
594629; 2
594761; 1
594762; 2
594779; 1
594781; 2
594850; 1
594852; 2
595160; 1
595164; 2
595172; 1
595176; 2
595311; 1
595313; 2
595318; 1
595320; 2
595374; 1
595376; 2
595387; 1
595389; 2
595497; 1
595498; 2
595605; 1
595607; 2
595674; 1
595676; 2
595929; 1
595931; 2
595969; 1
595971; 2
596356; 1
596358; 2
596369; 1
596373; 2
596723; 1
596725; 2
596851; 1
596853; 2
597045; 1
597048; 2
597910; 1
597912; 2
599204; 1
599206; 2
599640; 1
599643; 2
601850; 1
601852; 2
604770; 1
604771; 2
605805; 1
605807; 2
606456; 1
606457; 2
607205; 1
607209; 2
607235; 1
607239; 2
607325; 1
607328; 2
607471; 1
607476; 2
607608; 1
607612; 2
608629; 1
608632; 2
609793; 1
609796; 2
610261; 1
610263; 2
610820; 1
610823; 2
610869; 1
610872; 2
611083; 1
611085; 2
611341; 1
611343; 2
611559; 1
611560; 2
611618; 1
611620; 2
611751; 1
611754; 2
612218; 1
612220; 2
612422; 1
612425; 2
612476; 1
612480; 2
612628; 1
612629; 2
612796; 1
612798; 2
612803; 1
612807; 2
613066; 1
613067; 2
613517; 1
613519; 2
613568; 1
613571; 2
613791; 1
613793; 2
613888; 1
613891; 2
613937; 1
613940; 2
614011; 1
614013; 2
614151; 1
614153; 2
614471; 1
614474; 2
614582; 1
614586; 2
614588; 1
614589; 2
615311; 1
615312; 2
617769; 1
617770; 2
619009; 1
619012; 2
619362; 1
619365; 2
620926; 1
620931; 2
622242; 1
622243; 2
622244; 1
622247; 2
622411; 1
622412; 2
622457; 1
622458; 2
622851; 1
622852; 2
623789; 1
623790; 2
624334; 1
624337; 2
625025; 1
625026; 2
627410; 1
627428; 2
627435; 1
627437; 2
627442; 1
627445; 2
628654; 1
628655; 2
628661; 1
628662; 2
629581; 1
629582; 2
629635; 1
629636; 2
629775; 1
629776; 2
630079; 1
630080; 2
630536; 1
630537; 2
630982; 1
630983; 2
638587; 1
638588; 2
641760; 1
641761; 2
646585; 1
646590; 2
646594; 1
646595; 2
646733; 1
646734; 2
647062; 1
647063; 2
647393; 1
647394; 2
647448; 1
647449; 2
647483; 1
647484; 2
648699; 1
648700; 2
649766; 1
649767; 2
650423; 1
650424; 2
660077; 1
660079; 2
664184; 1
664186; 2
664199; 1
664201; 2
664271; 1
664273; 2
664446; 1
664449; 2
664536; 1
664537; 2
664586; 1
664588; 2
664902; 1
664903; 2
664915; 1
664917; 2
665125; 1
665127; 2
665193; 1
665195; 2
665591; 1
665593; 2
666134; 1
666135; 2
666274; 1
666276; 2
666401; 1
666403; 2
666481; 1
666483; 2
666732; 1
666734; 2
666812; 1
666814; 2
667035; 1
667037; 2
667314; 1
667316; 2
667420; 1
667423; 2
667710; 1
667711; 2
667723; 1
667725; 2
667762; 1
667764; 2
668108; 1
668110; 2
668690; 1
668692; 2
670911; 1
670912; 2
670913; 1
670916; 2
670978; 1
670982; 2
676564; 1
676566; 2
677687; 1
677693; 2
677702; 1
677704; 2
677726; 1
677727; 2
677728; 1
677729; 2
677732; 1
677738; 2
678657; 1
678659; 2
678903; 1
678905; 2
679033; 1
679035; 2
679223; 1
679225; 2
679269; 1
679272; 2
679275; 1
679278; 2
680330; 1
680331; 2
680873; 1
680875; 2
680876; 1
680877; 2
681974; 1
681976; 2
683058; 1
683060; 2
684884; 1
684888; 2
686718; 1
686722; 2
686730; 1
686731; 2
686733; 1
686734; 2
686786; 1
686790; 2
700499; 1
700502; 2
700513; 1
700514; 2
700520; 1
700523; 2
700528; 1
700529; 2
700555; 1
700558; 2
700781; 1
700783; 2
700944; 1
700946; 2
700955; 1
700957; 2
700960; 1
700962; 2
701408; 1
701410; 2
701504; 1
701506; 2
701599; 1
701600; 2
701674; 1
701676; 2
701773; 1
701775; 2
701801; 1
701802; 2
702183; 1
702185; 2
702282; 1
702285; 2
702446; 1
702449; 2
702557; 1
702559; 2
702561; 1
702563; 2
702566; 1
702568; 2
702818; 1
702819; 2
702823; 1
702825; 2
703016; 1
703019; 2
703065; 1
703067; 2
703304; 1
703306; 2
703685; 1
703688; 2
703781; 1
703783; 2
703889; 1
703891; 2
703911; 1
703913; 2
704113; 1
704114; 2
704201; 1
704204; 2
704213; 1
704214; 2
704234; 1
704236; 2
704321; 1
704324; 2
704466; 1
704472; 2
704606; 1
704609; 2
704777; 1
704779; 2
704781; 1
704783; 2
704842; 1
704844; 2
705626; 1
705628; 2
706045; 1
706047; 2
711508; 1
711510; 2
711511; 1
711516; 2
711520; 1
711521; 2
711523; 1
711524; 2
711534; 1
711537; 2
715266; 1
715269; 2
715757; 1
715761; 2
715948; 1
715951; 2
716021; 1
716025; 2
716120; 1
716124; 2
716710; 1
716712; 2
716713; 1
716715; 2
716805; 1
716807; 2
716822; 1
716824; 2
717050; 1
717052; 2
717661; 1
717663; 2
717715; 1
717717; 2
717738; 1
717739; 2
717995; 1
717997; 2
718028; 1
718033; 2
718168; 1
718171; 2
718390; 1
718392; 2
719304; 1
719305; 2
719544; 1
719546; 2
719549; 1
719551; 2
719757; 1
719759; 2
720021; 1
720022; 2
720076; 1
720078; 2
720323; 1
720325; 2
720458; 1
720460; 2
720484; 1
720486; 2
720491; 1
720493; 2
721335; 1
721337; 2
721395; 1
721397; 2
721562; 1
721564; 2
721755; 1
721757; 2
721836; 1
721838; 2
721840; 1
721841; 2
721890; 1
721891; 2
721919; 1
721921; 2
722309; 1
722310; 2
722531; 1
722533; 2
724886; 1
724889; 2
729013; 1
729016; 2
730397; 1
730399; 2
732741; 1
732743; 2
732760; 1
732761; 2
732772; 1
732776; 2
732864; 1
732866; 2
732991; 1
732995; 2
733123; 1
733126; 2
734225; 1
734228; 2
734359; 1
734363; 2
734368; 1
734371; 2
734572; 1
734575; 2
735992; 1
735995; 2
736621; 1
736624; 2
739228; 1
739230; 2
739479; 1
739482; 2
740974; 1
740975; 2
741224; 1
741225; 2
748435; 1
748438; 2
754510; 1
754512; 2
754561; 1
754565; 2
754589; 1
754591; 2
754758; 1
754760; 2
754772; 1
754774; 2
754943; 1
754945; 2
754964; 1
754966; 2
754974; 1
754976; 2
754979; 1
754980; 2
755000; 1
755002; 2
755179; 1
755181; 2
755206; 1
755209; 2
755278; 1
755281; 2
755322; 1
755326; 2
755450; 1
755452; 2
755550; 1
755552; 2
755556; 1
755558; 2
755645; 1
755648; 2
755649; 1
755651; 2
755818; 1
755821; 2
755845; 1
755846; 2
755948; 1
755951; 2
756022; 1
756025; 2
756088; 1
756090; 2
756196; 1
756199; 2
756210; 1
756212; 2
756285; 1
756287; 2
756363; 1
756365; 2
756368; 1
756371; 2
756472; 1
756474; 2
756550; 1
756551; 2
756598; 1
756600; 2
756679; 1
756681; 2
756745; 1
756749; 2
756836; 1
756839; 2
757250; 1
757252; 2
757320; 1
757322; 2
757576; 1
757578; 2
757676; 1
757679; 2
757970; 1
757971; 2
758135; 1
758137; 2
758192; 1
758196; 2
758698; 1
758701; 2
762322; 1
762325; 2
765581; 1
765583; 2
767288; 1
767291; 2
767725; 1
767728; 2
767892; 1
767895; 2
768137; 1
768139; 2
768959; 1
768961; 2
768990; 1
768994; 2
769228; 1
769230; 2
770112; 1
770113; 2
770411; 1
770412; 2
771205; 1
771207; 2
771530; 1
771533; 2
771814; 1
771817; 2
771840; 1
771843; 2
772190; 1
772192; 2
772986; 1
772988; 2
773531; 1
773533; 2
773546; 1
773548; 2
773641; 1
773643; 2
773673; 1
773675; 2
773738; 1
773740; 2
773820; 1
773822; 2
774114; 1
774115; 2
774653; 1
774655; 2
774709; 1
774712; 2
774714; 1
774717; 2
774796; 1
774797; 2
774911; 1
774913; 2
775285; 1
775287; 2
775365; 1
775369; 2
775470; 1
775472; 2
776168; 1
776170; 2
776316; 1
776317; 2
778235; 1
778241; 2
778274; 1
778276; 2
778277; 1
778278; 2
778282; 1
778283; 2
782797; 1
782799; 2
783239; 1
783241; 2
783379; 1
783381; 2
783702; 1
783704; 2
783732; 1
783735; 2
786397; 1
786399; 2
786461; 1
786464; 2
786468; 1
786472; 2
786508; 1
786512; 2
786517; 1
786520; 2
786566; 1
786570; 2
786789; 1
786793; 2
786794; 1
786797; 2
790689; 1
790693; 2
795130; 1
795133; 2
795148; 1
795150; 2
808462; 1
808464; 2
808469; 1
808471; 2
808512; 1
808513; 2
808524; 1
808526; 2
808570; 1
808573; 2
808698; 1
808700; 2
808971; 1
808973; 2
809098; 1
809100; 2
809141; 1
809143; 2
809155; 1
809157; 2
809158; 1
809161; 2
809250; 1
809253; 2
809297; 1
809299; 2
809455; 1
809457; 2
809514; 1
809515; 2
809561; 1
809563; 2
809577; 1
809579; 2
809706; 1
809707; 2
809708; 1
809710; 2
809972; 1
809974; 2
810007; 1
810010; 2
810028; 1
810030; 2
810065; 1
810068; 2
810133; 1
810135; 2
810193; 1
810195; 2
810229; 1
810231; 2
810258; 1
810261; 2
810355; 1
810356; 2
810376; 1
810378; 2
810445; 1
810447; 2
810513; 1
810515; 2
810599; 1
810601; 2
810633; 1
810635; 2
810652; 1
810653; 2
810693; 1
810696; 2
810738; 1
810741; 2
810886; 1
810888; 2
810894; 1
810895; 2
810933; 1
810936; 2
810938; 1
810940; 2
811040; 1
811042; 2
811318; 1
811319; 2
811732; 1
811735; 2
811743; 1
811745; 2
811841; 1
811843; 2
811857; 1
811859; 2
811960; 1
811961; 2
812195; 1
812197; 2
812198; 1
812200; 2
812221; 1
812224; 2
812686; 1
812689; 2
812735; 1
812739; 2
812834; 1
812836; 2
820673; 1
820674; 2
821335; 1
821337; 2
822246; 1
822248; 2
823229; 1
823231; 2
823423; 1
823425; 2
823435; 1
823439; 2
823714; 1
823716; 2
823962; 1
823964; 2
824443; 1
824445; 2
824644; 1
824646; 2
824797; 1
824800; 2
825277; 1
825281; 2
825705; 1
825707; 2
826208; 1
826210; 2
826265; 1
826268; 2
826499; 1
826501; 2
826877; 1
826880; 2
827031; 1
827032; 2
827034; 1
827037; 2
827039; 1
827041; 2
827241; 1
827243; 2
827306; 1
827310; 2
827319; 1
827321; 2
827512; 1
827514; 2
827598; 1
827601; 2
827638; 1
827640; 2
827739; 1
827741; 2
827749; 1
827751; 2
828246; 1
828248; 2
828422; 1
828423; 2
828455; 1
828457; 2
828463; 1
828465; 2
828529; 1
828531; 2
829017; 1
829019; 2
829435; 1
829437; 2
829444; 1
829446; 2
829647; 1
829649; 2
829701; 1
829703; 2
829892; 1
829894; 2
829916; 1
829918; 2
829962; 1
829965; 2
830163; 1
830165; 2
830196; 1
830198; 2
830568; 1
830569; 2
830572; 1
830575; 2
830722; 1
830725; 2
832494; 1
832496; 2
836401; 1
836404; 2
837137; 1
837138; 2
840456; 1
840460; 2
840646; 1
840648; 2
840944; 1
840948; 2
840949; 1
840956; 2
841951; 1
841954; 2
841969; 1
841972; 2
842277; 1
842281; 2
845612; 1
845615; 2
846757; 1
846760; 2
846761; 1
846762; 2
847303; 1
847306; 2
847334; 1
847336; 2
847337; 1
847338; 2
847455; 1
847459; 2
848320; 1
848322; 2
862431; 1
862432; 2
862433; 1
862437; 2
862453; 1
862455; 2
862480; 1
862482; 2
862500; 1
862503; 2
862553; 1
862555; 2
862685; 1
862687; 2
862804; 1
862806; 2
862822; 1
862824; 2
862874; 1
862876; 2
862971; 1
862973; 2
863120; 1
863121; 2
863386; 1
863388; 2
863494; 1
863495; 2
863669; 1
863670; 2
863960; 1
863961; 2
863965; 1
863967; 2
864390; 1
864392; 2
864393; 1
864395; 2
864546; 1
864548; 2
864552; 1
864555; 2
864681; 1
864683; 2
864919; 1
864921; 2
864922; 1
864925; 2
864926; 1
864928; 2
865028; 1
865030; 2
865031; 1
865033; 2
865071; 1
865073; 2
865213; 1
865214; 2
865336; 1
865338; 2
865340; 1
865343; 2
865461; 1
865462; 2
865464; 1
865467; 2
865483; 1
865485; 2
865546; 1
865548; 2
865917; 1
865919; 2
866559; 1
866561; 2
866638; 1
866640; 2
866849; 1
866850; 2
867415; 1
867418; 2
869363; 1
869365; 2
870223; 1
870225; 2
870291; 1
870294; 2
871459; 1
871463; 2
871869; 1
871871; 2
871902; 1
871904; 2
871915; 1
871918; 2
871926; 1
871929; 2
872025; 1
872027; 2
873048; 1
873052; 2
874076; 1
874079; 2
875078; 1
875079; 2
875461; 1
875462; 2
876499; 1
876501; 2
876775; 1
876779; 2
877020; 1
877025; 2
877083; 1
877087; 2
877184; 1
877190; 2
877340; 1
877344; 2
877956; 1
877959; 2
878147; 1
878149; 2
879795; 1
879797; 2
880373; 1
880375; 2
880420; 1
880422; 2
880423; 1
880424; 2
880587; 1
880589; 2
880658; 1
880660; 2
880979; 1
880981; 2
881129; 1
881131; 2
881235; 1
881238; 2
881316; 1
881318; 2
881350; 1
881352; 2
881512; 1
881514; 2
881748; 1
881752; 2
881794; 1
881795; 2
881881; 1
881883; 2
882037; 1
882040; 2
882123; 1
882124; 2
882180; 1
882181; 2
882226; 1
882227; 2
882254; 1
882256; 2
882746; 1
882749; 2
882880; 1
882883; 2
882926; 1
882928; 2
882929; 1
882932; 2
882961; 1
882964; 2
883058; 1
883060; 2
883155; 1
883157; 2
884011; 1
884012; 2
884057; 1
884059; 2
884340; 1
884342; 2
884715; 1
884716; 2
