Sequence of timestamped events V0.1
301
Name =301
Tbegin = 0
Tend = 885492
Count = 3909
96; 1
106; 2
107; 1
111; 2
188; 1
191; 2
241; 1
247; 2
250; 1
252; 2
396; 1
405; 2
636; 1
644; 2
662; 1
663; 2
664; 1
665; 2
945; 1
953; 2
954; 1
956; 2
1189; 1
1192; 2
1196; 1
1197; 2
1207; 1
1212; 2
1259; 1
1266; 2
1267; 1
1275; 2
1449; 1
1455; 2
1528; 1
1534; 2
1546; 1
1552; 2
1621; 1
1623; 2
1624; 1
1633; 2
1640; 1
1642; 2
1643; 1
1644; 2
1714; 1
1716; 2
1797; 1
1798; 2
1799; 1
1801; 2
1892; 1
1896; 2
1994; 1
1996; 2
2070; 1
2077; 2
2307; 1
2312; 2
2498; 1
2499; 2
2501; 1
2505; 2
2570; 1
2577; 2
2605; 1
2610; 2
2613; 1
2615; 2
2616; 1
2623; 2
3412; 1
3419; 2
3427; 1
3429; 2
3509; 1
3512; 2
3624; 1
3629; 2
3637; 1
3638; 2
3650; 1
3652; 2
4584; 1
4589; 2
4825; 1
4833; 2
4958; 1
4959; 2
5005; 1
5009; 2
5056; 1
5057; 2
5457; 1
5461; 2
5721; 1
5730; 2
7982; 1
7984; 2
7985; 1
7987; 2
8477; 1
8479; 2
8517; 1
8519; 2
8545; 1
8550; 2
8879; 1
8885; 2
8950; 1
8953; 2
9476; 1
9485; 2
10264; 1
10265; 2
10266; 1
10270; 2
10272; 1
10278; 2
10279; 1
10283; 2
10284; 1
10285; 2
13285; 1
13290; 2
13530; 1
13533; 2
13571; 1
13573; 2
13574; 1
13576; 2
13721; 1
13726; 2
14389; 1
14390; 2
14414; 1
14420; 2
14474; 1
14477; 2
14581; 1
14586; 2
14587; 1
14588; 2
14592; 1
14601; 2
14708; 1
14710; 2
14848; 1
14849; 2
15111; 1
15116; 2
15165; 1
15172; 2
15214; 1
15215; 2
15265; 1
15268; 2
15292; 1
15296; 2
15481; 1
15484; 2
15606; 1
15612; 2
15699; 1
15702; 2
15825; 1
15829; 2
15908; 1
15911; 2
15913; 1
15917; 2
16074; 1
16079; 2
16084; 1
16085; 2
16206; 1
16209; 2
16210; 1
16214; 2
16354; 1
16358; 2
16453; 1
16457; 2
16638; 1
16639; 2
16750; 1
16752; 2
16805; 1
16810; 2
17034; 1
17035; 2
17470; 1
17477; 2
17517; 1
17520; 2
17623; 1
17626; 2
17718; 1
17725; 2
17784; 1
17789; 2
17904; 1
17910; 2
18130; 1
18134; 2
18270; 1
18273; 2
18442; 1
18449; 2
18451; 1
18453; 2
18816; 1
18817; 2
18818; 1
18819; 2
18939; 1
18940; 2
19133; 1
19144; 2
19649; 1
19656; 2
19667; 1
19668; 2
19674; 1
19678; 2
19719; 1
19724; 2
19786; 1
19790; 2
20092; 1
20096; 2
20570; 1
20571; 2
20574; 1
20575; 2
20577; 1
20578; 2
20581; 1
20584; 2
20910; 1
20914; 2
21125; 1
21129; 2
21238; 1
21242; 2
21327; 1
21332; 2
21333; 1
21337; 2
21346; 1
21348; 2
21349; 1
21350; 2
21723; 1
21728; 2
21729; 1
21734; 2
21735; 1
21736; 2
21779; 1
21780; 2
25201; 1
25205; 2
25420; 1
25422; 2
27442; 1
27443; 2
27959; 1
27961; 2
28400; 1
28407; 2
28509; 1
28516; 2
28704; 1
28710; 2
28825; 1
28829; 2
29125; 1
29128; 2
29310; 1
29312; 2
29343; 1
29347; 2
29418; 1
29422; 2
29486; 1
29493; 2
29621; 1
29637; 2
29638; 1
29641; 2
29646; 1
29648; 2
29878; 1
29885; 2
30091; 1
30096; 2
30560; 1
30566; 2
31428; 1
31429; 2
31640; 1
31648; 2
31780; 1
31783; 2
32395; 1
32399; 2
32418; 1
32422; 2
32463; 1
32466; 2
32644; 1
32648; 2
32785; 1
32789; 2
32797; 1
32801; 2
32810; 1
32818; 2
32905; 1
32907; 2
33063; 1
33068; 2
33092; 1
33093; 2
33114; 1
33115; 2
33182; 1
33185; 2
33268; 1
33275; 2
33540; 1
33545; 2
33546; 1
33553; 2
33701; 1
33705; 2
33729; 1
33731; 2
33746; 1
33750; 2
33904; 1
33907; 2
34077; 1
34078; 2
34079; 1
34080; 2
34122; 1
34128; 2
34188; 1
34191; 2
34310; 1
34315; 2
34317; 1
34321; 2
34487; 1
34488; 2
34539; 1
34545; 2
34650; 1
34653; 2
34725; 1
34729; 2
34759; 1
34763; 2
34774; 1
34775; 2
34781; 1
34783; 2
35055; 1
35057; 2
35079; 1
35083; 2
35098; 1
35101; 2
35102; 1
35103; 2
35105; 1
35106; 2
35572; 1
35575; 2
35656; 1
35661; 2
35664; 1
35668; 2
35958; 1
35962; 2
36047; 1
36049; 2
36078; 1
36081; 2
36541; 1
36544; 2
36629; 1
36632; 2
37008; 1
37015; 2
37048; 1
37050; 2
37138; 1
37141; 2
37182; 1
37187; 2
37258; 1
37266; 2
37271; 1
37272; 2
38150; 1
38154; 2
39611; 1
39614; 2
39769; 1
39773; 2
39782; 1
39784; 2
39798; 1
39800; 2
40056; 1
40061; 2
46374; 1
46375; 2
53694; 1
53698; 2
53699; 1
53706; 2
53734; 1
53736; 2
53901; 1
53903; 2
53904; 1
53905; 2
53908; 1
53909; 2
53910; 1
53912; 2
53914; 1
53917; 2
53918; 1
53921; 2
54339; 1
54341; 2
54347; 1
54348; 2
54379; 1
54382; 2
54729; 1
54733; 2
54734; 1
54737; 2
54742; 1
54747; 2
54868; 1
54874; 2
54879; 1
54881; 2
54892; 1
54893; 2
54894; 1
54895; 2
54910; 1
54914; 2
54917; 1
54920; 2
55085; 1
55086; 2
55483; 1
55488; 2
55489; 1
55500; 2
55569; 1
55570; 2
55865; 1
55872; 2
55873; 1
55878; 2
55926; 1
55929; 2
55986; 1
55990; 2
56012; 1
56017; 2
56203; 1
56211; 2
56216; 1
56219; 2
56320; 1
56321; 2
56323; 1
56324; 2
56325; 1
56326; 2
56609; 1
56616; 2
56824; 1
56832; 2
56996; 1
57001; 2
57037; 1
57041; 2
57333; 1
57340; 2
57607; 1
57622; 2
57629; 1
57636; 2
57777; 1
57779; 2
57822; 1
57824; 2
57825; 1
57830; 2
57833; 1
57834; 2
57835; 1
57840; 2
57841; 1
57842; 2
60465; 1
60469; 2
62986; 1
62995; 2
63262; 1
63263; 2
63296; 1
63297; 2
63302; 1
63306; 2
63527; 1
63534; 2
63738; 1
63746; 2
64900; 1
64901; 2
65131; 1
65132; 2
65476; 1
65478; 2
65550; 1
65554; 2
65636; 1
65646; 2
65852; 1
65858; 2
65859; 1
65860; 2
65988; 1
65991; 2
66000; 1
66004; 2
66006; 1
66008; 2
66061; 1
66065; 2
66066; 1
66071; 2
66247; 1
66254; 2
67572; 1
67575; 2
67577; 1
67578; 2
67623; 1
67627; 2
67630; 1
67633; 2
67634; 1
67641; 2
67642; 1
67643; 2
67703; 1
67706; 2
67749; 1
67751; 2
67931; 1
67937; 2
68059; 1
68063; 2
68111; 1
68115; 2
68119; 1
68128; 2
68214; 1
68218; 2
68406; 1
68411; 2
68460; 1
68461; 2
68537; 1
68542; 2
68545; 1
68548; 2
68691; 1
68693; 2
68902; 1
68906; 2
68955; 1
68961; 2
68996; 1
68997; 2
69287; 1
69289; 2
69454; 1
69458; 2
69496; 1
69500; 2
69955; 1
69959; 2
70023; 1
70031; 2
70301; 1
70305; 2
70464; 1
70468; 2
70470; 1
70471; 2
70473; 1
70476; 2
70550; 1
70552; 2
71151; 1
71154; 2
71339; 1
71343; 2
71554; 1
71560; 2
71687; 1
71692; 2
71928; 1
71932; 2
73404; 1
73406; 2
73520; 1
73523; 2
73883; 1
73884; 2
73887; 1
73890; 2
73892; 1
73896; 2
73930; 1
73935; 2
73939; 1
73940; 2
75297; 1
75300; 2
75301; 1
75309; 2
75344; 1
75345; 2
75425; 1
75427; 2
75428; 1
75430; 2
75470; 1
75471; 2
77051; 1
77053; 2
77956; 1
77959; 2
79504; 1
79506; 2
79797; 1
79805; 2
79906; 1
79911; 2
80198; 1
80205; 2
81441; 1
81452; 2
82093; 1
82102; 2
82104; 1
82109; 2
82353; 1
82361; 2
83017; 1
83021; 2
83599; 1
83601; 2
83707; 1
83711; 2
84121; 1
84125; 2
84598; 1
84601; 2
84762; 1
84766; 2
84844; 1
84849; 2
85394; 1
85397; 2
85433; 1
85434; 2
85435; 1
85437; 2
85481; 1
85483; 2
85693; 1
85697; 2
85787; 1
85791; 2
85829; 1
85832; 2
85973; 1
85979; 2
86001; 1
86002; 2
86003; 1
86009; 2
86199; 1
86202; 2
86203; 1
86209; 2
86221; 1
86224; 2
86227; 1
86232; 2
86353; 1
86358; 2
86403; 1
86406; 2
86446; 1
86450; 2
86615; 1
86618; 2
86644; 1
86649; 2
86679; 1
86682; 2
86684; 1
86685; 2
86703; 1
86704; 2
86849; 1
86852; 2
86854; 1
86861; 2
86900; 1
86903; 2
87090; 1
87091; 2
87093; 1
87095; 2
87151; 1
87156; 2
87159; 1
87162; 2
87209; 1
87210; 2
87285; 1
87290; 2
87322; 1
87331; 2
87384; 1
87386; 2
87809; 1
87812; 2
87814; 1
87818; 2
88000; 1
88004; 2
88006; 1
88009; 2
88049; 1
88052; 2
88057; 1
88059; 2
88230; 1
88234; 2
88297; 1
88301; 2
88611; 1
88617; 2
88696; 1
88699; 2
88741; 1
88742; 2
88743; 1
88747; 2
88876; 1
88877; 2
88912; 1
88913; 2
88914; 1
88919; 2
88961; 1
88962; 2
89065; 1
89068; 2
89573; 1
89575; 2
90246; 1
90249; 2
90362; 1
90365; 2
91144; 1
91147; 2
91149; 1
91153; 2
91310; 1
91313; 2
91857; 1
91861; 2
92870; 1
92873; 2
93325; 1
93326; 2
93678; 1
93684; 2
94669; 1
94670; 2
99044; 1
99045; 2
107598; 1
107602; 2
107604; 1
107605; 2
108130; 1
108133; 2
108405; 1
108406; 2
108410; 1
108412; 2
108457; 1
108461; 2
108803; 1
108807; 2
108851; 1
108853; 2
108858; 1
108864; 2
108997; 1
108999; 2
109140; 1
109144; 2
109146; 1
109150; 2
109157; 1
109158; 2
109309; 1
109314; 2
109395; 1
109396; 2
109481; 1
109483; 2
109579; 1
109585; 2
109790; 1
109793; 2
109812; 1
109816; 2
109818; 1
109820; 2
109822; 1
109823; 2
110050; 1
110052; 2
110056; 1
110057; 2
110059; 1
110063; 2
110175; 1
110176; 2
110221; 1
110224; 2
110225; 1
110227; 2
110457; 1
110461; 2
110462; 1
110463; 2
110464; 1
110467; 2
110924; 1
110928; 2
110977; 1
110980; 2
110986; 1
110992; 2
110993; 1
110994; 2
110995; 1
110996; 2
111027; 1
111029; 2
111269; 1
111273; 2
111280; 1
111283; 2
111476; 1
111477; 2
111478; 1
111479; 2
111480; 1
111481; 2
112297; 1
112298; 2
112493; 1
112495; 2
112533; 1
112536; 2
112737; 1
112739; 2
112742; 1
112743; 2
114217; 1
114218; 2
114219; 1
114220; 2
114313; 1
114327; 2
115432; 1
115434; 2
115443; 1
115444; 2
115504; 1
115506; 2
115512; 1
115517; 2
115520; 1
115521; 2
115991; 1
115994; 2
117423; 1
117431; 2
117764; 1
117767; 2
118908; 1
118911; 2
119675; 1
119678; 2
120533; 1
120540; 2
120541; 1
120544; 2
121535; 1
121539; 2
121953; 1
121959; 2
122124; 1
122127; 2
122128; 1
122133; 2
122174; 1
122175; 2
122206; 1
122207; 2
122248; 1
122249; 2
122282; 1
122283; 2
122284; 1
122287; 2
122416; 1
122422; 2
122559; 1
122563; 2
122650; 1
122654; 2
122706; 1
122712; 2
122744; 1
122747; 2
122822; 1
122824; 2
122862; 1
122870; 2
123126; 1
123129; 2
123199; 1
123203; 2
123605; 1
123622; 2
123751; 1
123757; 2
123858; 1
123861; 2
123893; 1
123894; 2
123955; 1
123957; 2
124297; 1
124301; 2
124813; 1
124819; 2
125103; 1
125104; 2
125173; 1
125185; 2
125922; 1
125925; 2
125990; 1
125994; 2
126091; 1
126098; 2
126100; 1
126111; 2
126132; 1
126133; 2
126294; 1
126303; 2
127071; 1
127079; 2
127080; 1
127085; 2
127241; 1
127243; 2
127246; 1
127249; 2
127251; 1
127253; 2
127296; 1
127300; 2
128717; 1
128719; 2
128720; 1
128723; 2
128725; 1
128729; 2
129008; 1
129014; 2
129016; 1
129020; 2
129021; 1
129022; 2
129063; 1
129064; 2
129094; 1
129096; 2
129097; 1
129100; 2
129101; 1
129105; 2
130374; 1
130380; 2
131677; 1
131680; 2
133525; 1
133530; 2
134427; 1
134434; 2
134438; 1
134441; 2
135064; 1
135071; 2
135450; 1
135451; 2
135452; 1
135456; 2
136536; 1
136539; 2
136797; 1
136798; 2
136922; 1
136923; 2
137025; 1
137033; 2
137052; 1
137057; 2
137143; 1
137145; 2
137216; 1
137219; 2
137234; 1
137237; 2
137304; 1
137308; 2
137327; 1
137328; 2
137689; 1
137692; 2
138370; 1
138374; 2
138440; 1
138443; 2
138507; 1
138510; 2
139189; 1
139196; 2
139220; 1
139224; 2
139432; 1
139436; 2
139549; 1
139554; 2
140015; 1
140019; 2
140021; 1
140026; 2
140084; 1
140088; 2
140119; 1
140120; 2
140175; 1
140178; 2
140276; 1
140281; 2
140362; 1
140363; 2
140389; 1
140394; 2
140431; 1
140432; 2
140434; 1
140435; 2
140611; 1
140615; 2
140616; 1
140620; 2
140732; 1
140736; 2
140776; 1
140777; 2
141138; 1
141141; 2
141168; 1
141182; 2
141253; 1
141260; 2
141509; 1
141514; 2
141542; 1
141545; 2
141602; 1
141606; 2
141706; 1
141709; 2
141744; 1
141748; 2
141751; 1
141752; 2
141821; 1
141822; 2
141954; 1
141959; 2
141994; 1
141998; 2
142148; 1
142159; 2
142707; 1
142711; 2
142747; 1
142751; 2
142910; 1
142914; 2
142915; 1
142923; 2
143088; 1
143093; 2
143138; 1
143141; 2
143150; 1
143153; 2
143284; 1
143287; 2
143530; 1
143535; 2
143604; 1
143607; 2
143643; 1
143652; 2
143779; 1
143782; 2
143827; 1
143835; 2
143847; 1
143853; 2
143857; 1
143858; 2
144043; 1
144046; 2
144047; 1
144051; 2
144053; 1
144056; 2
144059; 1
144063; 2
144124; 1
144131; 2
144413; 1
144416; 2
144553; 1
144557; 2
144846; 1
144849; 2
145093; 1
145096; 2
145346; 1
145348; 2
145534; 1
145535; 2
146420; 1
146424; 2
147009; 1
147013; 2
147479; 1
147480; 2
147523; 1
147528; 2
147609; 1
147610; 2
152568; 1
152569; 2
153990; 1
153991; 2
161601; 1
161602; 2
162461; 1
162472; 2
162574; 1
162577; 2
162579; 1
162583; 2
162589; 1
162591; 2
162598; 1
162600; 2
162604; 1
162605; 2
162688; 1
162689; 2
162690; 1
162692; 2
162997; 1
162998; 2
163006; 1
163007; 2
163259; 1
163263; 2
163265; 1
163269; 2
163270; 1
163272; 2
163275; 1
163278; 2
163279; 1
163282; 2
163330; 1
163333; 2
163335; 1
163338; 2
163466; 1
163472; 2
163475; 1
163484; 2
163485; 1
163489; 2
163491; 1
163494; 2
163581; 1
163582; 2
163583; 1
163584; 2
163621; 1
163624; 2
163825; 1
163832; 2
163834; 1
163848; 2
163850; 1
163855; 2
164122; 1
164125; 2
164291; 1
164294; 2
164295; 1
164300; 2
165108; 1
165116; 2
165117; 1
165120; 2
165129; 1
165132; 2
166528; 1
166538; 2
166554; 1
166556; 2
166562; 1
166563; 2
167580; 1
167593; 2
170666; 1
170667; 2
170677; 1
170680; 2
170870; 1
170877; 2
170903; 1
170905; 2
170910; 1
170912; 2
171696; 1
171698; 2
171699; 1
171705; 2
171860; 1
171867; 2
171945; 1
171952; 2
171954; 1
171957; 2
171960; 1
171971; 2
171972; 1
171973; 2
172072; 1
172073; 2
172301; 1
172309; 2
173297; 1
173301; 2
173508; 1
173511; 2
173516; 1
173517; 2
173530; 1
173534; 2
174777; 1
174780; 2
175993; 1
175996; 2
176002; 1
176015; 2
176025; 1
176030; 2
176169; 1
176173; 2
176279; 1
176283; 2
176350; 1
176353; 2
176356; 1
176359; 2
176553; 1
176556; 2
176564; 1
176567; 2
176866; 1
176873; 2
176932; 1
176933; 2
176968; 1
176971; 2
177056; 1
177057; 2
177063; 1
177066; 2
177071; 1
177074; 2
177182; 1
177184; 2
177214; 1
177218; 2
177280; 1
177282; 2
177283; 1
177284; 2
177393; 1
177400; 2
177632; 1
177638; 2
177640; 1
177642; 2
177643; 1
177646; 2
177887; 1
177890; 2
177966; 1
177977; 2
177985; 1
177988; 2
178078; 1
178080; 2
178102; 1
178103; 2
178139; 1
178141; 2
179575; 1
179580; 2
179595; 1
179600; 2
179603; 1
179608; 2
180106; 1
180107; 2
180355; 1
180357; 2
180858; 1
180861; 2
180863; 1
180869; 2
181145; 1
181149; 2
181452; 1
181456; 2
181458; 1
181465; 2
181958; 1
181962; 2
181963; 1
181966; 2
181969; 1
181979; 2
182138; 1
182141; 2
182581; 1
182583; 2
182589; 1
182592; 2
182593; 1
182595; 2
182630; 1
182635; 2
182701; 1
182707; 2
182709; 1
182718; 2
183048; 1
183055; 2
183057; 1
183059; 2
183117; 1
183121; 2
183123; 1
183126; 2
183451; 1
183453; 2
183462; 1
183463; 2
183472; 1
183474; 2
183517; 1
183522; 2
185050; 1
185054; 2
185786; 1
185788; 2
185802; 1
185803; 2
187251; 1
187256; 2
188201; 1
188213; 2
188428; 1
188435; 2
190557; 1
190561; 2
190934; 1
190938; 2
191674; 1
191680; 2
191875; 1
191877; 2
191979; 1
191981; 2
191982; 1
191986; 2
191991; 1
191995; 2
192199; 1
192205; 2
193285; 1
193289; 2
193290; 1
193296; 2
193904; 1
193909; 2
193999; 1
194009; 2
194027; 1
194028; 2
194399; 1
194404; 2
194421; 1
194423; 2
194431; 1
194432; 2
194464; 1
194470; 2
194552; 1
194553; 2
194568; 1
194572; 2
194640; 1
194641; 2
194667; 1
194669; 2
194849; 1
194853; 2
194908; 1
194909; 2
194961; 1
194962; 2
195033; 1
195034; 2
195081; 1
195084; 2
195133; 1
195137; 2
195234; 1
195237; 2
195483; 1
195487; 2
195635; 1
195639; 2
195647; 1
195650; 2
195651; 1
195653; 2
195657; 1
195661; 2
195762; 1
195766; 2
195840; 1
195843; 2
195936; 1
195940; 2
196008; 1
196013; 2
196042; 1
196045; 2
196119; 1
196120; 2
196174; 1
196182; 2
196287; 1
196291; 2
196302; 1
196303; 2
196332; 1
196338; 2
196340; 1
196341; 2
196358; 1
196360; 2
196453; 1
196456; 2
196462; 1
196466; 2
196590; 1
196598; 2
196629; 1
196630; 2
196794; 1
196797; 2
196938; 1
196942; 2
197173; 1
197176; 2
197330; 1
197331; 2
197355; 1
197358; 2
197369; 1
197371; 2
197372; 1
197376; 2
197508; 1
197511; 2
197572; 1
197575; 2
197705; 1
197709; 2
197775; 1
197779; 2
197857; 1
197863; 2
198067; 1
198071; 2
198089; 1
198092; 2
198295; 1
198299; 2
198352; 1
198354; 2
199141; 1
199146; 2
199172; 1
199175; 2
199544; 1
199548; 2
199560; 1
199561; 2
199562; 1
199563; 2
200561; 1
200562; 2
200740; 1
200743; 2
200995; 1
200999; 2
201125; 1
201126; 2
201146; 1
201149; 2
201579; 1
201584; 2
216199; 1
216208; 2
216242; 1
216245; 2
216452; 1
216456; 2
216578; 1
216580; 2
216581; 1
216584; 2
216585; 1
216588; 2
216628; 1
216630; 2
216633; 1
216634; 2
216635; 1
216636; 2
216643; 1
216644; 2
216887; 1
216892; 2
217103; 1
217108; 2
217109; 1
217111; 2
217112; 1
217120; 2
217223; 1
217225; 2
217313; 1
217316; 2
217320; 1
217324; 2
217326; 1
217331; 2
217339; 1
217341; 2
217483; 1
217488; 2
217642; 1
217646; 2
217647; 1
217649; 2
217651; 1
217653; 2
217656; 1
217658; 2
218354; 1
218357; 2
218358; 1
218360; 2
218526; 1
218528; 2
218714; 1
218715; 2
218716; 1
218719; 2
218740; 1
218743; 2
218924; 1
218935; 2
219002; 1
219018; 2
221766; 1
221774; 2
222181; 1
222184; 2
223065; 1
223077; 2
223341; 1
223342; 2
223379; 1
223385; 2
223479; 1
223487; 2
224554; 1
224557; 2
224565; 1
224569; 2
224571; 1
224575; 2
224780; 1
224786; 2
224885; 1
224887; 2
224888; 1
224889; 2
226099; 1
226100; 2
226255; 1
226256; 2
226259; 1
226260; 2
226270; 1
226271; 2
226334; 1
226336; 2
226548; 1
226549; 2
226693; 1
226695; 2
227079; 1
227080; 2
227166; 1
227170; 2
227175; 1
227176; 2
227536; 1
227537; 2
227654; 1
227655; 2
228224; 1
228226; 2
228227; 1
228229; 2
228230; 1
228236; 2
228535; 1
228537; 2
228562; 1
228566; 2
228575; 1
228580; 2
229123; 1
229124; 2
229539; 1
229541; 2
229542; 1
229543; 2
229716; 1
229717; 2
229796; 1
229801; 2
229812; 1
229813; 2
229819; 1
229821; 2
230012; 1
230014; 2
230018; 1
230021; 2
230023; 1
230025; 2
230290; 1
230293; 2
230344; 1
230345; 2
230347; 1
230349; 2
230472; 1
230474; 2
230571; 1
230575; 2
230603; 1
230604; 2
230605; 1
230607; 2
230608; 1
230611; 2
230757; 1
230759; 2
230885; 1
230888; 2
231010; 1
231011; 2
231089; 1
231090; 2
231315; 1
231316; 2
231331; 1
231334; 2
231377; 1
231379; 2
231409; 1
231410; 2
231411; 1
231413; 2
231499; 1
231502; 2
231527; 1
231532; 2
231703; 1
231704; 2
231867; 1
231870; 2
231881; 1
231882; 2
231890; 1
231892; 2
231904; 1
231906; 2
232124; 1
232129; 2
232298; 1
232303; 2
232623; 1
232638; 2
232699; 1
232702; 2
233045; 1
233046; 2
233206; 1
233208; 2
233354; 1
233357; 2
233503; 1
233504; 2
233702; 1
233706; 2
233727; 1
233728; 2
233764; 1
233765; 2
233766; 1
233767; 2
234127; 1
234128; 2
234929; 1
234938; 2
234939; 1
234941; 2
234943; 1
234951; 2
235608; 1
235611; 2
235612; 1
235616; 2
235934; 1
235938; 2
235939; 1
235945; 2
236008; 1
236013; 2
236189; 1
236192; 2
236616; 1
236623; 2
236624; 1
236631; 2
236632; 1
236637; 2
236851; 1
236855; 2
236858; 1
236864; 2
236865; 1
236866; 2
237030; 1
237035; 2
237036; 1
237040; 2
238297; 1
238298; 2
238308; 1
238309; 2
242885; 1
242890; 2
242923; 1
242924; 2
242995; 1
243000; 2
243791; 1
243797; 2
244121; 1
244128; 2
244197; 1
244202; 2
244222; 1
244226; 2
244266; 1
244268; 2
244270; 1
244274; 2
244275; 1
244276; 2
244423; 1
244426; 2
244649; 1
244654; 2
244769; 1
244773; 2
244847; 1
244848; 2
244850; 1
244859; 2
245061; 1
245063; 2
245067; 1
245068; 2
245167; 1
245170; 2
245428; 1
245434; 2
245780; 1
245784; 2
245866; 1
245871; 2
245872; 1
245878; 2
246010; 1
246013; 2
246043; 1
246046; 2
246286; 1
246290; 2
246296; 1
246299; 2
246392; 1
246397; 2
246497; 1
246501; 2
246743; 1
246744; 2
246745; 1
246752; 2
247001; 1
247005; 2
247052; 1
247056; 2
247247; 1
247251; 2
247279; 1
247281; 2
247863; 1
247866; 2
247891; 1
247897; 2
247921; 1
247922; 2
248084; 1
248087; 2
248490; 1
248494; 2
248797; 1
248809; 2
248834; 1
248836; 2
248864; 1
248866; 2
248971; 1
248974; 2
249087; 1
249090; 2
249098; 1
249099; 2
249116; 1
249118; 2
249323; 1
249329; 2
249330; 1
249334; 2
249451; 1
249458; 2
249606; 1
249609; 2
249723; 1
249736; 2
250007; 1
250013; 2
250212; 1
250216; 2
250385; 1
250389; 2
250645; 1
250649; 2
250656; 1
250659; 2
250947; 1
250950; 2
251166; 1
251170; 2
252774; 1
252777; 2
253659; 1
253682; 2
253994; 1
253997; 2
254043; 1
254048; 2
269452; 1
269457; 2
269605; 1
269608; 2
269836; 1
269839; 2
269915; 1
269923; 2
269926; 1
269932; 2
270168; 1
270171; 2
270262; 1
270269; 2
270270; 1
270280; 2
270423; 1
270426; 2
270606; 1
270617; 2
270736; 1
270738; 2
270739; 1
270746; 2
271069; 1
271079; 2
271086; 1
271091; 2
271263; 1
271271; 2
271402; 1
271407; 2
271601; 1
271605; 2
271607; 1
271608; 2
271611; 1
271613; 2
271645; 1
271649; 2
271651; 1
271652; 2
271726; 1
271727; 2
271728; 1
271733; 2
271740; 1
271743; 2
271969; 1
271972; 2
271977; 1
271980; 2
272069; 1
272074; 2
272075; 1
272076; 2
272149; 1
272157; 2
272185; 1
272186; 2
272606; 1
272617; 2
272701; 1
272711; 2
273095; 1
273096; 2
273155; 1
273159; 2
273166; 1
273177; 2
273288; 1
273289; 2
273307; 1
273309; 2
273324; 1
273329; 2
273409; 1
273415; 2
273417; 1
273421; 2
273422; 1
273423; 2
273424; 1
273425; 2
273430; 1
273431; 2
273472; 1
273474; 2
274084; 1
274091; 2
274400; 1
274401; 2
274402; 1
274403; 2
274404; 1
274406; 2
274660; 1
274663; 2
274773; 1
274778; 2
275010; 1
275014; 2
275095; 1
275096; 2
276288; 1
276296; 2
276364; 1
276365; 2
276367; 1
276374; 2
276835; 1
276841; 2
277152; 1
277154; 2
277671; 1
277676; 2
278265; 1
278269; 2
278494; 1
278505; 2
278633; 1
278641; 2
278758; 1
278770; 2
278956; 1
278961; 2
279094; 1
279100; 2
279871; 1
279876; 2
280054; 1
280055; 2
280057; 1
280060; 2
280415; 1
280420; 2
280629; 1
280633; 2
281716; 1
281717; 2
281718; 1
281719; 2
281776; 1
281784; 2
281791; 1
281797; 2
283772; 1
283784; 2
283787; 1
283791; 2
283803; 1
283804; 2
283969; 1
283974; 2
284245; 1
284249; 2
284287; 1
284291; 2
284314; 1
284315; 2
284496; 1
284499; 2
284585; 1
284589; 2
284620; 1
284622; 2
284702; 1
284705; 2
284740; 1
284744; 2
284787; 1
284798; 2
284885; 1
284888; 2
284897; 1
284898; 2
284899; 1
284901; 2
284910; 1
284914; 2
285315; 1
285318; 2
285479; 1
285483; 2
285506; 1
285510; 2
285659; 1
285663; 2
285725; 1
285728; 2
285764; 1
285765; 2
285886; 1
285889; 2
285910; 1
285912; 2
286030; 1
286031; 2
286934; 1
286938; 2
287257; 1
287265; 2
287360; 1
287369; 2
287370; 1
287375; 2
287377; 1
287378; 2
287416; 1
287418; 2
287481; 1
287485; 2
287754; 1
287756; 2
287758; 1
287760; 2
287974; 1
287980; 2
288287; 1
288293; 2
288407; 1
288414; 2
288834; 1
288840; 2
288846; 1
288847; 2
288890; 1
288891; 2
289159; 1
289169; 2
289370; 1
289381; 2
289445; 1
289446; 2
289460; 1
289467; 2
289896; 1
289902; 2
290118; 1
290121; 2
290190; 1
290194; 2
290392; 1
290400; 2
290506; 1
290507; 2
290510; 1
290511; 2
290571; 1
290579; 2
290667; 1
290669; 2
290671; 1
290672; 2
290673; 1
290677; 2
290678; 1
290683; 2
290933; 1
290940; 2
291083; 1
291089; 2
291254; 1
291259; 2
291261; 1
291269; 2
291290; 1
291292; 2
291354; 1
291356; 2
292822; 1
292824; 2
292827; 1
292830; 2
292831; 1
292832; 2
293087; 1
293092; 2
293904; 1
293917; 2
294198; 1
294200; 2
294215; 1
294217; 2
294218; 1
294219; 2
294484; 1
294490; 2
296737; 1
296746; 2
296748; 1
296749; 2
296760; 1
296761; 2
297143; 1
297149; 2
298391; 1
298394; 2
298684; 1
298687; 2
298708; 1
298713; 2
298715; 1
298724; 2
299116; 1
299125; 2
299250; 1
299253; 2
299262; 1
299266; 2
299283; 1
299287; 2
299868; 1
299872; 2
299942; 1
299945; 2
300159; 1
300162; 2
300229; 1
300234; 2
300412; 1
300418; 2
301240; 1
301245; 2
301387; 1
301392; 2
301457; 1
301461; 2
301536; 1
301540; 2
301638; 1
301642; 2
301644; 1
301647; 2
301653; 1
301656; 2
301745; 1
301746; 2
301822; 1
301824; 2
301933; 1
301934; 2
301935; 1
301943; 2
302234; 1
302237; 2
302344; 1
302348; 2
302350; 1
302356; 2
302375; 1
302378; 2
302478; 1
302481; 2
302641; 1
302649; 2
302797; 1
302800; 2
302875; 1
302878; 2
303060; 1
303065; 2
303146; 1
303155; 2
303281; 1
303285; 2
303327; 1
303330; 2
303335; 1
303336; 2
303418; 1
303423; 2
303730; 1
303731; 2
303762; 1
303766; 2
303796; 1
303798; 2
303943; 1
303944; 2
304122; 1
304123; 2
304159; 1
304164; 2
304220; 1
304223; 2
304376; 1
304384; 2
304389; 1
304390; 2
304391; 1
304393; 2
304419; 1
304425; 2
305347; 1
305355; 2
305622; 1
305626; 2
306112; 1
306116; 2
306593; 1
306595; 2
306632; 1
306633; 2
306637; 1
306638; 2
306909; 1
306913; 2
307085; 1
307086; 2
307105; 1
307107; 2
307211; 1
307217; 2
307422; 1
307423; 2
307458; 1
307459; 2
308043; 1
308047; 2
308661; 1
308666; 2
308792; 1
308794; 2
308795; 1
308797; 2
310156; 1
310159; 2
310188; 1
310191; 2
310211; 1
310217; 2
313151; 1
313156; 2
323478; 1
323481; 2
323571; 1
323572; 2
323574; 1
323575; 2
323581; 1
323582; 2
323583; 1
323584; 2
323667; 1
323669; 2
323746; 1
323750; 2
323752; 1
323758; 2
323759; 1
323761; 2
324221; 1
324230; 2
324304; 1
324309; 2
324349; 1
324351; 2
324352; 1
324353; 2
324356; 1
324359; 2
324484; 1
324489; 2
324547; 1
324548; 2
324550; 1
324554; 2
324609; 1
324610; 2
324754; 1
324760; 2
324853; 1
324863; 2
324870; 1
324876; 2
325176; 1
325177; 2
325179; 1
325180; 2
325205; 1
325211; 2
325238; 1
325241; 2
325365; 1
325369; 2
325374; 1
325378; 2
325521; 1
325525; 2
325712; 1
325715; 2
325717; 1
325721; 2
325735; 1
325742; 2
325749; 1
325751; 2
325871; 1
325876; 2
325930; 1
325931; 2
325978; 1
325984; 2
325985; 1
325990; 2
326016; 1
326017; 2
326092; 1
326096; 2
326098; 1
326103; 2
326104; 1
326108; 2
326109; 1
326111; 2
326236; 1
326241; 2
326244; 1
326246; 2
326250; 1
326261; 2
326332; 1
326334; 2
326495; 1
326502; 2
326619; 1
326632; 2
326702; 1
326705; 2
326714; 1
326715; 2
327030; 1
327033; 2
327035; 1
327037; 2
327038; 1
327039; 2
327265; 1
327269; 2
328812; 1
328829; 2
329086; 1
329097; 2
329394; 1
329398; 2
330765; 1
330770; 2
330771; 1
330772; 2
330773; 1
330774; 2
330836; 1
330845; 2
332503; 1
332514; 2
332515; 1
332516; 2
332929; 1
332931; 2
332945; 1
332950; 2
332951; 1
332953; 2
332955; 1
332956; 2
332959; 1
332961; 2
333109; 1
333114; 2
333882; 1
333888; 2
334179; 1
334183; 2
334301; 1
334305; 2
337204; 1
337209; 2
337529; 1
337532; 2
337601; 1
337610; 2
337616; 1
337617; 2
337620; 1
337622; 2
337669; 1
337676; 2
337677; 1
337683; 2
337757; 1
337760; 2
337817; 1
337820; 2
337830; 1
337834; 2
337870; 1
337873; 2
337886; 1
337889; 2
338274; 1
338279; 2
338321; 1
338322; 2
338435; 1
338438; 2
338516; 1
338521; 2
338654; 1
338662; 2
338724; 1
338727; 2
338808; 1
338825; 2
338830; 1
338833; 2
338836; 1
338838; 2
339060; 1
339064; 2
339209; 1
339216; 2
339217; 1
339220; 2
339235; 1
339239; 2
339729; 1
339732; 2
339774; 1
339779; 2
339803; 1
339807; 2
339810; 1
339812; 2
339815; 1
339817; 2
339818; 1
339820; 2
339826; 1
339827; 2
339829; 1
339830; 2
340233; 1
340242; 2
340286; 1
340287; 2
340296; 1
340303; 2
340407; 1
340408; 2
340409; 1
340412; 2
340419; 1
340429; 2
340622; 1
340628; 2
341585; 1
341588; 2
341603; 1
341606; 2
341607; 1
341609; 2
341614; 1
341623; 2
341625; 1
341628; 2
341629; 1
341643; 2
341644; 1
341645; 2
341646; 1
341647; 2
341845; 1
341848; 2
341906; 1
341909; 2
341916; 1
341917; 2
341918; 1
341924; 2
341927; 1
341929; 2
341930; 1
341931; 2
342831; 1
342837; 2
342840; 1
342848; 2
343042; 1
343049; 2
343076; 1
343083; 2
343161; 1
343165; 2
343425; 1
343430; 2
343442; 1
343449; 2
343520; 1
343523; 2
343524; 1
343532; 2
343588; 1
343593; 2
343598; 1
343604; 2
343973; 1
343982; 2
343984; 1
343994; 2
344147; 1
344148; 2
344153; 1
344154; 2
344158; 1
344159; 2
344343; 1
344344; 2
344598; 1
344599; 2
344618; 1
344623; 2
344896; 1
344899; 2
344934; 1
344940; 2
346953; 1
346954; 2
348303; 1
348311; 2
348316; 1
348317; 2
348626; 1
348627; 2
348628; 1
348639; 2
348640; 1
348643; 2
348658; 1
348660; 2
348707; 1
348716; 2
348718; 1
348720; 2
348772; 1
348775; 2
349679; 1
349681; 2
349684; 1
349686; 2
349687; 1
349689; 2
349827; 1
349831; 2
349832; 1
349833; 2
350218; 1
350221; 2
350223; 1
350232; 2
350233; 1
350234; 2
350418; 1
350419; 2
351569; 1
351576; 2
351649; 1
351655; 2
351684; 1
351685; 2
352480; 1
352485; 2
352490; 1
352495; 2
352509; 1
352510; 2
352588; 1
352589; 2
352605; 1
352606; 2
352634; 1
352635; 2
352759; 1
352764; 2
352833; 1
352838; 2
352920; 1
352926; 2
353507; 1
353509; 2
353614; 1
353617; 2
353625; 1
353629; 2
353928; 1
353935; 2
354230; 1
354235; 2
354523; 1
354527; 2
354681; 1
354687; 2
354815; 1
354819; 2
354972; 1
354976; 2
354992; 1
354994; 2
355060; 1
355064; 2
355168; 1
355178; 2
355179; 1
355180; 2
355449; 1
355457; 2
355510; 1
355514; 2
355616; 1
355620; 2
355644; 1
355646; 2
355872; 1
355877; 2
355893; 1
355898; 2
355935; 1
355939; 2
355941; 1
355942; 2
356065; 1
356072; 2
356073; 1
356077; 2
356309; 1
356314; 2
356483; 1
356487; 2
356489; 1
356491; 2
356492; 1
356495; 2
356566; 1
356573; 2
356586; 1
356591; 2
356815; 1
356821; 2
356822; 1
356829; 2
356920; 1
356924; 2
357051; 1
357056; 2
357111; 1
357114; 2
357489; 1
357494; 2
357601; 1
357605; 2
357644; 1
357648; 2
357650; 1
357655; 2
357824; 1
357825; 2
357912; 1
357913; 2
357930; 1
357936; 2
357985; 1
357989; 2
358204; 1
358207; 2
358241; 1
358245; 2
358294; 1
358298; 2
358535; 1
358538; 2
358627; 1
358634; 2
358893; 1
358898; 2
358987; 1
358991; 2
359059; 1
359064; 2
359256; 1
359260; 2
359268; 1
359270; 2
359308; 1
359311; 2
359312; 1
359313; 2
359340; 1
359345; 2
359390; 1
359400; 2
359672; 1
359674; 2
359781; 1
359783; 2
359786; 1
359791; 2
359793; 1
359797; 2
359886; 1
359891; 2
359987; 1
359990; 2
360087; 1
360089; 2
360097; 1
360101; 2
360175; 1
360177; 2
360268; 1
360270; 2
360795; 1
360798; 2
360999; 1
361003; 2
361790; 1
361791; 2
361924; 1
361925; 2
362122; 1
362123; 2
362498; 1
362502; 2
362553; 1
362556; 2
363147; 1
363154; 2
363185; 1
363186; 2
364192; 1
364196; 2
365193; 1
365207; 2
365401; 1
365403; 2
376978; 1
376980; 2
377417; 1
377419; 2
377421; 1
377430; 2
377431; 1
377432; 2
377540; 1
377542; 2
377646; 1
377652; 2
377769; 1
377776; 2
377901; 1
377903; 2
377904; 1
377906; 2
377914; 1
377915; 2
378190; 1
378199; 2
378534; 1
378540; 2
378545; 1
378546; 2
378563; 1
378565; 2
378572; 1
378573; 2
378816; 1
378817; 2
378826; 1
378827; 2
378904; 1
378907; 2
379064; 1
379070; 2
379071; 1
379078; 2
379083; 1
379086; 2
379087; 1
379089; 2
379183; 1
379186; 2
379316; 1
379317; 2
379319; 1
379320; 2
379388; 1
379389; 2
379391; 1
379392; 2
379427; 1
379428; 2
379532; 1
379533; 2
379551; 1
379552; 2
379566; 1
379567; 2
379871; 1
379874; 2
379918; 1
379919; 2
379980; 1
379986; 2
380046; 1
380048; 2
380153; 1
380157; 2
380159; 1
380162; 2
380165; 1
380166; 2
380221; 1
380222; 2
380315; 1
380317; 2
380331; 1
380332; 2
380558; 1
380562; 2
380564; 1
380565; 2
380570; 1
380571; 2
380761; 1
380763; 2
380764; 1
380765; 2
380770; 1
380771; 2
381526; 1
381528; 2
381530; 1
381531; 2
381534; 1
381535; 2
381545; 1
381546; 2
381660; 1
381670; 2
381675; 1
381676; 2
381682; 1
381684; 2
382054; 1
382057; 2
382669; 1
382670; 2
383539; 1
383546; 2
383551; 1
383552; 2
383728; 1
383731; 2
384056; 1
384062; 2
384283; 1
384285; 2
385653; 1
385659; 2
385661; 1
385667; 2
386222; 1
386230; 2
386231; 1
386233; 2
386237; 1
386239; 2
386240; 1
386242; 2
386349; 1
386352; 2
386355; 1
386357; 2
386563; 1
386564; 2
386568; 1
386569; 2
386611; 1
386612; 2
386614; 1
386615; 2
386620; 1
386626; 2
386959; 1
386963; 2
388353; 1
388354; 2
389109; 1
389116; 2
389454; 1
389461; 2
389990; 1
389993; 2
390519; 1
390522; 2
391322; 1
391328; 2
391329; 1
391337; 2
391402; 1
391407; 2
391408; 1
391410; 2
391504; 1
391507; 2
391548; 1
391552; 2
391572; 1
391573; 2
391876; 1
391879; 2
391961; 1
391965; 2
392055; 1
392056; 2
392093; 1
392095; 2
392141; 1
392147; 2
392443; 1
392452; 2
392566; 1
392576; 2
392579; 1
392583; 2
392616; 1
392618; 2
392694; 1
392696; 2
392765; 1
392767; 2
392768; 1
392769; 2
392918; 1
392926; 2
392931; 1
392932; 2
392969; 1
392972; 2
393037; 1
393038; 2
393046; 1
393047; 2
393078; 1
393082; 2
393313; 1
393314; 2
393323; 1
393325; 2
393624; 1
393632; 2
393861; 1
393867; 2
394045; 1
394059; 2
394060; 1
394061; 2
394062; 1
394063; 2
394190; 1
394191; 2
394540; 1
394541; 2
394543; 1
394548; 2
394815; 1
394821; 2
394822; 1
394824; 2
394828; 1
394830; 2
394831; 1
394832; 2
394849; 1
394852; 2
395194; 1
395209; 2
396366; 1
396373; 2
396375; 1
396376; 2
396626; 1
396640; 2
396783; 1
396789; 2
396790; 1
396791; 2
396792; 1
396794; 2
396952; 1
396959; 2
396960; 1
396965; 2
396986; 1
396987; 2
396988; 1
396989; 2
397356; 1
397364; 2
397366; 1
397370; 2
397836; 1
397837; 2
397953; 1
397956; 2
397957; 1
397959; 2
398536; 1
398537; 2
399199; 1
399204; 2
399348; 1
399349; 2
400053; 1
400060; 2
400190; 1
400191; 2
401427; 1
401438; 2
401810; 1
401814; 2
402071; 1
402082; 2
403012; 1
403017; 2
403018; 1
403019; 2
403178; 1
403183; 2
404084; 1
404087; 2
404550; 1
404560; 2
404677; 1
404685; 2
404820; 1
404829; 2
405195; 1
405197; 2
405198; 1
405200; 2
405204; 1
405218; 2
405402; 1
405403; 2
405654; 1
405665; 2
405752; 1
405761; 2
405762; 1
405768; 2
405885; 1
405888; 2
405949; 1
405953; 2
406035; 1
406041; 2
406132; 1
406145; 2
406237; 1
406240; 2
406318; 1
406319; 2
406620; 1
406622; 2
407289; 1
407291; 2
407418; 1
407421; 2
407422; 1
407423; 2
407424; 1
407426; 2
407446; 1
407448; 2
407452; 1
407457; 2
407705; 1
407709; 2
407775; 1
407779; 2
408252; 1
408254; 2
408257; 1
408258; 2
408308; 1
408311; 2
408449; 1
408450; 2
408451; 1
408456; 2
408707; 1
408714; 2
409017; 1
409021; 2
409029; 1
409031; 2
409032; 1
409033; 2
409133; 1
409140; 2
409187; 1
409189; 2
409307; 1
409310; 2
409456; 1
409460; 2
409483; 1
409486; 2
409525; 1
409528; 2
409606; 1
409610; 2
409616; 1
409620; 2
409935; 1
409936; 2
409938; 1
409939; 2
409942; 1
409943; 2
410028; 1
410038; 2
410046; 1
410049; 2
410196; 1
410202; 2
410212; 1
410214; 2
410319; 1
410321; 2
410352; 1
410357; 2
410468; 1
410471; 2
410656; 1
410664; 2
410820; 1
410821; 2
410823; 1
410826; 2
410827; 1
410831; 2
410911; 1
410914; 2
410945; 1
410946; 2
410947; 1
410950; 2
411057; 1
411065; 2
411196; 1
411197; 2
411244; 1
411250; 2
411387; 1
411389; 2
411759; 1
411762; 2
411884; 1
411888; 2
411952; 1
411956; 2
412121; 1
412124; 2
412129; 1
412133; 2
412391; 1
412396; 2
412474; 1
412477; 2
412675; 1
412680; 2
412686; 1
412690; 2
412776; 1
412777; 2
413010; 1
413014; 2
413069; 1
413075; 2
413759; 1
413768; 2
414206; 1
414211; 2
414238; 1
414239; 2
414399; 1
414404; 2
414467; 1
414472; 2
414578; 1
414579; 2
415665; 1
415667; 2
415694; 1
415697; 2
415952; 1
415954; 2
415955; 1
415961; 2
416238; 1
416245; 2
416478; 1
416479; 2
416480; 1
416482; 2
416608; 1
416611; 2
417239; 1
417244; 2
417277; 1
417278; 2
417356; 1
417360; 2
420386; 1
420387; 2
431216; 1
431220; 2
431222; 1
431230; 2
431512; 1
431528; 2
431529; 1
431530; 2
431768; 1
431772; 2
431828; 1
431832; 2
431833; 1
431846; 2
431975; 1
431979; 2
431988; 1
431992; 2
432108; 1
432112; 2
432114; 1
432116; 2
432157; 1
432159; 2
432162; 1
432163; 2
432363; 1
432376; 2
432750; 1
432751; 2
432754; 1
432756; 2
432758; 1
432759; 2
432761; 1
432762; 2
432763; 1
432764; 2
432821; 1
432826; 2
432828; 1
432831; 2
432832; 1
432836; 2
432898; 1
432900; 2
433101; 1
433106; 2
433227; 1
433231; 2
433265; 1
433267; 2
433359; 1
433368; 2
433551; 1
433556; 2
433568; 1
433570; 2
434227; 1
434229; 2
434468; 1
434478; 2
434695; 1
434699; 2
434700; 1
434703; 2
434704; 1
434705; 2
434773; 1
434776; 2
434811; 1
434814; 2
434962; 1
434966; 2
435009; 1
435012; 2
435486; 1
435491; 2
435494; 1
435498; 2
435499; 1
435500; 2
435514; 1
435519; 2
435635; 1
435638; 2
435641; 1
435650; 2
436600; 1
436607; 2
438195; 1
438208; 2
438749; 1
438756; 2
439034; 1
439037; 2
439038; 1
439045; 2
439046; 1
439049; 2
439338; 1
439342; 2
439378; 1
439379; 2
442114; 1
442120; 2
443065; 1
443066; 2
443106; 1
443110; 2
444436; 1
444438; 2
444440; 1
444449; 2
444450; 1
444452; 2
444685; 1
444691; 2
445169; 1
445172; 2
445337; 1
445341; 2
445349; 1
445350; 2
445428; 1
445433; 2
445440; 1
445441; 2
445528; 1
445534; 2
445535; 1
445540; 2
445591; 1
445592; 2
445655; 1
445658; 2
445659; 1
445660; 2
445796; 1
445798; 2
445819; 1
445824; 2
445985; 1
445990; 2
446203; 1
446208; 2
446262; 1
446272; 2
446308; 1
446311; 2
446369; 1
446375; 2
446621; 1
446631; 2
446837; 1
446842; 2
446859; 1
446862; 2
446929; 1
446932; 2
446941; 1
446948; 2
447148; 1
447153; 2
447156; 1
447158; 2
447190; 1
447191; 2
447255; 1
447256; 2
447305; 1
447308; 2
447360; 1
447364; 2
447613; 1
447614; 2
447881; 1
447884; 2
447895; 1
447898; 2
447939; 1
447942; 2
447953; 1
447956; 2
448353; 1
448360; 2
449011; 1
449014; 2
450104; 1
450115; 2
450187; 1
450190; 2
450299; 1
450302; 2
450303; 1
450304; 2
450307; 1
450308; 2
450309; 1
450310; 2
450359; 1
450365; 2
450883; 1
450886; 2
450887; 1
450895; 2
451095; 1
451107; 2
451151; 1
451154; 2
451341; 1
451348; 2
451350; 1
451354; 2
451692; 1
451698; 2
451699; 1
451703; 2
451751; 1
451753; 2
451764; 1
451766; 2
451830; 1
451839; 2
451885; 1
451888; 2
452026; 1
452030; 2
452031; 1
452034; 2
452035; 1
452036; 2
452094; 1
452095; 2
452096; 1
452097; 2
452326; 1
452332; 2
452353; 1
452354; 2
452358; 1
452361; 2
452363; 1
452366; 2
452436; 1
452448; 2
452449; 1
452451; 2
452452; 1
452453; 2
452470; 1
452472; 2
452474; 1
452475; 2
452487; 1
452489; 2
452502; 1
452507; 2
452508; 1
452509; 2
452510; 1
452513; 2
452695; 1
452699; 2
452701; 1
452704; 2
452705; 1
452706; 2
452707; 1
452709; 2
452736; 1
452746; 2
452747; 1
452748; 2
452771; 1
452783; 2
452786; 1
452787; 2
452798; 1
452799; 2
453087; 1
453091; 2
453107; 1
453110; 2
453576; 1
453577; 2
454428; 1
454430; 2
455338; 1
455339; 2
455452; 1
455453; 2
457080; 1
457087; 2
457340; 1
457346; 2
458083; 1
458089; 2
458217; 1
458222; 2
458591; 1
458600; 2
459417; 1
459418; 2
459421; 1
459428; 2
459860; 1
459870; 2
459995; 1
459999; 2
460250; 1
460253; 2
460441; 1
460444; 2
461163; 1
461166; 2
461173; 1
461176; 2
461206; 1
461208; 2
461230; 1
461240; 2
461655; 1
461661; 2
461750; 1
461753; 2
461848; 1
461849; 2
461850; 1
461851; 2
461886; 1
461890; 2
461986; 1
461989; 2
462144; 1
462149; 2
462196; 1
462204; 2
462205; 1
462206; 2
462426; 1
462431; 2
462496; 1
462500; 2
462622; 1
462625; 2
462820; 1
462823; 2
462840; 1
462841; 2
462888; 1
462889; 2
463111; 1
463117; 2
463124; 1
463125; 2
463130; 1
463131; 2
463132; 1
463133; 2
463247; 1
463249; 2
463331; 1
463335; 2
463684; 1
463688; 2
463691; 1
463695; 2
463697; 1
463701; 2
463702; 1
463706; 2
463707; 1
463711; 2
463810; 1
463813; 2
463840; 1
463841; 2
463871; 1
463876; 2
463882; 1
463890; 2
464046; 1
464055; 2
464103; 1
464106; 2
464127; 1
464131; 2
464140; 1
464141; 2
464256; 1
464260; 2
464329; 1
464333; 2
464379; 1
464383; 2
464570; 1
464571; 2
464618; 1
464626; 2
464652; 1
464654; 2
464700; 1
464702; 2
464709; 1
464710; 2
464899; 1
464904; 2
464983; 1
464985; 2
465035; 1
465040; 2
465092; 1
465096; 2
465177; 1
465182; 2
465227; 1
465230; 2
465407; 1
465411; 2
465494; 1
465505; 2
465660; 1
465664; 2
465971; 1
465974; 2
466013; 1
466016; 2
466091; 1
466093; 2
466415; 1
466420; 2
466551; 1
466557; 2
466582; 1
466584; 2
466585; 1
466586; 2
466710; 1
466714; 2
467039; 1
467047; 2
467063; 1
467066; 2
467214; 1
467218; 2
467741; 1
467744; 2
468207; 1
468211; 2
469105; 1
469110; 2
469907; 1
469911; 2
470963; 1
470966; 2
470972; 1
470974; 2
471013; 1
471019; 2
471126; 1
471129; 2
471354; 1
471357; 2
471452; 1
471455; 2
471929; 1
471932; 2
473344; 1
473346; 2
475204; 1
475205; 2
475762; 1
475765; 2
475766; 1
475767; 2
476930; 1
476931; 2
476932; 1
476935; 2
478103; 1
478104; 2
479165; 1
479166; 2
484912; 1
484916; 2
485551; 1
485557; 2
485559; 1
485566; 2
485643; 1
485649; 2
485767; 1
485777; 2
485923; 1
485926; 2
485931; 1
485935; 2
485953; 1
485956; 2
485957; 1
485960; 2
486194; 1
486197; 2
486198; 1
486200; 2
486202; 1
486203; 2
486207; 1
486213; 2
486215; 1
486216; 2
486219; 1
486226; 2
486227; 1
486230; 2
486231; 1
486235; 2
486380; 1
486381; 2
486383; 1
486389; 2
486391; 1
486393; 2
486429; 1
486430; 2
486503; 1
486510; 2
486514; 1
486515; 2
486668; 1
486670; 2
486674; 1
486675; 2
486676; 1
486677; 2
486720; 1
486721; 2
486751; 1
486753; 2
486754; 1
486758; 2
486759; 1
486763; 2
486790; 1
486791; 2
486801; 1
486804; 2
486810; 1
486811; 2
487138; 1
487139; 2
487156; 1
487160; 2
487255; 1
487256; 2
487306; 1
487312; 2
487538; 1
487539; 2
487554; 1
487561; 2
487596; 1
487601; 2
487621; 1
487622; 2
487719; 1
487731; 2
488029; 1
488031; 2
488139; 1
488142; 2
488176; 1
488180; 2
488185; 1
488186; 2
488224; 1
488228; 2
488238; 1
488239; 2
488349; 1
488350; 2
488595; 1
488600; 2
488660; 1
488665; 2
489395; 1
489397; 2
489432; 1
489435; 2
489773; 1
489779; 2
489939; 1
489943; 2
489957; 1
489961; 2
489967; 1
489968; 2
492636; 1
492640; 2
492973; 1
492976; 2
494161; 1
494165; 2
494195; 1
494200; 2
494285; 1
494291; 2
494750; 1
494756; 2
495049; 1
495054; 2
495307; 1
495309; 2
495573; 1
495574; 2
496379; 1
496383; 2
496521; 1
496524; 2
497826; 1
497832; 2
498085; 1
498090; 2
499130; 1
499145; 2
499261; 1
499265; 2
499266; 1
499273; 2
499283; 1
499289; 2
499423; 1
499437; 2
499699; 1
499700; 2
499721; 1
499726; 2
499789; 1
499796; 2
499971; 1
499981; 2
500095; 1
500099; 2
500131; 1
500135; 2
500178; 1
500182; 2
500186; 1
500190; 2
500338; 1
500343; 2
500448; 1
500455; 2
500616; 1
500625; 2
500741; 1
500746; 2
500824; 1
500827; 2
500928; 1
500932; 2
500986; 1
500989; 2
501010; 1
501012; 2
501118; 1
501124; 2
501156; 1
501159; 2
501172; 1
501175; 2
501470; 1
501473; 2
501585; 1
501590; 2
501630; 1
501635; 2
501702; 1
501703; 2
501733; 1
501738; 2
501833; 1
501836; 2
501999; 1
502005; 2
502073; 1
502076; 2
502077; 1
502079; 2
502326; 1
502329; 2
502334; 1
502335; 2
502336; 1
502337; 2
502339; 1
502342; 2
502344; 1
502348; 2
502515; 1
502519; 2
502694; 1
502698; 2
502770; 1
502774; 2
503073; 1
503075; 2
503077; 1
503085; 2
503087; 1
503089; 2
503092; 1
503095; 2
503096; 1
503101; 2
503154; 1
503155; 2
503590; 1
503593; 2
503594; 1
503595; 2
503705; 1
503710; 2
503711; 1
503712; 2
503713; 1
503717; 2
503759; 1
503760; 2
503871; 1
503874; 2
504046; 1
504047; 2
504512; 1
504515; 2
504519; 1
504520; 2
504555; 1
504560; 2
504873; 1
504884; 2
505203; 1
505208; 2
505209; 1
505214; 2
505769; 1
505774; 2
505822; 1
505825; 2
505878; 1
505883; 2
505886; 1
505890; 2
505891; 1
505892; 2
505980; 1
505981; 2
506334; 1
506335; 2
506336; 1
506339; 2
506341; 1
506344; 2
506345; 1
506346; 2
506424; 1
506432; 2
506434; 1
506436; 2
509402; 1
509406; 2
509407; 1
509410; 2
509647; 1
509651; 2
509653; 1
509657; 2
509728; 1
509731; 2
512345; 1
512348; 2
512365; 1
512370; 2
512747; 1
512750; 2
513697; 1
513701; 2
513737; 1
513739; 2
513781; 1
513785; 2
513874; 1
513876; 2
513937; 1
513945; 2
514020; 1
514023; 2
514093; 1
514099; 2
514151; 1
514154; 2
514358; 1
514364; 2
514618; 1
514622; 2
514759; 1
514764; 2
514999; 1
515005; 2
515400; 1
515405; 2
515447; 1
515455; 2
515561; 1
515564; 2
515662; 1
515666; 2
515754; 1
515755; 2
515950; 1
515956; 2
516098; 1
516103; 2
516241; 1
516245; 2
516290; 1
516291; 2
516301; 1
516302; 2
516306; 1
516310; 2
516322; 1
516327; 2
516980; 1
516985; 2
517175; 1
517178; 2
517284; 1
517287; 2
517342; 1
517344; 2
517345; 1
517348; 2
517438; 1
517441; 2
517457; 1
517460; 2
517464; 1
517468; 2
517579; 1
517584; 2
517587; 1
517589; 2
517610; 1
517612; 2
517664; 1
517667; 2
517773; 1
517776; 2
517844; 1
517850; 2
518346; 1
518348; 2
518365; 1
518369; 2
518377; 1
518381; 2
518522; 1
518526; 2
518572; 1
518576; 2
518618; 1
518625; 2
518693; 1
518695; 2
519706; 1
519716; 2
519890; 1
519893; 2
520004; 1
520009; 2
520553; 1
520556; 2
520638; 1
520641; 2
520942; 1
520946; 2
521066; 1
521071; 2
521105; 1
521107; 2
521108; 1
521109; 2
521755; 1
521758; 2
521845; 1
521849; 2
521889; 1
521893; 2
521896; 1
521900; 2
522978; 1
522988; 2
523258; 1
523259; 2
523680; 1
523683; 2
525427; 1
525429; 2
525434; 1
525437; 2
525479; 1
525480; 2
525482; 1
525486; 2
534172; 1
534179; 2
539122; 1
539127; 2
539128; 1
539131; 2
539252; 1
539262; 2
539494; 1
539504; 2
539506; 1
539508; 2
539513; 1
539515; 2
539933; 1
539934; 2
539936; 1
539937; 2
540005; 1
540007; 2
540009; 1
540014; 2
540024; 1
540029; 2
540131; 1
540132; 2
540232; 1
540237; 2
540450; 1
540451; 2
540452; 1
540454; 2
540644; 1
540647; 2
540648; 1
540656; 2
540739; 1
540740; 2
540743; 1
540746; 2
540748; 1
540751; 2
541250; 1
541256; 2
541258; 1
541259; 2
541261; 1
541263; 2
541331; 1
541333; 2
541607; 1
541612; 2
541614; 1
541622; 2
541714; 1
541716; 2
541844; 1
541848; 2
541849; 1
541862; 2
541867; 1
541868; 2
541869; 1
541871; 2
541873; 1
541876; 2
541988; 1
541989; 2
542150; 1
542162; 2
542421; 1
542428; 2
542468; 1
542472; 2
542811; 1
542812; 2
542813; 1
542814; 2
542818; 1
542822; 2
542900; 1
542910; 2
542915; 1
542917; 2
542920; 1
542922; 2
542953; 1
542954; 2
543107; 1
543114; 2
543776; 1
543782; 2
543788; 1
543791; 2
543963; 1
543966; 2
543972; 1
543978; 2
544076; 1
544082; 2
544085; 1
544088; 2
544129; 1
544134; 2
544262; 1
544263; 2
545728; 1
545738; 2
546818; 1
546829; 2
547135; 1
547141; 2
547813; 1
547814; 2
548244; 1
548253; 2
548509; 1
548517; 2
548875; 1
548882; 2
549130; 1
549131; 2
549402; 1
549403; 2
549413; 1
549420; 2
549591; 1
549593; 2
549597; 1
549601; 2
549608; 1
549611; 2
550127; 1
550129; 2
550131; 1
550134; 2
550142; 1
550143; 2
550153; 1
550157; 2
550388; 1
550389; 2
552282; 1
552293; 2
552412; 1
552417; 2
552867; 1
552875; 2
553135; 1
553140; 2
553233; 1
553234; 2
553238; 1
553246; 2
553247; 1
553248; 2
553251; 1
553253; 2
553277; 1
553278; 2
553327; 1
553340; 2
553346; 1
553348; 2
553366; 1
553367; 2
553511; 1
553515; 2
553536; 1
553537; 2
553543; 1
553545; 2
553560; 1
553561; 2
553825; 1
553830; 2
553914; 1
553917; 2
554042; 1
554045; 2
554057; 1
554059; 2
554201; 1
554204; 2
554471; 1
554476; 2
554490; 1
554495; 2
554503; 1
554505; 2
554577; 1
554578; 2
554611; 1
554612; 2
554643; 1
554647; 2
554648; 1
554652; 2
554860; 1
554862; 2
554866; 1
554867; 2
554869; 1
554876; 2
554904; 1
554909; 2
554967; 1
554969; 2
555154; 1
555158; 2
555298; 1
555302; 2
555571; 1
555575; 2
555651; 1
555657; 2
555789; 1
555793; 2
555894; 1
555897; 2
556086; 1
556093; 2
556109; 1
556114; 2
556261; 1
556264; 2
556543; 1
556547; 2
556745; 1
556752; 2
556754; 1
556767; 2
556769; 1
556774; 2
557587; 1
557593; 2
557814; 1
557818; 2
557819; 1
557829; 2
557844; 1
557845; 2
557849; 1
557854; 2
558019; 1
558020; 2
558053; 1
558054; 2
558076; 1
558078; 2
558151; 1
558152; 2
558380; 1
558383; 2
558585; 1
558589; 2
558617; 1
558621; 2
558704; 1
558707; 2
558708; 1
558709; 2
558858; 1
558860; 2
559175; 1
559178; 2
559263; 1
559268; 2
559269; 1
559271; 2
559272; 1
559276; 2
559304; 1
559305; 2
559428; 1
559432; 2
559433; 1
559436; 2
559508; 1
559512; 2
559557; 1
559560; 2
559640; 1
559646; 2
559746; 1
559748; 2
559749; 1
559750; 2
559751; 1
559752; 2
559910; 1
559911; 2
559919; 1
559920; 2
559921; 1
559924; 2
560387; 1
560393; 2
560394; 1
560395; 2
560428; 1
560429; 2
560434; 1
560435; 2
560544; 1
560547; 2
561566; 1
561575; 2
561693; 1
561695; 2
561839; 1
561845; 2
561846; 1
561847; 2
562067; 1
562068; 2
562070; 1
562071; 2
562728; 1
562733; 2
562936; 1
562940; 2
562943; 1
562948; 2
563471; 1
563476; 2
563675; 1
563676; 2
564412; 1
564417; 2
564501; 1
564502; 2
564600; 1
564601; 2
564700; 1
564701; 2
565014; 1
565015; 2
565178; 1
565179; 2
565628; 1
565629; 2
565760; 1
565765; 2
565766; 1
565767; 2
565924; 1
565928; 2
566224; 1
566231; 2
566232; 1
566237; 2
566240; 1
566242; 2
566370; 1
566371; 2
566411; 1
566412; 2
566418; 1
566419; 2
566489; 1
566491; 2
566502; 1
566503; 2
566609; 1
566615; 2
566764; 1
566765; 2
567165; 1
567166; 2
567167; 1
567169; 2
567238; 1
567243; 2
567505; 1
567509; 2
568405; 1
568408; 2
568467; 1
568472; 2
568473; 1
568479; 2
568725; 1
568728; 2
569066; 1
569067; 2
569204; 1
569205; 2
569264; 1
569268; 2
569272; 1
569273; 2
569874; 1
569879; 2
569951; 1
569957; 2
570254; 1
570258; 2
570398; 1
570404; 2
570411; 1
570415; 2
570641; 1
570645; 2
571014; 1
571016; 2
571030; 1
571031; 2
571047; 1
571048; 2
571054; 1
571056; 2
571057; 1
571061; 2
571175; 1
571179; 2
571190; 1
571193; 2
571399; 1
571403; 2
571404; 1
571411; 2
571414; 1
571418; 2
571467; 1
571469; 2
571513; 1
571514; 2
571515; 1
571517; 2
571675; 1
571686; 2
571846; 1
571852; 2
572027; 1
572033; 2
572036; 1
572037; 2
572068; 1
572076; 2
572386; 1
572391; 2
572394; 1
572395; 2
572397; 1
572399; 2
572411; 1
572417; 2
572429; 1
572432; 2
572550; 1
572555; 2
572593; 1
572594; 2
572602; 1
572607; 2
572711; 1
572714; 2
572717; 1
572718; 2
572768; 1
572772; 2
572860; 1
572865; 2
572867; 1
572873; 2
572951; 1
572954; 2
572987; 1
572990; 2
573276; 1
573277; 2
573317; 1
573319; 2
573330; 1
573332; 2
573584; 1
573587; 2
573741; 1
573744; 2
573765; 1
573768; 2
573924; 1
573930; 2
574164; 1
574172; 2
574179; 1
574182; 2
574298; 1
574301; 2
574758; 1
574761; 2
574799; 1
574802; 2
575036; 1
575041; 2
575164; 1
575167; 2
575170; 1
575171; 2
575401; 1
575404; 2
575566; 1
575569; 2
575629; 1
575632; 2
575899; 1
575902; 2
576176; 1
576187; 2
576692; 1
576697; 2
576700; 1
576704; 2
576797; 1
576807; 2
577273; 1
577276; 2
577292; 1
577297; 2
577303; 1
577307; 2
577456; 1
577459; 2
577818; 1
577832; 2
577833; 1
577839; 2
578012; 1
578014; 2
578497; 1
578499; 2
578500; 1
578501; 2
578528; 1
578533; 2
578606; 1
578610; 2
583454; 1
583455; 2
592798; 1
592806; 2
592810; 1
592815; 2
593154; 1
593155; 2
593156; 1
593159; 2
593678; 1
593681; 2
593683; 1
593684; 2
593718; 1
593720; 2
593722; 1
593724; 2
593894; 1
593901; 2
594068; 1
594070; 2
594089; 1
594090; 2
594092; 1
594093; 2
594342; 1
594345; 2
594436; 1
594438; 2
594441; 1
594442; 2
594859; 1
594863; 2
594871; 1
594875; 2
594876; 1
594882; 2
594885; 1
594886; 2
595068; 1
595072; 2
595073; 1
595074; 2
595243; 1
595248; 2
595338; 1
595340; 2
595352; 1
595353; 2
595354; 1
595360; 2
595414; 1
595415; 2
595626; 1
595633; 2
595688; 1
595693; 2
596115; 1
596126; 2
596203; 1
596204; 2
596207; 1
596208; 2
596466; 1
596468; 2
596749; 1
596752; 2
596754; 1
596755; 2
596772; 1
596773; 2
597068; 1
597072; 2
597196; 1
597199; 2
597896; 1
597900; 2
598317; 1
598318; 2
599121; 1
599129; 2
599136; 1
599140; 2
599597; 1
599604; 2
599605; 1
599606; 2
599607; 1
599610; 2
599611; 1
599613; 2
599618; 1
599619; 2
599625; 1
599626; 2
599670; 1
599685; 2
599686; 1
599687; 2
599911; 1
599915; 2
600039; 1
600043; 2
600045; 1
600046; 2
600047; 1
600050; 2
600053; 1
600056; 2
600067; 1
600071; 2
601699; 1
601702; 2
601703; 1
601704; 2
601886; 1
601890; 2
601903; 1
601905; 2
602165; 1
602166; 2
602339; 1
602343; 2
602426; 1
602428; 2
602429; 1
602434; 2
603192; 1
603201; 2
603223; 1
603227; 2
603228; 1
603229; 2
604138; 1
604147; 2
604167; 1
604171; 2
604360; 1
604367; 2
604379; 1
604381; 2
604998; 1
605001; 2
605157; 1
605159; 2
605827; 1
605836; 2
605848; 1
605849; 2
606199; 1
606203; 2
606255; 1
606265; 2
606367; 1
606374; 2
606743; 1
606746; 2
607167; 1
607170; 2
607185; 1
607188; 2
607191; 1
607194; 2
607196; 1
607200; 2
607211; 1
607216; 2
607364; 1
607368; 2
607369; 1
607371; 2
607535; 1
607541; 2
607628; 1
607631; 2
607706; 1
607709; 2
607790; 1
607796; 2
607878; 1
607881; 2
607887; 1
607890; 2
607891; 1
607893; 2
608012; 1
608017; 2
608181; 1
608187; 2
608212; 1
608215; 2
608427; 1
608431; 2
608536; 1
608540; 2
608682; 1
608687; 2
608861; 1
608864; 2
608915; 1
608917; 2
608961; 1
608964; 2
609018; 1
609023; 2
609411; 1
609412; 2
609757; 1
609760; 2
609811; 1
609815; 2
609958; 1
609959; 2
610178; 1
610181; 2
610183; 1
610184; 2
610246; 1
610247; 2
610248; 1
610253; 2
610254; 1
610256; 2
610257; 1
610258; 2
610259; 1
610262; 2
610263; 1
610267; 2
610268; 1
610269; 2
610276; 1
610277; 2
610295; 1
610301; 2
610302; 1
610303; 2
610364; 1
610368; 2
610471; 1
610474; 2
610657; 1
610658; 2
610842; 1
610848; 2
610851; 1
610852; 2
611365; 1
611371; 2
611373; 1
611378; 2
611381; 1
611382; 2
611386; 1
611387; 2
611552; 1
611557; 2
611664; 1
611674; 2
611675; 1
611679; 2
611775; 1
611776; 2
611777; 1
611778; 2
611785; 1
611787; 2
611788; 1
611790; 2
612482; 1
612492; 2
612507; 1
612508; 2
612509; 1
612512; 2
612514; 1
612518; 2
612649; 1
612650; 2
612658; 1
612660; 2
612819; 1
612824; 2
613083; 1
613094; 2
613095; 1
613097; 2
613221; 1
613226; 2
613532; 1
613541; 2
613597; 1
613598; 2
613623; 1
613625; 2
613669; 1
613675; 2
613697; 1
613699; 2
613762; 1
613763; 2
613764; 1
613765; 2
613766; 1
613772; 2
613781; 1
613783; 2
613784; 1
613785; 2
613786; 1
613787; 2
613882; 1
613883; 2
613885; 1
613887; 2
613890; 1
613891; 2
613961; 1
613962; 2
613970; 1
613976; 2
613985; 1
613987; 2
614169; 1
614175; 2
614176; 1
614177; 2
614436; 1
614437; 2
614494; 1
614500; 2
614501; 1
614506; 2
614594; 1
614599; 2
614600; 1
614603; 2
614623; 1
614624; 2
614721; 1
614723; 2
614877; 1
614882; 2
614883; 1
614886; 2
614887; 1
614889; 2
614891; 1
614895; 2
614943; 1
614944; 2
615868; 1
615875; 2
616984; 1
616985; 2
617215; 1
617219; 2
617280; 1
617284; 2
618910; 1
618914; 2
618915; 1
618919; 2
618974; 1
618976; 2
619133; 1
619142; 2
619145; 1
619149; 2
619487; 1
619494; 2
619711; 1
619715; 2
619878; 1
619881; 2
620216; 1
620223; 2
621541; 1
621550; 2
621551; 1
621552; 2
621558; 1
621560; 2
621695; 1
621699; 2
621840; 1
621843; 2
621971; 1
621974; 2
621975; 1
621977; 2
621978; 1
621979; 2
621996; 1
621998; 2
622118; 1
622119; 2
622264; 1
622268; 2
622418; 1
622422; 2
622644; 1
622651; 2
622710; 1
622713; 2
622925; 1
622929; 2
623331; 1
623334; 2
624073; 1
624077; 2
624359; 1
624368; 2
624417; 1
624422; 2
624603; 1
624607; 2
624772; 1
624775; 2
625112; 1
625115; 2
625232; 1
625237; 2
625240; 1
625241; 2
625288; 1
625292; 2
625304; 1
625307; 2
625341; 1
625343; 2
625436; 1
625440; 2
625455; 1
625456; 2
625457; 1
625458; 2
625550; 1
625558; 2
625566; 1
625570; 2
625572; 1
625573; 2
625574; 1
625576; 2
625625; 1
625628; 2
625750; 1
625751; 2
625797; 1
625802; 2
625811; 1
625816; 2
625831; 1
625833; 2
625846; 1
625848; 2
625940; 1
625943; 2
626115; 1
626119; 2
626384; 1
626385; 2
626645; 1
626648; 2
626721; 1
626725; 2
626783; 1
626786; 2
626787; 1
626791; 2
626997; 1
627001; 2
627065; 1
627069; 2
627124; 1
627128; 2
627131; 1
627133; 2
627208; 1
627213; 2
627351; 1
627355; 2
627374; 1
627378; 2
627512; 1
627517; 2
627575; 1
627580; 2
627608; 1
627614; 2
627639; 1
627640; 2
627805; 1
627808; 2
627863; 1
627867; 2
627881; 1
627883; 2
628438; 1
628445; 2
628453; 1
628458; 2
628541; 1
628542; 2
628544; 1
628550; 2
628581; 1
628582; 2
628726; 1
628730; 2
628834; 1
628837; 2
628872; 1
628875; 2
628879; 1
628882; 2
628969; 1
628975; 2
628987; 1
628991; 2
629123; 1
629128; 2
629291; 1
629294; 2
629326; 1
629329; 2
629606; 1
629609; 2
629615; 1
629616; 2
629638; 1
629639; 2
629663; 1
629668; 2
629693; 1
629694; 2
630632; 1
630637; 2
630711; 1
630714; 2
631090; 1
631095; 2
631097; 1
631101; 2
631103; 1
631104; 2
631336; 1
631339; 2
632201; 1
632202; 2
632289; 1
632293; 2
632937; 1
632938; 2
633638; 1
633653; 2
633736; 1
633744; 2
634751; 1
634753; 2
646515; 1
646517; 2
646518; 1
646519; 2
646749; 1
646751; 2
646754; 1
646755; 2
646994; 1
646995; 2
647205; 1
647206; 2
647207; 1
647208; 2
647277; 1
647278; 2
647280; 1
647281; 2
647283; 1
647285; 2
647447; 1
647449; 2
647475; 1
647476; 2
647485; 1
647488; 2
647489; 1
647492; 2
647497; 1
647498; 2
647661; 1
647665; 2
647672; 1
647674; 2
647676; 1
647677; 2
647680; 1
647681; 2
647843; 1
647845; 2
647852; 1
647856; 2
647858; 1
647861; 2
647863; 1
647865; 2
648029; 1
648031; 2
648033; 1
648040; 2
648207; 1
648209; 2
648278; 1
648283; 2
648609; 1
648610; 2
648688; 1
648690; 2
648692; 1
648693; 2
648795; 1
648801; 2
648805; 1
648810; 2
648815; 1
648818; 2
648822; 1
648825; 2
648832; 1
648837; 2
648838; 1
648841; 2
648854; 1
648855; 2
649059; 1
649062; 2
649211; 1
649219; 2
649220; 1
649224; 2
649228; 1
649234; 2
649237; 1
649238; 2
649638; 1
649643; 2
649656; 1
649657; 2
649662; 1
649668; 2
650010; 1
650020; 2
650191; 1
650196; 2
650534; 1
650546; 2
650554; 1
650560; 2
650562; 1
650564; 2
651347; 1
651349; 2
651636; 1
651645; 2
651646; 1
651648; 2
652121; 1
652123; 2
652124; 1
652125; 2
652863; 1
652866; 2
653639; 1
653644; 2
653711; 1
653712; 2
653713; 1
653716; 2
655100; 1
655107; 2
655415; 1
655417; 2
656623; 1
656625; 2
656626; 1
656635; 2
656642; 1
656643; 2
657726; 1
657731; 2
657997; 1
658002; 2
658076; 1
658079; 2
658086; 1
658087; 2
658089; 1
658091; 2
658545; 1
658555; 2
658588; 1
658590; 2
658593; 1
658594; 2
658622; 1
658623; 2
659255; 1
659274; 2
659482; 1
659485; 2
659497; 1
659498; 2
659876; 1
659880; 2
659918; 1
659919; 2
660088; 1
660106; 2
661872; 1
661883; 2
661925; 1
661928; 2
661929; 1
661930; 2
662198; 1
662207; 2
662261; 1
662262; 2
662408; 1
662412; 2
662566; 1
662570; 2
662597; 1
662601; 2
662666; 1
662671; 2
663020; 1
663026; 2
663536; 1
663541; 2
663543; 1
663545; 2
663546; 1
663548; 2
663806; 1
663811; 2
664046; 1
664052; 2
664240; 1
664244; 2
664506; 1
664507; 2
664720; 1
664725; 2
664726; 1
664727; 2
664804; 1
664807; 2
664811; 1
664812; 2
664814; 1
664816; 2
664917; 1
664920; 2
665148; 1
665153; 2
665155; 1
665158; 2
665241; 1
665242; 2
665243; 1
665245; 2
665502; 1
665503; 2
665936; 1
665937; 2
666152; 1
666160; 2
666169; 1
666177; 2
666433; 1
666435; 2
666541; 1
666542; 2
666543; 1
666547; 2
666573; 1
666588; 2
666661; 1
666667; 2
666804; 1
666814; 2
666817; 1
666820; 2
666821; 1
666828; 2
666829; 1
666831; 2
666832; 1
666835; 2
666836; 1
666841; 2
666852; 1
666854; 2
666935; 1
666937; 2
667059; 1
667061; 2
667063; 1
667065; 2
667304; 1
667308; 2
667596; 1
667597; 2
667600; 1
667606; 2
667733; 1
667737; 2
667748; 1
667750; 2
667752; 1
667753; 2
667757; 1
667758; 2
668692; 1
668696; 2
670406; 1
670407; 2
670410; 1
670417; 2
670939; 1
670944; 2
671641; 1
671642; 2
672299; 1
672300; 2
672305; 1
672308; 2
672381; 1
672382; 2
673807; 1
673808; 2
673881; 1
673882; 2
673887; 1
673888; 2
674131; 1
674132; 2
674133; 1
674136; 2
674158; 1
674159; 2
674528; 1
674532; 2
674652; 1
674656; 2
674991; 1
674993; 2
675547; 1
675550; 2
675566; 1
675570; 2
675778; 1
675782; 2
675964; 1
675968; 2
675985; 1
675989; 2
676042; 1
676043; 2
676180; 1
676181; 2
676205; 1
676207; 2
676236; 1
676237; 2
676238; 1
676239; 2
676253; 1
676257; 2
676606; 1
676607; 2
677254; 1
677256; 2
677272; 1
677280; 2
677328; 1
677332; 2
677380; 1
677384; 2
677391; 1
677395; 2
677462; 1
677463; 2
677544; 1
677548; 2
677630; 1
677633; 2
677645; 1
677647; 2
677887; 1
677890; 2
678036; 1
678037; 2
678054; 1
678063; 2
678103; 1
678106; 2
678252; 1
678255; 2
678407; 1
678409; 2
678744; 1
678747; 2
678798; 1
678804; 2
678852; 1
678853; 2
678911; 1
678916; 2
679110; 1
679114; 2
679185; 1
679191; 2
679234; 1
679238; 2
679252; 1
679256; 2
679445; 1
679448; 2
679495; 1
679497; 2
679516; 1
679518; 2
679524; 1
679527; 2
679666; 1
679669; 2
679861; 1
679867; 2
680054; 1
680058; 2
680133; 1
680137; 2
680199; 1
680202; 2
680206; 1
680207; 2
680353; 1
680356; 2
680358; 1
680365; 2
680405; 1
680409; 2
680413; 1
680417; 2
680454; 1
680458; 2
680678; 1
680679; 2
680685; 1
680692; 2
680700; 1
680704; 2
680864; 1
680867; 2
680878; 1
680882; 2
680919; 1
680922; 2
680977; 1
680978; 2
680979; 1
680980; 2
681032; 1
681033; 2
681425; 1
681426; 2
681475; 1
681480; 2
681996; 1
681999; 2
682137; 1
682138; 2
682189; 1
682195; 2
682224; 1
682225; 2
682318; 1
682322; 2
682418; 1
682424; 2
682517; 1
682520; 2
682521; 1
682524; 2
682589; 1
682591; 2
682642; 1
682646; 2
682891; 1
682894; 2
683060; 1
683065; 2
683215; 1
683216; 2
683343; 1
683347; 2
683529; 1
683530; 2
684268; 1
684273; 2
684471; 1
684474; 2
684481; 1
684484; 2
684521; 1
684523; 2
684524; 1
684525; 2
685524; 1
685528; 2
685533; 1
685534; 2
685654; 1
685666; 2
686970; 1
686974; 2
687464; 1
687465; 2
687626; 1
687629; 2
688403; 1
688407; 2
689357; 1
689363; 2
694873; 1
694874; 2
700687; 1
700696; 2
700982; 1
700990; 2
700991; 1
700999; 2
701202; 1
701208; 2
701524; 1
701526; 2
701528; 1
701535; 2
701583; 1
701585; 2
701630; 1
701635; 2
701752; 1
701757; 2
701795; 1
701801; 2
701802; 1
701809; 2
702134; 1
702136; 2
702145; 1
702146; 2
702202; 1
702214; 2
702443; 1
702446; 2
702469; 1
702471; 2
702473; 1
702480; 2
702485; 1
702486; 2
702613; 1
702617; 2
702645; 1
702648; 2
702923; 1
702930; 2
702942; 1
702943; 2
702944; 1
702946; 2
702959; 1
702960; 2
703325; 1
703335; 2
703363; 1
703365; 2
703743; 1
703744; 2
703783; 1
703785; 2
703890; 1
703897; 2
703932; 1
703936; 2
703941; 1
703945; 2
703946; 1
703947; 2
704047; 1
704051; 2
704141; 1
704143; 2
704145; 1
704148; 2
704161; 1
704162; 2
704343; 1
704347; 2
704348; 1
704349; 2
704350; 1
704351; 2
704490; 1
704496; 2
704529; 1
704532; 2
704617; 1
704620; 2
704634; 1
704640; 2
704859; 1
704869; 2
704886; 1
704887; 2
705107; 1
705112; 2
705148; 1
705153; 2
705646; 1
705655; 2
705656; 1
705662; 2
706077; 1
706078; 2
706079; 1
706086; 2
706087; 1
706090; 2
706518; 1
706523; 2
707315; 1
707319; 2
707331; 1
707332; 2
708272; 1
708276; 2
709584; 1
709588; 2
709600; 1
709601; 2
709889; 1
709894; 2
709912; 1
709914; 2
714206; 1
714207; 2
714239; 1
714240; 2
714636; 1
714640; 2
714664; 1
714669; 2
714795; 1
714799; 2
714821; 1
714827; 2
714860; 1
714867; 2
714875; 1
714882; 2
715093; 1
715096; 2
715241; 1
715245; 2
715253; 1
715254; 2
715255; 1
715256; 2
715257; 1
715258; 2
715299; 1
715300; 2
715406; 1
715410; 2
715458; 1
715461; 2
715534; 1
715538; 2
715766; 1
715770; 2
715799; 1
715801; 2
715805; 1
715807; 2
715911; 1
715914; 2
715924; 1
715926; 2
715927; 1
715931; 2
716167; 1
716168; 2
716241; 1
716247; 2
716363; 1
716366; 2
716454; 1
716459; 2
716548; 1
716552; 2
716563; 1
716565; 2
716628; 1
716631; 2
716647; 1
716651; 2
716760; 1
716761; 2
716762; 1
716763; 2
716768; 1
716778; 2
717071; 1
717079; 2
717082; 1
717084; 2
717147; 1
717148; 2
717244; 1
717245; 2
717246; 1
717248; 2
717489; 1
717494; 2
717678; 1
717693; 2
718644; 1
718648; 2
719130; 1
719131; 2
719132; 1
719137; 2
719154; 1
719156; 2
719328; 1
719334; 2
719571; 1
719575; 2
719577; 1
719583; 2
719584; 1
719585; 2
720042; 1
720047; 2
720089; 1
720094; 2
720512; 1
720515; 2
720516; 1
720519; 2
721125; 1
721126; 2
721343; 1
721348; 2
721401; 1
721404; 2
721778; 1
721783; 2
721863; 1
721869; 2
721870; 1
721876; 2
721928; 1
721929; 2
722328; 1
722334; 2
722335; 1
722342; 2
722424; 1
722427; 2
722628; 1
722629; 2
723508; 1
723516; 2
725131; 1
725132; 2
725330; 1
725331; 2
725332; 1
725333; 2
725905; 1
725906; 2
726066; 1
726067; 2
726078; 1
726079; 2
726081; 1
726082; 2
726324; 1
726326; 2
726334; 1
726345; 2
726374; 1
726377; 2
726391; 1
726392; 2
726445; 1
726446; 2
726586; 1
726589; 2
727460; 1
727466; 2
727468; 1
727472; 2
727477; 1
727479; 2
727594; 1
727595; 2
727734; 1
727735; 2
727753; 1
727754; 2
727756; 1
727757; 2
727772; 1
727773; 2
727827; 1
727828; 2
727839; 1
727840; 2
727887; 1
727888; 2
727995; 1
727996; 2
727997; 1
727998; 2
728012; 1
728014; 2
728018; 1
728019; 2
728393; 1
728395; 2
728396; 1
728397; 2
728402; 1
728404; 2
728557; 1
728558; 2
728559; 1
728565; 2
728713; 1
728715; 2
728980; 1
728981; 2
729045; 1
729046; 2
729268; 1
729269; 2
729307; 1
729308; 2
729443; 1
729446; 2
729578; 1
729581; 2
729780; 1
729787; 2
729942; 1
729945; 2
730179; 1
730187; 2
730495; 1
730497; 2
730848; 1
730849; 2
730859; 1
730860; 2
731214; 1
731219; 2
731383; 1
731387; 2
731388; 1
731389; 2
731390; 1
731395; 2
731430; 1
731433; 2
731488; 1
731489; 2
731745; 1
731750; 2
731751; 1
731752; 2
731755; 1
731756; 2
731995; 1
731999; 2
732022; 1
732023; 2
732362; 1
732365; 2
732630; 1
732635; 2
732679; 1
732680; 2
732889; 1
732897; 2
732899; 1
732902; 2
732904; 1
732908; 2
733034; 1
733037; 2
733111; 1
733114; 2
733133; 1
733135; 2
733245; 1
733247; 2
733564; 1
733569; 2
733631; 1
733638; 2
733679; 1
733682; 2
733691; 1
733692; 2
733801; 1
733805; 2
733813; 1
733817; 2
733965; 1
733966; 2
733983; 1
733986; 2
734009; 1
734013; 2
734078; 1
734081; 2
734096; 1
734100; 2
734171; 1
734177; 2
734337; 1
734339; 2
734438; 1
734439; 2
734441; 1
734444; 2
734582; 1
734589; 2
734672; 1
734673; 2
734788; 1
734791; 2
734869; 1
734875; 2
734982; 1
734983; 2
734984; 1
734998; 2
735337; 1
735342; 2
735476; 1
735479; 2
735503; 1
735506; 2
735901; 1
735907; 2
735910; 1
735913; 2
735975; 1
735979; 2
736036; 1
736037; 2
736157; 1
736159; 2
736376; 1
736383; 2
736432; 1
736435; 2
736442; 1
736443; 2
736825; 1
736835; 2
737069; 1
737072; 2
737131; 1
737133; 2
737204; 1
737209; 2
737465; 1
737478; 2
737490; 1
737491; 2
738161; 1
738166; 2
738836; 1
738842; 2
739266; 1
739271; 2
739640; 1
739643; 2
739926; 1
739930; 2
740080; 1
740087; 2
742727; 1
742728; 2
744181; 1
744186; 2
754512; 1
754515; 2
754779; 1
754780; 2
754793; 1
754797; 2
754799; 1
754806; 2
754807; 1
754808; 2
754961; 1
754970; 2
755213; 1
755219; 2
755469; 1
755472; 2
755473; 1
755480; 2
755509; 1
755512; 2
755573; 1
755579; 2
755583; 1
755592; 2
756111; 1
756112; 2
756174; 1
756179; 2
756232; 1
756233; 2
756234; 1
756242; 2
756285; 1
756289; 2
756294; 1
756295; 2
756306; 1
756307; 2
756540; 1
756541; 2
756550; 1
756551; 2
756554; 1
756556; 2
756557; 1
756562; 2
756786; 1
756791; 2
757283; 1
757285; 2
757289; 1
757291; 2
757298; 1
757302; 2
757314; 1
757319; 2
757599; 1
757603; 2
757809; 1
757817; 2
757873; 1
757879; 2
757880; 1
757881; 2
757991; 1
757997; 2
758003; 1
758008; 2
758010; 1
758011; 2
758199; 1
758200; 2
758362; 1
758363; 2
758723; 1
758729; 2
758740; 1
758743; 2
758783; 1
758784; 2
758986; 1
758987; 2
759132; 1
759140; 2
759156; 1
759160; 2
759227; 1
759229; 2
759633; 1
759639; 2
760499; 1
760502; 2
760516; 1
760519; 2
760764; 1
760766; 2
760768; 1
760776; 2
760952; 1
760956; 2
760958; 1
760963; 2
761161; 1
761163; 2
761180; 1
761181; 2
761793; 1
761797; 2
761800; 1
761803; 2
761808; 1
761813; 2
761817; 1
761823; 2
762403; 1
762407; 2
763028; 1
763032; 2
764536; 1
764543; 2
764822; 1
764825; 2
764888; 1
764892; 2
764947; 1
764949; 2
765176; 1
765177; 2
765180; 1
765183; 2
765355; 1
765358; 2
765368; 1
765373; 2
765404; 1
765405; 2
765409; 1
765411; 2
765598; 1
765606; 2
766093; 1
766095; 2
766335; 1
766340; 2
767096; 1
767099; 2
767313; 1
767320; 2
767510; 1
767520; 2
767530; 1
767533; 2
767551; 1
767558; 2
767929; 1
767940; 2
768161; 1
768163; 2
768166; 1
768167; 2
768428; 1
768434; 2
768439; 1
768440; 2
768484; 1
768487; 2
768488; 1
768489; 2
768490; 1
768491; 2
768653; 1
768656; 2
768714; 1
768720; 2
768855; 1
768859; 2
768954; 1
768957; 2
769006; 1
769008; 2
769020; 1
769021; 2
769099; 1
769100; 2
769318; 1
769328; 2
769352; 1
769355; 2
769394; 1
769396; 2
769565; 1
769573; 2
769754; 1
769757; 2
769777; 1
769784; 2
769845; 1
769847; 2
769848; 1
769849; 2
770431; 1
770435; 2
770483; 1
770484; 2
770514; 1
770517; 2
770602; 1
770603; 2
770615; 1
770619; 2
770756; 1
770761; 2
770861; 1
770863; 2
770882; 1
770884; 2
770887; 1
770888; 2
771003; 1
771004; 2
771053; 1
771057; 2
771059; 1
771064; 2
771147; 1
771154; 2
771156; 1
771159; 2
771161; 1
771164; 2
771227; 1
771232; 2
771237; 1
771238; 2
771242; 1
771243; 2
771244; 1
771246; 2
771259; 1
771265; 2
771593; 1
771596; 2
771598; 1
771601; 2
771755; 1
771759; 2
771803; 1
771807; 2
771878; 1
771884; 2
771885; 1
771886; 2
771888; 1
771891; 2
772059; 1
772066; 2
772093; 1
772094; 2
772208; 1
772213; 2
772219; 1
772221; 2
772296; 1
772300; 2
772354; 1
772358; 2
772404; 1
772419; 2
772618; 1
772619; 2
772622; 1
772623; 2
772772; 1
772773; 2
772971; 1
772977; 2
772981; 1
772983; 2
773323; 1
773324; 2
773447; 1
773451; 2
773469; 1
773475; 2
773478; 1
773479; 2
773551; 1
773558; 2
773803; 1
773805; 2
773809; 1
773816; 2
773817; 1
773826; 2
773850; 1
773851; 2
774132; 1
774137; 2
774144; 1
774145; 2
774146; 1
774147; 2
774393; 1
774396; 2
774411; 1
774419; 2
774427; 1
774431; 2
774469; 1
774471; 2
774472; 1
774477; 2
774513; 1
774514; 2
774670; 1
774676; 2
774815; 1
774821; 2
774822; 1
774826; 2
775188; 1
775199; 2
775313; 1
775319; 2
775432; 1
775443; 2
775494; 1
775503; 2
775504; 1
775515; 2
775702; 1
775703; 2
775704; 1
775711; 2
776082; 1
776096; 2
776188; 1
776197; 2
776200; 1
776205; 2
776324; 1
776325; 2
777439; 1
777446; 2
777611; 1
777616; 2
777619; 1
777620; 2
777708; 1
777713; 2
778031; 1
778032; 2
778034; 1
778035; 2
778037; 1
778038; 2
778140; 1
778146; 2
778152; 1
778155; 2
778581; 1
778592; 2
778946; 1
778956; 2
780267; 1
780272; 2
780275; 1
780281; 2
780534; 1
780539; 2
781822; 1
781823; 2
781852; 1
781857; 2
781923; 1
781924; 2
782014; 1
782017; 2
782543; 1
782544; 2
782585; 1
782588; 2
782706; 1
782711; 2
782817; 1
782820; 2
782821; 1
782826; 2
783100; 1
783103; 2
783152; 1
783154; 2
783199; 1
783205; 2
783260; 1
783265; 2
783306; 1
783310; 2
783358; 1
783361; 2
783369; 1
783373; 2
783479; 1
783481; 2
783554; 1
783556; 2
783651; 1
783654; 2
783689; 1
783690; 2
783730; 1
783735; 2
783739; 1
783740; 2
783885; 1
783890; 2
783893; 1
783897; 2
784023; 1
784024; 2
784025; 1
784029; 2
784105; 1
784106; 2
784167; 1
784168; 2
784232; 1
784234; 2
784236; 1
784237; 2
784242; 1
784246; 2
784263; 1
784264; 2
784265; 1
784273; 2
784360; 1
784365; 2
784454; 1
784456; 2
784548; 1
784549; 2
784592; 1
784596; 2
784990; 1
784999; 2
785195; 1
785197; 2
785226; 1
785227; 2
785229; 1
785230; 2
785232; 1
785236; 2
785335; 1
785338; 2
785631; 1
785639; 2
785795; 1
785799; 2
785846; 1
785849; 2
785878; 1
785880; 2
785979; 1
785985; 2
786061; 1
786064; 2
786129; 1
786130; 2
786133; 1
786137; 2
786235; 1
786239; 2
786306; 1
786311; 2
786322; 1
786328; 2
786339; 1
786342; 2
786420; 1
786427; 2
786428; 1
786430; 2
786432; 1
786436; 2
786473; 1
786474; 2
786576; 1
786582; 2
786706; 1
786709; 2
786906; 1
786914; 2
786941; 1
786942; 2
786947; 1
786949; 2
787435; 1
787436; 2
787503; 1
787504; 2
787525; 1
787529; 2
787753; 1
787756; 2
788443; 1
788447; 2
788647; 1
788651; 2
788772; 1
788774; 2
789282; 1
789283; 2
789520; 1
789523; 2
789780; 1
789785; 2
789995; 1
789998; 2
790046; 1
790049; 2
790151; 1
790154; 2
790290; 1
790294; 2
790494; 1
790499; 2
790582; 1
790585; 2
790631; 1
790632; 2
791597; 1
791599; 2
791722; 1
791725; 2
792549; 1
792553; 2
792649; 1
792653; 2
793970; 1
793971; 2
793994; 1
793995; 2
793997; 1
794004; 2
794005; 1
794008; 2
794010; 1
794011; 2
796332; 1
796334; 2
796385; 1
796389; 2
798416; 1
798417; 2
799206; 1
799207; 2
799211; 1
799212; 2
808804; 1
808806; 2
808992; 1
808994; 2
808995; 1
808997; 2
808998; 1
808999; 2
809007; 1
809009; 2
809181; 1
809189; 2
809190; 1
809193; 2
809580; 1
809583; 2
809585; 1
809587; 2
809588; 1
809589; 2
809590; 1
809592; 2
809629; 1
809633; 2
809704; 1
809713; 2
810213; 1
810218; 2
810221; 1
810223; 2
810401; 1
810404; 2
810615; 1
810617; 2
810698; 1
810705; 2
810711; 1
810713; 2
810724; 1
810731; 2
810732; 1
810741; 2
810743; 1
810744; 2
810745; 1
810749; 2
810752; 1
810754; 2
811060; 1
811064; 2
811066; 1
811068; 2
811217; 1
811218; 2
811220; 1
811222; 2
811223; 1
811230; 2
811231; 1
811232; 2
811264; 1
811267; 2
811277; 1
811278; 2
811296; 1
811298; 2
811406; 1
811410; 2
811413; 1
811414; 2
811436; 1
811437; 2
811618; 1
811623; 2
811693; 1
811694; 2
811751; 1
811756; 2
811759; 1
811763; 2
811764; 1
811765; 2
811767; 1
811768; 2
811772; 1
811773; 2
811834; 1
811837; 2
811855; 1
811856; 2
811861; 1
811864; 2
812013; 1
812022; 2
812296; 1
812301; 2
812347; 1
812348; 2
812349; 1
812355; 2
812712; 1
812717; 2
812830; 1
812831; 2
812832; 1
812845; 2
813278; 1
813283; 2
813514; 1
813518; 2
813780; 1
813783; 2
813871; 1
813877; 2
814023; 1
814027; 2
814605; 1
814608; 2
817162; 1
817167; 2
817349; 1
817350; 2
817739; 1
817743; 2
819613; 1
819622; 2
819626; 1
819628; 2
819736; 1
819738; 2
819832; 1
819833; 2
819897; 1
819898; 2
820028; 1
820038; 2
820688; 1
820692; 2
820830; 1
820831; 2
820841; 1
820846; 2
821363; 1
821367; 2
821905; 1
821909; 2
822137; 1
822139; 2
822157; 1
822162; 2
822605; 1
822610; 2
822731; 1
822735; 2
822737; 1
822748; 2
822749; 1
822754; 2
822991; 1
822995; 2
823076; 1
823077; 2
823092; 1
823097; 2
823112; 1
823115; 2
823116; 1
823118; 2
823136; 1
823138; 2
823390; 1
823392; 2
823408; 1
823412; 2
823630; 1
823634; 2
823644; 1
823648; 2
823728; 1
823731; 2
823744; 1
823746; 2
823856; 1
823861; 2
823942; 1
823948; 2
823949; 1
823955; 2
824161; 1
824175; 2
824427; 1
824436; 2
824473; 1
824474; 2
824479; 1
824483; 2
824492; 1
824497; 2
824633; 1
824636; 2
824668; 1
824671; 2
824676; 1
824679; 2
824749; 1
824757; 2
825391; 1
825398; 2
825514; 1
825518; 2
825812; 1
825815; 2
826199; 1
826206; 2
826207; 1
826214; 2
826294; 1
826296; 2
826302; 1
826306; 2
826428; 1
826440; 2
826687; 1
826690; 2
826872; 1
826875; 2
826925; 1
826936; 2
827125; 1
827131; 2
827132; 1
827136; 2
827192; 1
827195; 2
827318; 1
827321; 2
827535; 1
827540; 2
827542; 1
827545; 2
827546; 1
827548; 2
827552; 1
827553; 2
827656; 1
827673; 2
827760; 1
827763; 2
827868; 1
827886; 2
828121; 1
828123; 2
828124; 1
828129; 2
828243; 1
828244; 2
828268; 1
828270; 2
828354; 1
828355; 2
828364; 1
828365; 2
828404; 1
828408; 2
828488; 1
828491; 2
828502; 1
828506; 2
828601; 1
828602; 2
828800; 1
828802; 2
829041; 1
829044; 2
829070; 1
829074; 2
829099; 1
829102; 2
829461; 1
829466; 2
829468; 1
829469; 2
829471; 1
829472; 2
829476; 1
829477; 2
829493; 1
829494; 2
829501; 1
829503; 2
829680; 1
829683; 2
829718; 1
829721; 2
829935; 1
829941; 2
830104; 1
830108; 2
830147; 1
830148; 2
830150; 1
830154; 2
830238; 1
830248; 2
830593; 1
830608; 2
830718; 1
830730; 2
831190; 1
831204; 2
832513; 1
832516; 2
832534; 1
832535; 2
832908; 1
832909; 2
833317; 1
833321; 2
833450; 1
833454; 2
833507; 1
833514; 2
834872; 1
834877; 2
834878; 1
834885; 2
834981; 1
834985; 2
835112; 1
835113; 2
835119; 1
835123; 2
835350; 1
835353; 2
835355; 1
835358; 2
835459; 1
835463; 2
835559; 1
835560; 2
835625; 1
835631; 2
835634; 1
835639; 2
836114; 1
836126; 2
836441; 1
836445; 2
836447; 1
836449; 2
836457; 1
836460; 2
836598; 1
836599; 2
836794; 1
836799; 2
836805; 1
836808; 2
836810; 1
836811; 2
836815; 1
836816; 2
836817; 1
836818; 2
836891; 1
836892; 2
836905; 1
836908; 2
836983; 1
836984; 2
837275; 1
837279; 2
837718; 1
837721; 2
837779; 1
837782; 2
838119; 1
838128; 2
838131; 1
838132; 2
838136; 1
838137; 2
838454; 1
838456; 2
838558; 1
838562; 2
839352; 1
839353; 2
839354; 1
839356; 2
839357; 1
839358; 2
839359; 1
839362; 2
839388; 1
839393; 2
839863; 1
839864; 2
839918; 1
839927; 2
840008; 1
840011; 2
840024; 1
840025; 2
840027; 1
840030; 2
840127; 1
840132; 2
840327; 1
840329; 2
840356; 1
840368; 2
840579; 1
840580; 2
840719; 1
840722; 2
840802; 1
840810; 2
840816; 1
840818; 2
840908; 1
840909; 2
840954; 1
840955; 2
840962; 1
840963; 2
841118; 1
841120; 2
841124; 1
841127; 2
841128; 1
841130; 2
841137; 1
841139; 2
841243; 1
841244; 2
841245; 1
841249; 2
841345; 1
841349; 2
841392; 1
841396; 2
841530; 1
841534; 2
841627; 1
841634; 2
841748; 1
841749; 2
841750; 1
841752; 2
841838; 1
841841; 2
841904; 1
841909; 2
841999; 1
842005; 2
842061; 1
842066; 2
842203; 1
842207; 2
842209; 1
842213; 2
842218; 1
842221; 2
842338; 1
842339; 2
842343; 1
842348; 2
842350; 1
842351; 2
842440; 1
842443; 2
842446; 1
842447; 2
842582; 1
842586; 2
842789; 1
842794; 2
842921; 1
842924; 2
843069; 1
843072; 2
843075; 1
843079; 2
843085; 1
843092; 2
843172; 1
843174; 2
843257; 1
843261; 2
843469; 1
843472; 2
843512; 1
843515; 2
843613; 1
843614; 2
843641; 1
843652; 2
843847; 1
843855; 2
843912; 1
843915; 2
844227; 1
844231; 2
844303; 1
844304; 2
844305; 1
844306; 2
844341; 1
844345; 2
844469; 1
844472; 2
844473; 1
844474; 2
844544; 1
844547; 2
844761; 1
844762; 2
844997; 1
845005; 2
845112; 1
845116; 2
845292; 1
845295; 2
845319; 1
845322; 2
845972; 1
845975; 2
846409; 1
846412; 2
846744; 1
846745; 2
846747; 1
846748; 2
846749; 1
846754; 2
847071; 1
847077; 2
847082; 1
847083; 2
847293; 1
847296; 2
847308; 1
847310; 2
847412; 1
847415; 2
847460; 1
847464; 2
847535; 1
847536; 2
847543; 1
847548; 2
847562; 1
847563; 2
847565; 1
847569; 2
847729; 1
847732; 2
847745; 1
847746; 2
847774; 1
847776; 2
847777; 1
847778; 2
848457; 1
848459; 2
848639; 1
848642; 2
849125; 1
849127; 2
849134; 1
849136; 2
858179; 1
858180; 2
862577; 1
862584; 2
862585; 1
862586; 2
862707; 1
862708; 2
862709; 1
862710; 2
862711; 1
862712; 2
862845; 1
862846; 2
862896; 1
862898; 2
862899; 1
862901; 2
862992; 1
862995; 2
862996; 1
862998; 2
863004; 1
863006; 2
863295; 1
863306; 2
863609; 1
863615; 2
863879; 1
863883; 2
864358; 1
864361; 2
864364; 1
864366; 2
864379; 1
864380; 2
864451; 1
864455; 2
864577; 1
864597; 2
864717; 1
864722; 2
864952; 1
864953; 2
864956; 1
864957; 2
865235; 1
865240; 2
865243; 1
865250; 2
865362; 1
865364; 2
865366; 1
865373; 2
865504; 1
865511; 2
865512; 1
865513; 2
865520; 1
865522; 2
865524; 1
865527; 2
865588; 1
865589; 2
865603; 1
865604; 2
866577; 1
866586; 2
866663; 1
866667; 2
866670; 1
866671; 2
866797; 1
866802; 2
866803; 1
866811; 2
867072; 1
867075; 2
867357; 1
867361; 2
867362; 1
867371; 2
867375; 1
867376; 2
867686; 1
867691; 2
867838; 1
867841; 2
870242; 1
870250; 2
870253; 1
870257; 2
870645; 1
870649; 2
870870; 1
870871; 2
870914; 1
870920; 2
871154; 1
871159; 2
871382; 1
871383; 2
871386; 1
871389; 2
871489; 1
871493; 2
871953; 1
871956; 2
872079; 1
872084; 2
872175; 1
872180; 2
873601; 1
873611; 2
873909; 1
873911; 2
873918; 1
873920; 2
874040; 1
874045; 2
874189; 1
874197; 2
874220; 1
874225; 2
874929; 1
874935; 2
875096; 1
875105; 2
875385; 1
875391; 2
875407; 1
875412; 2
876524; 1
876530; 2
876638; 1
876645; 2
876795; 1
876798; 2
876818; 1
876822; 2
876854; 1
876861; 2
876966; 1
876969; 2
877047; 1
877049; 2
877053; 1
877056; 2
877057; 1
877058; 2
877244; 1
877245; 2
877246; 1
877251; 2
877374; 1
877376; 2
877480; 1
877484; 2
877485; 1
877486; 2
877669; 1
877684; 2
877772; 1
877773; 2
877774; 1
877775; 2
877776; 1
877777; 2
877967; 1
877971; 2
877976; 1
877978; 2
878029; 1
878032; 2
878182; 1
878189; 2
878190; 1
878193; 2
878231; 1
878237; 2
878238; 1
878239; 2
878356; 1
878360; 2
878382; 1
878383; 2
878399; 1
878400; 2
878404; 1
878405; 2
878471; 1
878475; 2
878635; 1
878639; 2
878657; 1
878661; 2
878723; 1
878725; 2
878806; 1
878810; 2
879375; 1
879388; 2
879470; 1
879474; 2
880337; 1
880341; 2
880397; 1
880399; 2
880401; 1
880404; 2
880406; 1
880407; 2
880690; 1
880699; 2
881377; 1
881384; 2
881385; 1
881393; 2
881394; 1
881396; 2
881530; 1
881543; 2
881735; 1
881736; 2
881737; 1
881739; 2
881756; 1
881762; 2
881763; 1
881764; 2
882022; 1
882025; 2
882082; 1
882083; 2
882111; 1
882115; 2
882248; 1
882253; 2
882274; 1
882277; 2
882385; 1
882391; 2
882771; 1
882777; 2
882827; 1
882828; 2
882911; 1
882916; 2
882920; 1
882924; 2
882926; 1
882930; 2
882932; 1
882937; 2
883100; 1
883103; 2
883109; 1
883110; 2
883468; 1
883477; 2
883480; 1
883483; 2
883488; 1
883489; 2
883493; 1
883494; 2
883529; 1
883533; 2
883622; 1
883623; 2
883771; 1
883774; 2
884026; 1
884030; 2
884075; 1
884078; 2
884081; 1
884082; 2
884120; 1
884121; 2
884365; 1
884369; 2
884370; 1
884374; 2
884482; 1
884495; 2
884732; 1
884734; 2
884736; 1
884738; 2
884804; 1
884805; 2
884806; 1
884809; 2
884824; 1
884827; 2
885002; 1
885004; 2
885006; 1
885008; 2
885012; 1
885016; 2
885020; 1
885024; 2
885032; 1
885034; 2
885035; 1
885036; 2
885037; 1
885038; 2
885219; 1
885220; 2
