Sequence of timestamped events V0.1
302
Name =302
Tbegin = 0
Tend = 885492
Count = 3699
80; 1
90; 2
228; 1
235; 2
245; 1
250; 2
383; 1
390; 2
688; 1
692; 2
714; 1
718; 2
731; 1
742; 2
816; 1
825; 2
1217; 1
1218; 2
1270; 1
1274; 2
1444; 1
1447; 2
1540; 1
1544; 2
1897; 1
1900; 2
2079; 1
2081; 2
2170; 1
2174; 2
2506; 1
2509; 2
2844; 1
2849; 2
2902; 1
2906; 2
3008; 1
3011; 2
3042; 1
3044; 2
3101; 1
3103; 2
3423; 1
3428; 2
3513; 1
3516; 2
3626; 1
3633; 2
3674; 1
3680; 2
3723; 1
3726; 2
3899; 1
3901; 2
4031; 1
4035; 2
4590; 1
4592; 2
4719; 1
4721; 2
4973; 1
4976; 2
5081; 1
5093; 2
5129; 1
5131; 2
5463; 1
5468; 2
5545; 1
5548; 2
7966; 1
7976; 2
8551; 1
8554; 2
13911; 1
13915; 2
13918; 1
13923; 2
13935; 1
13939; 2
13952; 1
13962; 2
14416; 1
14420; 2
14422; 1
14425; 2
14460; 1
14461; 2
14478; 1
14481; 2
14617; 1
14620; 2
14621; 1
14623; 2
14646; 1
14659; 2
14711; 1
14714; 2
14744; 1
14746; 2
14853; 1
14857; 2
14871; 1
14878; 2
14894; 1
14896; 2
14900; 1
14903; 2
14908; 1
14910; 2
15117; 1
15119; 2
15218; 1
15221; 2
15261; 1
15265; 2
15269; 1
15271; 2
15284; 1
15291; 2
15295; 1
15298; 2
15325; 1
15327; 2
15368; 1
15369; 2
15485; 1
15488; 2
15613; 1
15617; 2
15703; 1
15705; 2
15830; 1
15833; 2
15912; 1
15914; 2
15918; 1
15921; 2
16063; 1
16069; 2
16092; 1
16095; 2
16147; 1
16151; 2
16359; 1
16362; 2
16458; 1
16461; 2
16499; 1
16505; 2
16508; 1
16511; 2
16512; 1
16517; 2
16518; 1
16522; 2
16770; 1
16774; 2
16811; 1
16814; 2
17790; 1
17794; 2
18273; 1
18275; 2
18679; 1
18685; 2
19119; 1
19127; 2
19780; 1
19783; 2
20097; 1
20099; 2
20585; 1
20588; 2
20916; 1
20918; 2
20954; 1
20961; 2
21783; 1
21787; 2
21788; 1
21789; 2
21804; 1
21810; 2
27432; 1
27437; 2
27962; 1
27964; 2
28518; 1
28520; 2
28837; 1
28842; 2
29129; 1
29131; 2
29348; 1
29350; 2
29423; 1
29425; 2
29495; 1
29498; 2
29649; 1
29651; 2
29678; 1
29688; 2
30097; 1
30099; 2
30567; 1
30571; 2
30902; 1
30906; 2
30979; 1
30982; 2
31222; 1
31225; 2
31372; 1
31378; 2
31379; 1
31383; 2
31433; 1
31434; 2
31653; 1
31659; 2
31784; 1
31786; 2
32335; 1
32338; 2
32382; 1
32386; 2
32400; 1
32402; 2
32466; 1
32469; 2
32479; 1
32483; 2
32542; 1
32550; 2
32648; 1
32650; 2
32722; 1
32730; 2
32800; 1
32804; 2
32820; 1
32823; 2
32908; 1
32911; 2
32916; 1
32918; 2
32953; 1
32955; 2
32986; 1
32989; 2
32991; 1
32995; 2
33094; 1
33097; 2
33118; 1
33121; 2
33186; 1
33189; 2
33282; 1
33288; 2
33581; 1
33588; 2
33650; 1
33658; 2
33751; 1
33754; 2
33759; 1
33765; 2
33908; 1
33910; 2
34129; 1
34132; 2
34191; 1
34193; 2
34218; 1
34220; 2
34321; 1
34324; 2
34355; 1
34359; 2
34490; 1
34493; 2
34577; 1
34579; 2
34654; 1
34657; 2
34682; 1
34689; 2
34716; 1
34730; 2
34765; 1
34766; 2
34823; 1
34826; 2
34934; 1
34942; 2
35107; 1
35109; 2
35116; 1
35125; 2
35137; 1
35140; 2
35156; 1
35158; 2
35576; 1
35579; 2
35622; 1
35625; 2
35662; 1
35665; 2
35669; 1
35672; 2
35963; 1
35966; 2
36081; 1
36083; 2
36131; 1
36137; 2
36224; 1
36230; 2
36279; 1
36283; 2
36544; 1
36547; 2
36633; 1
36635; 2
36932; 1
36936; 2
37051; 1
37054; 2
37142; 1
37144; 2
37203; 1
37205; 2
37206; 1
37209; 2
37267; 1
37271; 2
37276; 1
37278; 2
38155; 1
38159; 2
38399; 1
38400; 2
38402; 1
38413; 2
39297; 1
39305; 2
39481; 1
39488; 2
39595; 1
39598; 2
39746; 1
39747; 2
39748; 1
39754; 2
39758; 1
39761; 2
39802; 1
39803; 2
39833; 1
39836; 2
40061; 1
40065; 2
47079; 1
47080; 2
47197; 1
47198; 2
48920; 1
48921; 2
49466; 1
49467; 2
49481; 1
49482; 2
53802; 1
53807; 2
53838; 1
53844; 2
54372; 1
54377; 2
54395; 1
54400; 2
54473; 1
54475; 2
54476; 1
54484; 2
54918; 1
54922; 2
55552; 1
55558; 2
55612; 1
55614; 2
55686; 1
55697; 2
55927; 1
55928; 2
55970; 1
55978; 2
55991; 1
56003; 2
56220; 1
56223; 2
56566; 1
56569; 2
57002; 1
57005; 2
57043; 1
57045; 2
57064; 1
57067; 2
57088; 1
57094; 2
57262; 1
57269; 2
57335; 1
57339; 2
57340; 1
57346; 2
57399; 1
57403; 2
57404; 1
57408; 2
57458; 1
57463; 2
57465; 1
57467; 2
57468; 1
57471; 2
57603; 1
57606; 2
57617; 1
57622; 2
57812; 1
57820; 2
57843; 1
57848; 2
57851; 1
57855; 2
57885; 1
57888; 2
57898; 1
57905; 2
58526; 1
58532; 2
59193; 1
59201; 2
59266; 1
59274; 2
59517; 1
59522; 2
59569; 1
59572; 2
60112; 1
60117; 2
60510; 1
60516; 2
63307; 1
63310; 2
63727; 1
63733; 2
65554; 1
65557; 2
65652; 1
65660; 2
65742; 1
65745; 2
65838; 1
65846; 2
66072; 1
66076; 2
66259; 1
66266; 2
67628; 1
67631; 2
67935; 1
67940; 2
67958; 1
67961; 2
68064; 1
68066; 2
68117; 1
68119; 2
68130; 1
68135; 2
68165; 1
68167; 2
68220; 1
68224; 2
68241; 1
68242; 2
68258; 1
68259; 2
68309; 1
68313; 2
68339; 1
68340; 2
68413; 1
68416; 2
68463; 1
68466; 2
68541; 1
68546; 2
68548; 1
68551; 2
68569; 1
68571; 2
68606; 1
68608; 2
68694; 1
68697; 2
68907; 1
68910; 2
68983; 1
68987; 2
68990; 1
68993; 2
69001; 1
69004; 2
69219; 1
69222; 2
69290; 1
69292; 2
69394; 1
69398; 2
69460; 1
69463; 2
69501; 1
69504; 2
69960; 1
69963; 2
70032; 1
70035; 2
70306; 1
70309; 2
70566; 1
70572; 2
70594; 1
70597; 2
70598; 1
70601; 2
70632; 1
70636; 2
70705; 1
70708; 2
71155; 1
71157; 2
71158; 1
71159; 2
71171; 1
71173; 2
71190; 1
71192; 2
71193; 1
71194; 2
71195; 1
71198; 2
71212; 1
71222; 2
71344; 1
71346; 2
71933; 1
71935; 2
73161; 1
73164; 2
73407; 1
73410; 2
73513; 1
73517; 2
73523; 1
73532; 2
73569; 1
73571; 2
74896; 1
74901; 2
74927; 1
74934; 2
75466; 1
75470; 2
76852; 1
76857; 2
76909; 1
76910; 2
77959; 1
77961; 2
79806; 1
79810; 2
81426; 1
81434; 2
83021; 1
83023; 2
83711; 1
83713; 2
84125; 1
84127; 2
84602; 1
84604; 2
84768; 1
84770; 2
84851; 1
84854; 2
85398; 1
85400; 2
85442; 1
85449; 2
85484; 1
85487; 2
85698; 1
85701; 2
85981; 1
85985; 2
86037; 1
86040; 2
86046; 1
86049; 2
86117; 1
86123; 2
86144; 1
86151; 2
86162; 1
86165; 2
86406; 1
86409; 2
86449; 1
86450; 2
86451; 1
86454; 2
86650; 1
86653; 2
86687; 1
86691; 2
86705; 1
86708; 2
86749; 1
86751; 2
86784; 1
86787; 2
86861; 1
86865; 2
86920; 1
86927; 2
86930; 1
86934; 2
87104; 1
87115; 2
87157; 1
87160; 2
87213; 1
87217; 2
87236; 1
87239; 2
87334; 1
87339; 2
87378; 1
87380; 2
87391; 1
87393; 2
87451; 1
87454; 2
87594; 1
87597; 2
87813; 1
87815; 2
87819; 1
87822; 2
88011; 1
88014; 2
88053; 1
88056; 2
88060; 1
88062; 2
88234; 1
88237; 2
88301; 1
88303; 2
88615; 1
88617; 2
88618; 1
88620; 2
88748; 1
88751; 2
88763; 1
88766; 2
88767; 1
88772; 2
88921; 1
88923; 2
88963; 1
88965; 2
88980; 1
88983; 2
89064; 1
89065; 2
89069; 1
89071; 2
89580; 1
89587; 2
89633; 1
89636; 2
90250; 1
90252; 2
90366; 1
90368; 2
90554; 1
90557; 2
91148; 1
91151; 2
91154; 1
91157; 2
91289; 1
91292; 2
91305; 1
91308; 2
91314; 1
91316; 2
91317; 1
91318; 2
91320; 1
91322; 2
91328; 1
91334; 2
91414; 1
91415; 2
91430; 1
91431; 2
91862; 1
91867; 2
92715; 1
92720; 2
92874; 1
92877; 2
93328; 1
93329; 2
93569; 1
93571; 2
93690; 1
93696; 2
94095; 1
94098; 2
94121; 1
94130; 2
94673; 1
94674; 2
99046; 1
99047; 2
103570; 1
103571; 2
108190; 1
108196; 2
108362; 1
108365; 2
108500; 1
108501; 2
109390; 1
109393; 2
109397; 1
109398; 2
109417; 1
109421; 2
109485; 1
109488; 2
109565; 1
109570; 2
109578; 1
109579; 2
109650; 1
109654; 2
109728; 1
109731; 2
109758; 1
109767; 2
109785; 1
109787; 2
109815; 1
109818; 2
110096; 1
110097; 2
110123; 1
110125; 2
110126; 1
110127; 2
110149; 1
110150; 2
110465; 1
110478; 2
110482; 1
110486; 2
110488; 1
110490; 2
110496; 1
110500; 2
110630; 1
110634; 2
110931; 1
110934; 2
111030; 1
111034; 2
111060; 1
111064; 2
111176; 1
111182; 2
111183; 1
111194; 2
111217; 1
111221; 2
111235; 1
111237; 2
111263; 1
111267; 2
111324; 1
111327; 2
111333; 1
111340; 2
111413; 1
111417; 2
111710; 1
111718; 2
111719; 1
111725; 2
111760; 1
111761; 2
112283; 1
112290; 2
112470; 1
112472; 2
114085; 1
114088; 2
114330; 1
114336; 2
115519; 1
115524; 2
115525; 1
115527; 2
115595; 1
115599; 2
115997; 1
116000; 2
116001; 1
116005; 2
116707; 1
116715; 2
116904; 1
116911; 2
117434; 1
117438; 2
117701; 1
117702; 2
117704; 1
117708; 2
117768; 1
117769; 2
117781; 1
117785; 2
118529; 1
118530; 2
118872; 1
118875; 2
118913; 1
118916; 2
119592; 1
119595; 2
120308; 1
120312; 2
120379; 1
120381; 2
121540; 1
121542; 2
121777; 1
121780; 2
121930; 1
121932; 2
121961; 1
121964; 2
122128; 1
122131; 2
122177; 1
122180; 2
122194; 1
122198; 2
122250; 1
122252; 2
122291; 1
122300; 2
122423; 1
122425; 2
122457; 1
122460; 2
122564; 1
122566; 2
122654; 1
122657; 2
122748; 1
122750; 2
122867; 1
122869; 2
122871; 1
122874; 2
122893; 1
122895; 2
123012; 1
123015; 2
123130; 1
123133; 2
123204; 1
123207; 2
123304; 1
123308; 2
123628; 1
123636; 2
123661; 1
123663; 2
123759; 1
123762; 2
123865; 1
123869; 2
123895; 1
123896; 2
123914; 1
123917; 2
123958; 1
123961; 2
123982; 1
123986; 2
123994; 1
123995; 2
124296; 1
124302; 2
124303; 1
124307; 2
125157; 1
125166; 2
125350; 1
125353; 2
125378; 1
125382; 2
125905; 1
125916; 2
125990; 1
125991; 2
126133; 1
126135; 2
126846; 1
126848; 2
127055; 1
127063; 2
129133; 1
129135; 2
129316; 1
129317; 2
129612; 1
129613; 2
130388; 1
130394; 2
131683; 1
131685; 2
131718; 1
131722; 2
132112; 1
132117; 2
132120; 1
132124; 2
132142; 1
132144; 2
132188; 1
132192; 2
135448; 1
135449; 2
135457; 1
135462; 2
135470; 1
135474; 2
136540; 1
136542; 2
137000; 1
137006; 2
137058; 1
137061; 2
137238; 1
137241; 2
137693; 1
137695; 2
138375; 1
138377; 2
138443; 1
138445; 2
138511; 1
138513; 2
139202; 1
139208; 2
139225; 1
139227; 2
139438; 1
139440; 2
139555; 1
139558; 2
140024; 1
140026; 2
140027; 1
140031; 2
140094; 1
140096; 2
140098; 1
140101; 2
140146; 1
140150; 2
140182; 1
140184; 2
140283; 1
140286; 2
140395; 1
140398; 2
140432; 1
140434; 2
140435; 1
140437; 2
140449; 1
140451; 2
140515; 1
140518; 2
140544; 1
140549; 2
140738; 1
140740; 2
140777; 1
140779; 2
140797; 1
140800; 2
140841; 1
140842; 2
140859; 1
140861; 2
141139; 1
141145; 2
141256; 1
141258; 2
141261; 1
141264; 2
141277; 1
141281; 2
141515; 1
141517; 2
141546; 1
141548; 2
141631; 1
141634; 2
141750; 1
141754; 2
141755; 1
141758; 2
141825; 1
141827; 2
141887; 1
141889; 2
141961; 1
141964; 2
141998; 1
142000; 2
142152; 1
142154; 2
142166; 1
142173; 2
142680; 1
142682; 2
142686; 1
142689; 2
142708; 1
142711; 2
142754; 1
142757; 2
142813; 1
142819; 2
143005; 1
143013; 2
143016; 1
143023; 2
143095; 1
143097; 2
143142; 1
143144; 2
143154; 1
143156; 2
143209; 1
143210; 2
143288; 1
143290; 2
143474; 1
143476; 2
143519; 1
143522; 2
143536; 1
143538; 2
143540; 1
143542; 2
143590; 1
143592; 2
143608; 1
143610; 2
143658; 1
143664; 2
143783; 1
143786; 2
143817; 1
143823; 2
143859; 1
143862; 2
143941; 1
143943; 2
144134; 1
144138; 2
144417; 1
144419; 2
144558; 1
144560; 2
144676; 1
144680; 2
144756; 1
144757; 2
144850; 1
144852; 2
144941; 1
144943; 2
145097; 1
145099; 2
145355; 1
145364; 2
145534; 1
145535; 2
145762; 1
145765; 2
145821; 1
145823; 2
146293; 1
146300; 2
146352; 1
146356; 2
146424; 1
146428; 2
147014; 1
147017; 2
147540; 1
147549; 2
147612; 1
147614; 2
148323; 1
148332; 2
151275; 1
151279; 2
151281; 1
151294; 2
151568; 1
151573; 2
151672; 1
151676; 2
151819; 1
151823; 2
152571; 1
152574; 2
153116; 1
153117; 2
153534; 1
153535; 2
155303; 1
155304; 2
157397; 1
157398; 2
161539; 1
161545; 2
161562; 1
161563; 2
161585; 1
161587; 2
161683; 1
161685; 2
161731; 1
161733; 2
161743; 1
161746; 2
161785; 1
161788; 2
162108; 1
162112; 2
162113; 1
162114; 2
162136; 1
162139; 2
162279; 1
162282; 2
162315; 1
162318; 2
162507; 1
162512; 2
162584; 1
162587; 2
162919; 1
162922; 2
163036; 1
163039; 2
163462; 1
163465; 2
163519; 1
163526; 2
163540; 1
163541; 2
163586; 1
163589; 2
163640; 1
163643; 2
163691; 1
163696; 2
164125; 1
164128; 2
164501; 1
164503; 2
164789; 1
164791; 2
165098; 1
165105; 2
165134; 1
165138; 2
165141; 1
165142; 2
165211; 1
165214; 2
165911; 1
165925; 2
166062; 1
166066; 2
166488; 1
166492; 2
166506; 1
166509; 2
166511; 1
166514; 2
166515; 1
166516; 2
166519; 1
166520; 2
166521; 1
166525; 2
166609; 1
166614; 2
166658; 1
166661; 2
167571; 1
167575; 2
168120; 1
168126; 2
168140; 1
168147; 2
168995; 1
169002; 2
169003; 1
169004; 2
169005; 1
169008; 2
169009; 1
169011; 2
169012; 1
169017; 2
170654; 1
170663; 2
170865; 1
170869; 2
170913; 1
170916; 2
171711; 1
171716; 2
171953; 1
171956; 2
172075; 1
172079; 2
172296; 1
172299; 2
172312; 1
172314; 2
173026; 1
173029; 2
173291; 1
173294; 2
173535; 1
173537; 2
174781; 1
174783; 2
174870; 1
174873; 2
176014; 1
176025; 2
176032; 1
176035; 2
176174; 1
176176; 2
176283; 1
176285; 2
176354; 1
176357; 2
176360; 1
176363; 2
176557; 1
176559; 2
176568; 1
176570; 2
176592; 1
176595; 2
176872; 1
176876; 2
176905; 1
176908; 2
176972; 1
176975; 2
177067; 1
177069; 2
177076; 1
177079; 2
177110; 1
177114; 2
177115; 1
177116; 2
177169; 1
177173; 2
177186; 1
177188; 2
177190; 1
177191; 2
177194; 1
177197; 2
177198; 1
177202; 2
177249; 1
177251; 2
177267; 1
177268; 2
177368; 1
177370; 2
177397; 1
177400; 2
177401; 1
177404; 2
177629; 1
177632; 2
177633; 1
177639; 2
177975; 1
177977; 2
177978; 1
177981; 2
177990; 1
177993; 2
178082; 1
178085; 2
178143; 1
178146; 2
178751; 1
178755; 2
178811; 1
178814; 2
179581; 1
179584; 2
179907; 1
179910; 2
180043; 1
180046; 2
180102; 1
180104; 2
180172; 1
180176; 2
180191; 1
180194; 2
180344; 1
180351; 2
180542; 1
180545; 2
180762; 1
180768; 2
180791; 1
180796; 2
180844; 1
180847; 2
180849; 1
180855; 2
180922; 1
180923; 2
180932; 1
180934; 2
181150; 1
181153; 2
181171; 1
181175; 2
181927; 1
181928; 2
182106; 1
182109; 2
182139; 1
182147; 2
183523; 1
183526; 2
183661; 1
183665; 2
184687; 1
184694; 2
184696; 1
184703; 2
184740; 1
184744; 2
184750; 1
184755; 2
185055; 1
185058; 2
185652; 1
185658; 2
185676; 1
185682; 2
187256; 1
187259; 2
190562; 1
190565; 2
190939; 1
190941; 2
191681; 1
191684; 2
191988; 1
191991; 2
191996; 1
191998; 2
192203; 1
192205; 2
192206; 1
192208; 2
193300; 1
193306; 2
193911; 1
193915; 2
194013; 1
194020; 2
194029; 1
194032; 2
194373; 1
194377; 2
194435; 1
194438; 2
194471; 1
194474; 2
194485; 1
194488; 2
194572; 1
194575; 2
194592; 1
194595; 2
194642; 1
194645; 2
194710; 1
194713; 2
194729; 1
194731; 2
194734; 1
194736; 2
194738; 1
194741; 2
194749; 1
194754; 2
194765; 1
194767; 2
194829; 1
194832; 2
194855; 1
194858; 2
194911; 1
194913; 2
195028; 1
195031; 2
195085; 1
195088; 2
195116; 1
195127; 2
195137; 1
195141; 2
195163; 1
195165; 2
195166; 1
195173; 2
195185; 1
195186; 2
195187; 1
195190; 2
195193; 1
195196; 2
195488; 1
195490; 2
195644; 1
195653; 2
195662; 1
195665; 2
195684; 1
195687; 2
195767; 1
195770; 2
195838; 1
195840; 2
195845; 1
195849; 2
195932; 1
195933; 2
195941; 1
195944; 2
195963; 1
195965; 2
195966; 1
195977; 2
196047; 1
196049; 2
196180; 1
196186; 2
196303; 1
196306; 2
196340; 1
196345; 2
196363; 1
196364; 2
196457; 1
196459; 2
196466; 1
196468; 2
196599; 1
196603; 2
196669; 1
196672; 2
196798; 1
196801; 2
196943; 1
196946; 2
197114; 1
197115; 2
197176; 1
197179; 2
197304; 1
197311; 2
197359; 1
197361; 2
197388; 1
197392; 2
197511; 1
197514; 2
197541; 1
197542; 2
197574; 1
197576; 2
197579; 1
197584; 2
197710; 1
197713; 2
197780; 1
197782; 2
197867; 1
197872; 2
198072; 1
198074; 2
198093; 1
198095; 2
198300; 1
198302; 2
198359; 1
198369; 2
198746; 1
198750; 2
198792; 1
198801; 2
198802; 1
198810; 2
198826; 1
198829; 2
199177; 1
199180; 2
199298; 1
199302; 2
199406; 1
199407; 2
199548; 1
199551; 2
199564; 1
199566; 2
200563; 1
200565; 2
200744; 1
200747; 2
201000; 1
201002; 2
201127; 1
201130; 2
201150; 1
201153; 2
201585; 1
201588; 2
202253; 1
202259; 2
216053; 1
216056; 2
216130; 1
216133; 2
216193; 1
216197; 2
216260; 1
216267; 2
216783; 1
216786; 2
216881; 1
216885; 2
217108; 1
217111; 2
217133; 1
217137; 2
217227; 1
217232; 2
217319; 1
217320; 2
217321; 1
217322; 2
217346; 1
217348; 2
217367; 1
217368; 2
217369; 1
217374; 2
217396; 1
217399; 2
217479; 1
217482; 2
217783; 1
217788; 2
217789; 1
217794; 2
217867; 1
217875; 2
217913; 1
217914; 2
218038; 1
218049; 2
218050; 1
218054; 2
218058; 1
218059; 2
218060; 1
218064; 2
218187; 1
218190; 2
218254; 1
218257; 2
218271; 1
218273; 2
218279; 1
218283; 2
218300; 1
218302; 2
218322; 1
218324; 2
218337; 1
218340; 2
218355; 1
218357; 2
218418; 1
218421; 2
218640; 1
218643; 2
218744; 1
218746; 2
218914; 1
218919; 2
220575; 1
220576; 2
222187; 1
222191; 2
223387; 1
223390; 2
224576; 1
224579; 2
224787; 1
224790; 2
224796; 1
224802; 2
224803; 1
224804; 2
226101; 1
226102; 2
226259; 1
226260; 2
226275; 1
226276; 2
226337; 1
226339; 2
226431; 1
226432; 2
226434; 1
226437; 2
226488; 1
226493; 2
226506; 1
226507; 2
226534; 1
226535; 2
226536; 1
226537; 2
226901; 1
226902; 2
227181; 1
227185; 2
227327; 1
227331; 2
228217; 1
228218; 2
228221; 1
228224; 2
228580; 1
228583; 2
228847; 1
228848; 2
229084; 1
229085; 2
229133; 1
229134; 2
229803; 1
229806; 2
229834; 1
229837; 2
229915; 1
229916; 2
229917; 1
229922; 2
229941; 1
229944; 2
229946; 1
229948; 2
230015; 1
230017; 2
230023; 1
230026; 2
230027; 1
230031; 2
230085; 1
230087; 2
230126; 1
230129; 2
230476; 1
230478; 2
230575; 1
230578; 2
230609; 1
230611; 2
230612; 1
230616; 2
230680; 1
230682; 2
230728; 1
230731; 2
230748; 1
230755; 2
230760; 1
230762; 2
230790; 1
230793; 2
230799; 1
230801; 2
230889; 1
230891; 2
231305; 1
231309; 2
231335; 1
231337; 2
231379; 1
231381; 2
231531; 1
231537; 2
231871; 1
231873; 2
231907; 1
231909; 2
231951; 1
231955; 2
232131; 1
232134; 2
232303; 1
232305; 2
232604; 1
232615; 2
232825; 1
232828; 2
233198; 1
233202; 2
233222; 1
233228; 2
233362; 1
233369; 2
233736; 1
233738; 2
233847; 1
233851; 2
233859; 1
233863; 2
234444; 1
234446; 2
235395; 1
235398; 2
235499; 1
235500; 2
235939; 1
235943; 2
236192; 1
236194; 2
237643; 1
237644; 2
239844; 1
239849; 2
239890; 1
239896; 2
239898; 1
239902; 2
240714; 1
240717; 2
240763; 1
240764; 2
240765; 1
240767; 2
240771; 1
240774; 2
241116; 1
241119; 2
241121; 1
241123; 2
241151; 1
241154; 2
242596; 1
242599; 2
242902; 1
242907; 2
243001; 1
243008; 2
243017; 1
243019; 2
243771; 1
243772; 2
244150; 1
244153; 2
244203; 1
244205; 2
244228; 1
244231; 2
244268; 1
244271; 2
244284; 1
244291; 2
244427; 1
244429; 2
244655; 1
244657; 2
244701; 1
244706; 2
244860; 1
244863; 2
245170; 1
245172; 2
245436; 1
245439; 2
245489; 1
245491; 2
245614; 1
245616; 2
245872; 1
245875; 2
245880; 1
245882; 2
246014; 1
246016; 2
246047; 1
246049; 2
246292; 1
246295; 2
246300; 1
246301; 2
246398; 1
246401; 2
246502; 1
246504; 2
246521; 1
246524; 2
246752; 1
246756; 2
247005; 1
247008; 2
247057; 1
247060; 2
247283; 1
247286; 2
247864; 1
247871; 2
247898; 1
247900; 2
247922; 1
247924; 2
248088; 1
248090; 2
248494; 1
248497; 2
248839; 1
248841; 2
248867; 1
248870; 2
248974; 1
248976; 2
249091; 1
249093; 2
249102; 1
249103; 2
249120; 1
249122; 2
249343; 1
249358; 2
249437; 1
249443; 2
249609; 1
249611; 2
249743; 1
249753; 2
249759; 1
249761; 2
249777; 1
249779; 2
249825; 1
249829; 2
250054; 1
250056; 2
250217; 1
250219; 2
250389; 1
250392; 2
250650; 1
250653; 2
250660; 1
250663; 2
250950; 1
250952; 2
251091; 1
251095; 2
251170; 1
251173; 2
251191; 1
251193; 2
251374; 1
251375; 2
252778; 1
252780; 2
253230; 1
253234; 2
253303; 1
253306; 2
253702; 1
253704; 2
253705; 1
253714; 2
254050; 1
254052; 2
255436; 1
255441; 2
259517; 1
259519; 2
263027; 1
263028; 2
263752; 1
263753; 2
269609; 1
269611; 2
269830; 1
269833; 2
270046; 1
270047; 2
270048; 1
270051; 2
270164; 1
270167; 2
270412; 1
270415; 2
270589; 1
270598; 2
270753; 1
270762; 2
271171; 1
271174; 2
271244; 1
271249; 2
271299; 1
271302; 2
271411; 1
271415; 2
271417; 1
271421; 2
271553; 1
271557; 2
271632; 1
271639; 2
272135; 1
272142; 2
272186; 1
272189; 2
272360; 1
272366; 2
272423; 1
272427; 2
272595; 1
272601; 2
272687; 1
272694; 2
272784; 1
272801; 2
272932; 1
272936; 2
273210; 1
273214; 2
273227; 1
273233; 2
273330; 1
273333; 2
274352; 1
274355; 2
274553; 1
274559; 2
274665; 1
274669; 2
274673; 1
274676; 2
274677; 1
274680; 2
274688; 1
274691; 2
274772; 1
274775; 2
274821; 1
274828; 2
275032; 1
275033; 2
275095; 1
275100; 2
275106; 1
275111; 2
275112; 1
275115; 2
275359; 1
275361; 2
276209; 1
276218; 2
276219; 1
276221; 2
276223; 1
276225; 2
276241; 1
276244; 2
276283; 1
276284; 2
276381; 1
276386; 2
278647; 1
278654; 2
281799; 1
281804; 2
283806; 1
283809; 2
283828; 1
283830; 2
283831; 1
283834; 2
283854; 1
283856; 2
283878; 1
283881; 2
283890; 1
283894; 2
283976; 1
283990; 2
284092; 1
284096; 2
284150; 1
284156; 2
284185; 1
284187; 2
284249; 1
284252; 2
284298; 1
284307; 2
284344; 1
284350; 2
284352; 1
284354; 2
284375; 1
284377; 2
284475; 1
284477; 2
284499; 1
284501; 2
284590; 1
284592; 2
284623; 1
284626; 2
284707; 1
284710; 2
284802; 1
284805; 2
284889; 1
284891; 2
284902; 1
284904; 2
284915; 1
284917; 2
284921; 1
284923; 2
284953; 1
284960; 2
285288; 1
285298; 2
285318; 1
285321; 2
285345; 1
285348; 2
285511; 1
285513; 2
285664; 1
285667; 2
285730; 1
285733; 2
285913; 1
285916; 2
286016; 1
286024; 2
286076; 1
286079; 2
286391; 1
286392; 2
286414; 1
286422; 2
286424; 1
286425; 2
286570; 1
286579; 2
286606; 1
286607; 2
286629; 1
286631; 2
286697; 1
286700; 2
287486; 1
287489; 2
287518; 1
287520; 2
287969; 1
287973; 2
288043; 1
288051; 2
288052; 1
288053; 2
288451; 1
288463; 2
288563; 1
288567; 2
289146; 1
289153; 2
289453; 1
289457; 2
289535; 1
289540; 2
289550; 1
289553; 2
290122; 1
290125; 2
290404; 1
290406; 2
290408; 1
290409; 2
290411; 1
290412; 2
290497; 1
290502; 2
290633; 1
290637; 2
290684; 1
290687; 2
291090; 1
291093; 2
291294; 1
291298; 2
291299; 1
291303; 2
291310; 1
291314; 2
291357; 1
291360; 2
291445; 1
291449; 2
292228; 1
292233; 2
292273; 1
292281; 2
293093; 1
293095; 2
294004; 1
294008; 2
294491; 1
294493; 2
294923; 1
294927; 2
295192; 1
295193; 2
295197; 1
295205; 2
295206; 1
295211; 2
295954; 1
295955; 2
298395; 1
298397; 2
298604; 1
298608; 2
298609; 1
298611; 2
298688; 1
298691; 2
298713; 1
298714; 2
298718; 1
298720; 2
299213; 1
299214; 2
299267; 1
299270; 2
299425; 1
299429; 2
299431; 1
299436; 2
299440; 1
299441; 2
299481; 1
299483; 2
299643; 1
299644; 2
299873; 1
299875; 2
299946; 1
299948; 2
300163; 1
300165; 2
301239; 1
301240; 2
301462; 1
301464; 2
301537; 1
301538; 2
301541; 1
301543; 2
301555; 1
301556; 2
301643; 1
301645; 2
301648; 1
301650; 2
301657; 1
301659; 2
301691; 1
301692; 2
301764; 1
301767; 2
301825; 1
301827; 2
301835; 1
301845; 2
301944; 1
301947; 2
302116; 1
302118; 2
302120; 1
302123; 2
302379; 1
302382; 2
302482; 1
302485; 2
302499; 1
302500; 2
302650; 1
302652; 2
302676; 1
302680; 2
302801; 1
302803; 2
302879; 1
302882; 2
302920; 1
302922; 2
303051; 1
303052; 2
303066; 1
303069; 2
303073; 1
303076; 2
303156; 1
303158; 2
303332; 1
303335; 2
303366; 1
303368; 2
303424; 1
303427; 2
303443; 1
303446; 2
303459; 1
303462; 2
303518; 1
303520; 2
303525; 1
303527; 2
303567; 1
303569; 2
303584; 1
303586; 2
303613; 1
303615; 2
303645; 1
303648; 2
303663; 1
303666; 2
303667; 1
303669; 2
303767; 1
303769; 2
303799; 1
303802; 2
303851; 1
303856; 2
303949; 1
303953; 2
304005; 1
304007; 2
304059; 1
304066; 2
304075; 1
304076; 2
304096; 1
304097; 2
304108; 1
304110; 2
304111; 1
304112; 2
304114; 1
304116; 2
304165; 1
304168; 2
304225; 1
304229; 2
304374; 1
304377; 2
304427; 1
304431; 2
304485; 1
304488; 2
305282; 1
305285; 2
305288; 1
305291; 2
305362; 1
305370; 2
305420; 1
305431; 2
305572; 1
305573; 2
305627; 1
305629; 2
305807; 1
305809; 2
306117; 1
306119; 2
306367; 1
306370; 2
306579; 1
306586; 2
306639; 1
306642; 2
306852; 1
306854; 2
306859; 1
306862; 2
306901; 1
306902; 2
306914; 1
306916; 2
306942; 1
306944; 2
306945; 1
306947; 2
307008; 1
307011; 2
307108; 1
307110; 2
307150; 1
307163; 2
307426; 1
307430; 2
307472; 1
307473; 2
307474; 1
307475; 2
308047; 1
308050; 2
308666; 1
308669; 2
308798; 1
308800; 2
309463; 1
309467; 2
309498; 1
309502; 2
309567; 1
309571; 2
310159; 1
310163; 2
310219; 1
310224; 2
310533; 1
310534; 2
310765; 1
310769; 2
313076; 1
313077; 2
313078; 1
313090; 2
313092; 1
313094; 2
313158; 1
313160; 2
315161; 1
315162; 2
316903; 1
316904; 2
317591; 1
317592; 2
318731; 1
318732; 2
323535; 1
323540; 2
324214; 1
324218; 2
324481; 1
324483; 2
324544; 1
324545; 2
324736; 1
324739; 2
324796; 1
324799; 2
324818; 1
324820; 2
325137; 1
325140; 2
325218; 1
325225; 2
325266; 1
325276; 2
325528; 1
325530; 2
325539; 1
325542; 2
325606; 1
325611; 2
325625; 1
325629; 2
325877; 1
325879; 2
325910; 1
325914; 2
325963; 1
325974; 2
325983; 1
325987; 2
326021; 1
326025; 2
326484; 1
326488; 2
326541; 1
326547; 2
326608; 1
326615; 2
326617; 1
326618; 2
326690; 1
326697; 2
326785; 1
326788; 2
327246; 1
327254; 2
327270; 1
327273; 2
327276; 1
327281; 2
328761; 1
328764; 2
328957; 1
328959; 2
328960; 1
328973; 2
329015; 1
329017; 2
329080; 1
329083; 2
329084; 1
329090; 2
329134; 1
329135; 2
329399; 1
329409; 2
329483; 1
329487; 2
329489; 1
329493; 2
329494; 1
329496; 2
329561; 1
329568; 2
329570; 1
329573; 2
329577; 1
329581; 2
330754; 1
330761; 2
330849; 1
330857; 2
332720; 1
332721; 2
334307; 1
334310; 2
334802; 1
334804; 2
334893; 1
334895; 2
335116; 1
335118; 2
335598; 1
335601; 2
335602; 1
335605; 2
335609; 1
335614; 2
335939; 1
335940; 2
335952; 1
335954; 2
335955; 1
335963; 2
335965; 1
335970; 2
335971; 1
335973; 2
335974; 1
335975; 2
336212; 1
336215; 2
336224; 1
336227; 2
336250; 1
336253; 2
337120; 1
337124; 2
337141; 1
337145; 2
337210; 1
337213; 2
337533; 1
337535; 2
337623; 1
337628; 2
337629; 1
337630; 2
337632; 1
337633; 2
337649; 1
337653; 2
337654; 1
337657; 2
337695; 1
337698; 2
337723; 1
337725; 2
337761; 1
337764; 2
337874; 1
337877; 2
337890; 1
337893; 2
337954; 1
337958; 2
338280; 1
338283; 2
338323; 1
338325; 2
338331; 1
338334; 2
338439; 1
338441; 2
338522; 1
338526; 2
338705; 1
338708; 2
338727; 1
338730; 2
338832; 1
338838; 2
338839; 1
338843; 2
339065; 1
339068; 2
339194; 1
339203; 2
339239; 1
339242; 2
339779; 1
339782; 2
339850; 1
339853; 2
339881; 1
339885; 2
339910; 1
339912; 2
340278; 1
340281; 2
340387; 1
340398; 2
340429; 1
340434; 2
340630; 1
340633; 2
341661; 1
341671; 2
341672; 1
341681; 2
341848; 1
341850; 2
341893; 1
341895; 2
341900; 1
341906; 2
341910; 1
341912; 2
341916; 1
341917; 2
342006; 1
342014; 2
342049; 1
342051; 2
342661; 1
342673; 2
343064; 1
343071; 2
343466; 1
343468; 2
343980; 1
343983; 2
344405; 1
344410; 2
344430; 1
344435; 2
344624; 1
344626; 2
344948; 1
344949; 2
345297; 1
345308; 2
345309; 1
345310; 2
345542; 1
345551; 2
345575; 1
345577; 2
348697; 1
348701; 2
348778; 1
348781; 2
351656; 1
351659; 2
352495; 1
352498; 2
352765; 1
352767; 2
353630; 1
353633; 2
353791; 1
353792; 2
353796; 1
353804; 2
354529; 1
354531; 2
354977; 1
354979; 2
354995; 1
354997; 2
355065; 1
355068; 2
355155; 1
355162; 2
355515; 1
355517; 2
355621; 1
355623; 2
355646; 1
355649; 2
355777; 1
355779; 2
355822; 1
355825; 2
355874; 1
355876; 2
355877; 1
355878; 2
355908; 1
355913; 2
355933; 1
355935; 2
355941; 1
355945; 2
355975; 1
355977; 2
356078; 1
356082; 2
356315; 1
356317; 2
356324; 1
356328; 2
356402; 1
356410; 2
356453; 1
356456; 2
356576; 1
356580; 2
356592; 1
356595; 2
356762; 1
356770; 2
356822; 1
356824; 2
356855; 1
356859; 2
356925; 1
356927; 2
356941; 1
356943; 2
357057; 1
357060; 2
357115; 1
357119; 2
357486; 1
357488; 2
357497; 1
357500; 2
357619; 1
357623; 2
357657; 1
357660; 2
357894; 1
357897; 2
357990; 1
357993; 2
358188; 1
358189; 2
358246; 1
358249; 2
358299; 1
358302; 2
358311; 1
358313; 2
358348; 1
358350; 2
358351; 1
358356; 2
358380; 1
358382; 2
358402; 1
358404; 2
358443; 1
358445; 2
358472; 1
358474; 2
358539; 1
358542; 2
358640; 1
358647; 2
358674; 1
358676; 2
358898; 1
358900; 2
358934; 1
358940; 2
358962; 1
358967; 2
358992; 1
358995; 2
359064; 1
359067; 2
359271; 1
359275; 2
359350; 1
359357; 2
359403; 1
359408; 2
359433; 1
359436; 2
359510; 1
359520; 2
359675; 1
359677; 2
359893; 1
359897; 2
359920; 1
359923; 2
359990; 1
359992; 2
360102; 1
360104; 2
360179; 1
360182; 2
360230; 1
360233; 2
360272; 1
360274; 2
360295; 1
360298; 2
360712; 1
360718; 2
360745; 1
360748; 2
360750; 1
360757; 2
360799; 1
360801; 2
361003; 1
361006; 2
361437; 1
361441; 2
361480; 1
361482; 2
361543; 1
361547; 2
361753; 1
361759; 2
361794; 1
361797; 2
361861; 1
361862; 2
361875; 1
361880; 2
361926; 1
361930; 2
362123; 1
362125; 2
362503; 1
362505; 2
362557; 1
362560; 2
363154; 1
363157; 2
363187; 1
363189; 2
363575; 1
363578; 2
363598; 1
363604; 2
364197; 1
364200; 2
364369; 1
364376; 2
364388; 1
364389; 2
364724; 1
364728; 2
365211; 1
365216; 2
365403; 1
365406; 2
366904; 1
366909; 2
366910; 1
366911; 2
366966; 1
366977; 2
369327; 1
369328; 2
370536; 1
370537; 2
377438; 1
377450; 2
377457; 1
377464; 2
377583; 1
377588; 2
377640; 1
377642; 2
377760; 1
377761; 2
377788; 1
377791; 2
378184; 1
378188; 2
378522; 1
378527; 2
378658; 1
378662; 2
378715; 1
378720; 2
378797; 1
378800; 2
378909; 1
378912; 2
378992; 1
378996; 2
379014; 1
379015; 2
379017; 1
379019; 2
379094; 1
379097; 2
379188; 1
379191; 2
379310; 1
379312; 2
379608; 1
379612; 2
379818; 1
379822; 2
379823; 1
379824; 2
379882; 1
379887; 2
379921; 1
379925; 2
379991; 1
379996; 2
379998; 1
380010; 2
380013; 1
380016; 2
380049; 1
380053; 2
380171; 1
380174; 2
380211; 1
380220; 2
380302; 1
380309; 2
380320; 1
380323; 2
381205; 1
381206; 2
381574; 1
381577; 2
381689; 1
381694; 2
381729; 1
381733; 2
381818; 1
381822; 2
381869; 1
381873; 2
382058; 1
382060; 2
382205; 1
382208; 2
384577; 1
384578; 2
384608; 1
384612; 2
384650; 1
384659; 2
384696; 1
384697; 2
384718; 1
384719; 2
384856; 1
384859; 2
384866; 1
384874; 2
384891; 1
384894; 2
384895; 1
384896; 2
384951; 1
384952; 2
384959; 1
384961; 2
385741; 1
385744; 2
385750; 1
385751; 2
385760; 1
385766; 2
386633; 1
386646; 2
387032; 1
387036; 2
389994; 1
389996; 2
390523; 1
390526; 2
391345; 1
391355; 2
391437; 1
391442; 2
391523; 1
391525; 2
391526; 1
391527; 2
391536; 1
391537; 2
391575; 1
391579; 2
391631; 1
391634; 2
391647; 1
391651; 2
391725; 1
391726; 2
391790; 1
391794; 2
391795; 1
391798; 2
391879; 1
391882; 2
391906; 1
391909; 2
391963; 1
391970; 2
392010; 1
392011; 2
392012; 1
392013; 2
392095; 1
392097; 2
392148; 1
392151; 2
392622; 1
392626; 2
392699; 1
392702; 2
392769; 1
392771; 2
392913; 1
392917; 2
392973; 1
392975; 2
393025; 1
393031; 2
393083; 1
393086; 2
393111; 1
393115; 2
393230; 1
393236; 2
393327; 1
393330; 2
393866; 1
393871; 2
394549; 1
394551; 2
394853; 1
394856; 2
395179; 1
395187; 2
395203; 1
395206; 2
396137; 1
396139; 2
396165; 1
396175; 2
396611; 1
396619; 2
396828; 1
396831; 2
397932; 1
397935; 2
397942; 1
397951; 2
397967; 1
397969; 2
398211; 1
398215; 2
399206; 1
399210; 2
399217; 1
399220; 2
399221; 1
399222; 2
399306; 1
399311; 2
399451; 1
399453; 2
400108; 1
400118; 2
400121; 1
400127; 2
400140; 1
400145; 2
400196; 1
400198; 2
401814; 1
401817; 2
404088; 1
404090; 2
404163; 1
404164; 2
405890; 1
405892; 2
405954; 1
405956; 2
405982; 1
405984; 2
406042; 1
406044; 2
406241; 1
406243; 2
406590; 1
406600; 2
407458; 1
407461; 2
407711; 1
407714; 2
407780; 1
407782; 2
408312; 1
408314; 2
408457; 1
408459; 2
409022; 1
409025; 2
409141; 1
409144; 2
409190; 1
409193; 2
409311; 1
409313; 2
409361; 1
409362; 2
409487; 1
409490; 2
409528; 1
409531; 2
409612; 1
409614; 2
409643; 1
409646; 2
409672; 1
409675; 2
410050; 1
410052; 2
410077; 1
410081; 2
410205; 1
410209; 2
410216; 1
410219; 2
410285; 1
410286; 2
410358; 1
410360; 2
410374; 1
410380; 2
410414; 1
410416; 2
410471; 1
410474; 2
410662; 1
410663; 2
410666; 1
410669; 2
410686; 1
410690; 2
410875; 1
410880; 2
410883; 1
410891; 2
410930; 1
410935; 2
410950; 1
410952; 2
410997; 1
411001; 2
411253; 1
411256; 2
411305; 1
411308; 2
411342; 1
411345; 2
411390; 1
411393; 2
411431; 1
411436; 2
411448; 1
411453; 2
411478; 1
411480; 2
411507; 1
411509; 2
411762; 1
411765; 2
411888; 1
411891; 2
411896; 1
411899; 2
412125; 1
412127; 2
412134; 1
412137; 2
412195; 1
412199; 2
412314; 1
412315; 2
412397; 1
412400; 2
412477; 1
412480; 2
412638; 1
412642; 2
412673; 1
412686; 2
412690; 1
412693; 2
412750; 1
412752; 2
412779; 1
412787; 2
412789; 1
412791; 2
412861; 1
412868; 2
413018; 1
413025; 2
413077; 1
413079; 2
413343; 1
413348; 2
413765; 1
413768; 2
413769; 1
413771; 2
414211; 1
414214; 2
414240; 1
414242; 2
414474; 1
414479; 2
414587; 1
414589; 2
414590; 1
414595; 2
415292; 1
415293; 2
415675; 1
415684; 2
415686; 1
415696; 2
415697; 1
415701; 2
415963; 1
415976; 2
416247; 1
416250; 2
416483; 1
416486; 2
416611; 1
416614; 2
417079; 1
417082; 2
417128; 1
417131; 2
417244; 1
417249; 2
417282; 1
417284; 2
417360; 1
417362; 2
418198; 1
418205; 2
418242; 1
418245; 2
418246; 1
418247; 2
418249; 1
418252; 2
418565; 1
418568; 2
418611; 1
418622; 2
419488; 1
419492; 2
419551; 1
419552; 2
419554; 1
419555; 2
420351; 1
420356; 2
424057; 1
424058; 2
424354; 1
424355; 2
424658; 1
424659; 2
424906; 1
424907; 2
426158; 1
426159; 2
431806; 1
431808; 2
431968; 1
431972; 2
431984; 1
431987; 2
432035; 1
432039; 2
432071; 1
432072; 2
432384; 1
432386; 2
432904; 1
432905; 2
433086; 1
433091; 2
433154; 1
433165; 2
433269; 1
433272; 2
433366; 1
433374; 2
433414; 1
433417; 2
433441; 1
433448; 2
433458; 1
433463; 2
433518; 1
433524; 2
433536; 1
433545; 2
433571; 1
433573; 2
434191; 1
434193; 2
434223; 1
434226; 2
434329; 1
434334; 2
434362; 1
434364; 2
434431; 1
434432; 2
434457; 1
434464; 2
434856; 1
434859; 2
434927; 1
434930; 2
434967; 1
434985; 2
435125; 1
435128; 2
435158; 1
435174; 2
435520; 1
435533; 2
435601; 1
435602; 2
435603; 1
435605; 2
435620; 1
435628; 2
435654; 1
435657; 2
436132; 1
436135; 2
436608; 1
436612; 2
437164; 1
437168; 2
437172; 1
437177; 2
437178; 1
437179; 2
437181; 1
437182; 2
437243; 1
437244; 2
437284; 1
437292; 2
437816; 1
437823; 2
437827; 1
437837; 2
437839; 1
437841; 2
438213; 1
438221; 2
442121; 1
442124; 2
442771; 1
442775; 2
442886; 1
442890; 2
443037; 1
443040; 2
443111; 1
443114; 2
443127; 1
443128; 2
443226; 1
443232; 2
443488; 1
443490; 2
443492; 1
443497; 2
444106; 1
444108; 2
444582; 1
444589; 2
444590; 1
444591; 2
444692; 1
444694; 2
445173; 1
445175; 2
445338; 1
445345; 2
445355; 1
445357; 2
445384; 1
445386; 2
445446; 1
445454; 2
445535; 1
445539; 2
445585; 1
445588; 2
445595; 1
445597; 2
445706; 1
445709; 2
445826; 1
445829; 2
445854; 1
445856; 2
445992; 1
445995; 2
446210; 1
446214; 2
446275; 1
446278; 2
446337; 1
446340; 2
446344; 1
446348; 2
446364; 1
446368; 2
446379; 1
446380; 2
446424; 1
446426; 2
446612; 1
446619; 2
446627; 1
446629; 2
446831; 1
446834; 2
446896; 1
446898; 2
446934; 1
446937; 2
447158; 1
447165; 2
447195; 1
447200; 2
447291; 1
447292; 2
447309; 1
447312; 2
447365; 1
447368; 2
447609; 1
447612; 2
448152; 1
448154; 2
448361; 1
448367; 2
448372; 1
448377; 2
448472; 1
448475; 2
448476; 1
448479; 2
449015; 1
449018; 2
449441; 1
449451; 2
450190; 1
450192; 2
452532; 1
452533; 2
452534; 1
452535; 2
452547; 1
452571; 2
452634; 1
452636; 2
452646; 1
452661; 2
452665; 1
452667; 2
453094; 1
453098; 2
453099; 1
453100; 2
453136; 1
453138; 2
454368; 1
454375; 2
454384; 1
454386; 2
454431; 1
454432; 2
459871; 1
459874; 2
459893; 1
459901; 2
460000; 1
460003; 2
460254; 1
460257; 2
460445; 1
460448; 2
461387; 1
461390; 2
461892; 1
461894; 2
461990; 1
461992; 2
462209; 1
462212; 2
462432; 1
462437; 2
462442; 1
462448; 2
462500; 1
462503; 2
462626; 1
462628; 2
462824; 1
462826; 2
463122; 1
463128; 2
463169; 1
463171; 2
463176; 1
463180; 2
463288; 1
463290; 2
463373; 1
463375; 2
463394; 1
463398; 2
463453; 1
463456; 2
463852; 1
463859; 2
463860; 1
463861; 2
463877; 1
463879; 2
463888; 1
463889; 2
463893; 1
463895; 2
464061; 1
464062; 2
464077; 1
464081; 2
464085; 1
464088; 2
464144; 1
464146; 2
464261; 1
464264; 2
464334; 1
464336; 2
464384; 1
464386; 2
464655; 1
464657; 2
464704; 1
464707; 2
464711; 1
464713; 2
464907; 1
464909; 2
464978; 1
464981; 2
465042; 1
465045; 2
465081; 1
465084; 2
465098; 1
465101; 2
465226; 1
465229; 2
465231; 1
465233; 2
465273; 1
465276; 2
465278; 1
465287; 2
465413; 1
465415; 2
465457; 1
465460; 2
465511; 1
465522; 2
465665; 1
465667; 2
465815; 1
465818; 2
465975; 1
465977; 2
466017; 1
466020; 2
466094; 1
466097; 2
466131; 1
466134; 2
466160; 1
466163; 2
466215; 1
466217; 2
466421; 1
466424; 2
466495; 1
466496; 2
466558; 1
466561; 2
466594; 1
466597; 2
466715; 1
466716; 2
467051; 1
467054; 2
467067; 1
467069; 2
467115; 1
467118; 2
467218; 1
467221; 2
467745; 1
467747; 2
467846; 1
467849; 2
468095; 1
468100; 2
468213; 1
468215; 2
468259; 1
468261; 2
469050; 1
469053; 2
469111; 1
469114; 2
469152; 1
469159; 2
469204; 1
469214; 2
469345; 1
469351; 2
469424; 1
469429; 2
469713; 1
469716; 2
469758; 1
469766; 2
469894; 1
469897; 2
469911; 1
469914; 2
469961; 1
469963; 2
470595; 1
470599; 2
470600; 1
470604; 2
470605; 1
470607; 2
470966; 1
470969; 2
470976; 1
470977; 2
471018; 1
471023; 2
471130; 1
471132; 2
471357; 1
471360; 2
471456; 1
471458; 2
471933; 1
471936; 2
473337; 1
473339; 2
473370; 1
473372; 2
475666; 1
475669; 2
475728; 1
475731; 2
475732; 1
475735; 2
475736; 1
475738; 2
475740; 1
475743; 2
475744; 1
475747; 2
475748; 1
475755; 2
475763; 1
475771; 2
476937; 1
476940; 2
477109; 1
477110; 2
477112; 1
477113; 2
478102; 1
478103; 2
479775; 1
479776; 2
484908; 1
484910; 2
485638; 1
485641; 2
485754; 1
485762; 2
486342; 1
486345; 2
486371; 1
486376; 2
486391; 1
486399; 2
486694; 1
486697; 2
486723; 1
486725; 2
486784; 1
486790; 2
487119; 1
487123; 2
487161; 1
487162; 2
487178; 1
487180; 2
487245; 1
487249; 2
487316; 1
487319; 2
487320; 1
487321; 2
487429; 1
487430; 2
487445; 1
487450; 2
487509; 1
487513; 2
487560; 1
487563; 2
487671; 1
487683; 2
487705; 1
487708; 2
488049; 1
488053; 2
488164; 1
488168; 2
488231; 1
488233; 2
488274; 1
488281; 2
488362; 1
488365; 2
488602; 1
488605; 2
488666; 1
488669; 2
488866; 1
488869; 2
489391; 1
489394; 2
489438; 1
489446; 2
489559; 1
489562; 2
489563; 1
489570; 2
489608; 1
489609; 2
489612; 1
489615; 2
489964; 1
489967; 2
489969; 1
489972; 2
490012; 1
490017; 2
490258; 1
490261; 2
490370; 1
490374; 2
491205; 1
491214; 2
494166; 1
494168; 2
498865; 1
498872; 2
499138; 1
499140; 2
499162; 1
499183; 2
499280; 1
499288; 2
499293; 1
499294; 2
499296; 1
499298; 2
499311; 1
499313; 2
499408; 1
499416; 2
499470; 1
499473; 2
499476; 1
499479; 2
499491; 1
499494; 2
499497; 1
499500; 2
499672; 1
499682; 2
499727; 1
499730; 2
499781; 1
499786; 2
499958; 1
499965; 2
500182; 1
500185; 2
500219; 1
500221; 2
500252; 1
500258; 2
500344; 1
500347; 2
500455; 1
500458; 2
500479; 1
500482; 2
500605; 1
500611; 2
500747; 1
500750; 2
500828; 1
500830; 2
500856; 1
500863; 2
500864; 1
500866; 2
500899; 1
500900; 2
500901; 1
500902; 2
500932; 1
500935; 2
501013; 1
501015; 2
501125; 1
501127; 2
501160; 1
501162; 2
501176; 1
501178; 2
501207; 1
501208; 2
501213; 1
501214; 2
501216; 1
501217; 2
501527; 1
501534; 2
501569; 1
501572; 2
501573; 1
501580; 2
501596; 1
501599; 2
501600; 1
501605; 2
501635; 1
501637; 2
501693; 1
501694; 2
501695; 1
501697; 2
501698; 1
501699; 2
501745; 1
501748; 2
501836; 1
501838; 2
502006; 1
502009; 2
502077; 1
502079; 2
502099; 1
502101; 2
502330; 1
502332; 2
502699; 1
502701; 2
502775; 1
502778; 2
503396; 1
503400; 2
503430; 1
503433; 2
503434; 1
503436; 2
507415; 1
507420; 2
507433; 1
507436; 2
507446; 1
507448; 2
507453; 1
507459; 2
507463; 1
507466; 2
507495; 1
507497; 2
507508; 1
507511; 2
507524; 1
507525; 2
507526; 1
507527; 2
509313; 1
509319; 2
509356; 1
509362; 2
509553; 1
509557; 2
509560; 1
509562; 2
509563; 1
509565; 2
509611; 1
509615; 2
509618; 1
509619; 2
509633; 1
509635; 2
509732; 1
509734; 2
510271; 1
510272; 2
510306; 1
510307; 2
510325; 1
510327; 2
510328; 1
510332; 2
512196; 1
512198; 2
512200; 1
512201; 2
512239; 1
512242; 2
512751; 1
512753; 2
513741; 1
513743; 2
513787; 1
513790; 2
513802; 1
513804; 2
513838; 1
513847; 2
513877; 1
513879; 2
513946; 1
513949; 2
514024; 1
514026; 2
514101; 1
514104; 2
514158; 1
514161; 2
514162; 1
514163; 2
514234; 1
514238; 2
514239; 1
514244; 2
514365; 1
514368; 2
514392; 1
514394; 2
514409; 1
514416; 2
514623; 1
514626; 2
514766; 1
514768; 2
515045; 1
515047; 2
515407; 1
515409; 2
515461; 1
515465; 2
515565; 1
515568; 2
515667; 1
515669; 2
515703; 1
515706; 2
515726; 1
515733; 2
515759; 1
515762; 2
515957; 1
515960; 2
516104; 1
516107; 2
516246; 1
516249; 2
516279; 1
516286; 2
516311; 1
516313; 2
516328; 1
516330; 2
517179; 1
517182; 2
517272; 1
517280; 2
517288; 1
517290; 2
517442; 1
517444; 2
517469; 1
517471; 2
517651; 1
517654; 2
517667; 1
517670; 2
517776; 1
517779; 2
517831; 1
517835; 2
517849; 1
517851; 2
517853; 1
517855; 2
518291; 1
518296; 2
518383; 1
518386; 2
518527; 1
518529; 2
518576; 1
518578; 2
518627; 1
518632; 2
518697; 1
518699; 2
518994; 1
518996; 2
519727; 1
519740; 2
519759; 1
519761; 2
519894; 1
519896; 2
520010; 1
520012; 2
520114; 1
520119; 2
520143; 1
520147; 2
520163; 1
520165; 2
520180; 1
520186; 2
520557; 1
520559; 2
520641; 1
520643; 2
520728; 1
520732; 2
521072; 1
521075; 2
521110; 1
521113; 2
521473; 1
521478; 2
521759; 1
521761; 2
521850; 1
521852; 2
521894; 1
521897; 2
521938; 1
521939; 2
522424; 1
522426; 2
522816; 1
522819; 2
522858; 1
522861; 2
522862; 1
522864; 2
523000; 1
523012; 2
523251; 1
523255; 2
523367; 1
523368; 2
523684; 1
523687; 2
525438; 1
525441; 2
525487; 1
525491; 2
529047; 1
529048; 2
531384; 1
531385; 2
532167; 1
532168; 2
533015; 1
533016; 2
533346; 1
533347; 2
533727; 1
533728; 2
534873; 1
534874; 2
539242; 1
539247; 2
539472; 1
539480; 2
539574; 1
539578; 2
539638; 1
539642; 2
540241; 1
540243; 2
540244; 1
540250; 2
540346; 1
540351; 2
540359; 1
540362; 2
540374; 1
540376; 2
540461; 1
540463; 2
540502; 1
540506; 2
540698; 1
540701; 2
541701; 1
541705; 2
541709; 1
541712; 2
541736; 1
541739; 2
541766; 1
541771; 2
541873; 1
541876; 2
541910; 1
541918; 2
542052; 1
542055; 2
542101; 1
542107; 2
542139; 1
542146; 2
542193; 1
542196; 2
542234; 1
542240; 2
542328; 1
542330; 2
542418; 1
542420; 2
542455; 1
542462; 2
542524; 1
542527; 2
542614; 1
542621; 2
542956; 1
542959; 2
543016; 1
543023; 2
543323; 1
543326; 2
543785; 1
543786; 2
543804; 1
543807; 2
543978; 1
543981; 2
544065; 1
544072; 2
544110; 1
544112; 2
544269; 1
544278; 2
547231; 1
547234; 2
548519; 1
548528; 2
548597; 1
548600; 2
550158; 1
550161; 2
550388; 1
550389; 2
552187; 1
552194; 2
552200; 1
552203; 2
552222; 1
552230; 2
552278; 1
552286; 2
552299; 1
552301; 2
552302; 1
552303; 2
552314; 1
552318; 2
552418; 1
552422; 2
552920; 1
552921; 2
553280; 1
553283; 2
553292; 1
553294; 2
553298; 1
553300; 2
553362; 1
553366; 2
553369; 1
553373; 2
553516; 1
553519; 2
553546; 1
553548; 2
553563; 1
553567; 2
553617; 1
553618; 2
553619; 1
553623; 2
553629; 1
553630; 2
553683; 1
553685; 2
553690; 1
553693; 2
553702; 1
553705; 2
553706; 1
553708; 2
553831; 1
553834; 2
553843; 1
553846; 2
553866; 1
553872; 2
553882; 1
553885; 2
553920; 1
553921; 2
553999; 1
554000; 2
554045; 1
554047; 2
554060; 1
554062; 2
554205; 1
554207; 2
554383; 1
554391; 2
554432; 1
554436; 2
554545; 1
554549; 2
554565; 1
554570; 2
554613; 1
554616; 2
554647; 1
554650; 2
554653; 1
554655; 2
554815; 1
554821; 2
554842; 1
554845; 2
554894; 1
554898; 2
554971; 1
554974; 2
554993; 1
554996; 2
555159; 1
555162; 2
555577; 1
555581; 2
555585; 1
555588; 2
555640; 1
555642; 2
555653; 1
555656; 2
555659; 1
555662; 2
555785; 1
555787; 2
555897; 1
555899; 2
556265; 1
556267; 2
556548; 1
556551; 2
557693; 1
557703; 2
557745; 1
557747; 2
557807; 1
557814; 2
558021; 1
558023; 2
558031; 1
558038; 2
558080; 1
558083; 2
558746; 1
558749; 2
558783; 1
558789; 2
558861; 1
558864; 2
559294; 1
559298; 2
559512; 1
559515; 2
559517; 1
559520; 2
559565; 1
559568; 2
559625; 1
559634; 2
561191; 1
561194; 2
561223; 1
561225; 2
561226; 1
561228; 2
561556; 1
561560; 2
561667; 1
561670; 2
561703; 1
561710; 2
561853; 1
561855; 2
562950; 1
562953; 2
563477; 1
563480; 2
564418; 1
564420; 2
564927; 1
564930; 2
565463; 1
565466; 2
567245; 1
567249; 2
567509; 1
567512; 2
567881; 1
567882; 2
567883; 1
567884; 2
568096; 1
568097; 2
568098; 1
568099; 2
568209; 1
568210; 2
568211; 1
568212; 2
568298; 1
568299; 2
568409; 1
568411; 2
568449; 1
568452; 2
568453; 1
568457; 2
568459; 1
568460; 2
568480; 1
568482; 2
568729; 1
568731; 2
568828; 1
568832; 2
568866; 1
568871; 2
568873; 1
568877; 2
569269; 1
569271; 2
569431; 1
569432; 2
569865; 1
569866; 2
569869; 1
569870; 2
569893; 1
569894; 2
569958; 1
569961; 2
570408; 1
570413; 2
570414; 1
570418; 2
570646; 1
570649; 2
571063; 1
571067; 2
571117; 1
571119; 2
571180; 1
571182; 2
571194; 1
571196; 2
571275; 1
571276; 2
571320; 1
571321; 2
571359; 1
571363; 2
571364; 1
571373; 2
571418; 1
571420; 2
571470; 1
571472; 2
571518; 1
571520; 2
571602; 1
571603; 2
571670; 1
571673; 2
571707; 1
571711; 2
571734; 1
571737; 2
571854; 1
571858; 2
571896; 1
571900; 2
572074; 1
572077; 2
572080; 1
572083; 2
572108; 1
572115; 2
572142; 1
572144; 2
572227; 1
572235; 2
572244; 1
572245; 2
572271; 1
572272; 2
572273; 1
572275; 2
572280; 1
572283; 2
572413; 1
572416; 2
572434; 1
572436; 2
572478; 1
572487; 2
572596; 1
572599; 2
572608; 1
572612; 2
572715; 1
572716; 2
572773; 1
572775; 2
572956; 1
572958; 2
572974; 1
572977; 2
572991; 1
572993; 2
572997; 1
573000; 2
573036; 1
573038; 2
573042; 1
573050; 2
573051; 1
573055; 2
573139; 1
573142; 2
573153; 1
573155; 2
573254; 1
573256; 2
573278; 1
573281; 2
573321; 1
573324; 2
573333; 1
573336; 2
573476; 1
573478; 2
573745; 1
573747; 2
573769; 1
573771; 2
573933; 1
573937; 2
574178; 1
574180; 2
574184; 1
574187; 2
574225; 1
574228; 2
574302; 1
574304; 2
574362; 1
574371; 2
574761; 1
574764; 2
574802; 1
574805; 2
575042; 1
575046; 2
575209; 1
575214; 2
575285; 1
575288; 2
575405; 1
575407; 2
575410; 1
575412; 2
575525; 1
575528; 2
575570; 1
575572; 2
575633; 1
575635; 2
575807; 1
575810; 2
575902; 1
575904; 2
576168; 1
576171; 2
576632; 1
576639; 2
576695; 1
576698; 2
576703; 1
576707; 2
576711; 1
576720; 2
576782; 1
576786; 2
576787; 1
576791; 2
576888; 1
576897; 2
577277; 1
577279; 2
577320; 1
577337; 2
577425; 1
577435; 2
577559; 1
577560; 2
577561; 1
577562; 2
577564; 1
577565; 2
577909; 1
577912; 2
578017; 1
578019; 2
578538; 1
578539; 2
578611; 1
578614; 2
579624; 1
579627; 2
580326; 1
580331; 2
580339; 1
580344; 2
585204; 1
585205; 2
593174; 1
593180; 2
593425; 1
593429; 2
593455; 1
593458; 2
593867; 1
593870; 2
593889; 1
593892; 2
593895; 1
593901; 2
594107; 1
594110; 2
594431; 1
594434; 2
594473; 1
594476; 2
594863; 1
594866; 2
595057; 1
595064; 2
595122; 1
595125; 2
595172; 1
595180; 2
595249; 1
595252; 2
595366; 1
595371; 2
595916; 1
595917; 2
596014; 1
596018; 2
596104; 1
596110; 2
596193; 1
596199; 2
596311; 1
596314; 2
596335; 1
596341; 2
596446; 1
596449; 2
596471; 1
596472; 2
596473; 1
596474; 2
596475; 1
596477; 2
596509; 1
596512; 2
596745; 1
596751; 2
596834; 1
596845; 2
597073; 1
597082; 2
597083; 1
597084; 2
597085; 1
597086; 2
597090; 1
597092; 2
597111; 1
597112; 2
597176; 1
597179; 2
597248; 1
597254; 2
597258; 1
597263; 2
597805; 1
597807; 2
598564; 1
598575; 2
598613; 1
598615; 2
598617; 1
598624; 2
598625; 1
598630; 2
598631; 1
598636; 2
599105; 1
599113; 2
599158; 1
599167; 2
600044; 1
600047; 2
601896; 1
601897; 2
601921; 1
601926; 2
601951; 1
601958; 2
602344; 1
602347; 2
602440; 1
602447; 2
603170; 1
603174; 2
603182; 1
603187; 2
603233; 1
603239; 2
603245; 1
603247; 2
603278; 1
603280; 2
604152; 1
604160; 2
604177; 1
604183; 2
604336; 1
604340; 2
604348; 1
604363; 2
605349; 1
605352; 2
606247; 1
606253; 2
606300; 1
606301; 2
606310; 1
606312; 2
606375; 1
606378; 2
606502; 1
606506; 2
606744; 1
606749; 2
607106; 1
607109; 2
607221; 1
607225; 2
607231; 1
607233; 2
607248; 1
607253; 2
607341; 1
607345; 2
607372; 1
607374; 2
607375; 1
607377; 2
607399; 1
607400; 2
607422; 1
607424; 2
607542; 1
607545; 2
607632; 1
607634; 2
607702; 1
607703; 2
607710; 1
607713; 2
607793; 1
607795; 2
607797; 1
607800; 2
607882; 1
607884; 2
607895; 1
607897; 2
608019; 1
608022; 2
608217; 1
608220; 2
608431; 1
608434; 2
608540; 1
608542; 2
608688; 1
608691; 2
608865; 1
608869; 2
608918; 1
608920; 2
608965; 1
608968; 2
609024; 1
609026; 2
609640; 1
609646; 2
609677; 1
609681; 2
609760; 1
609763; 2
609815; 1
609817; 2
610379; 1
610382; 2
610383; 1
610384; 2
610422; 1
610428; 2
610429; 1
610430; 2
610431; 1
610432; 2
611651; 1
611658; 2
612470; 1
612477; 2
612825; 1
612827; 2
613514; 1
613518; 2
613550; 1
613552; 2
613661; 1
613673; 2
613964; 1
613967; 2
614491; 1
614495; 2
614496; 1
614505; 2
614533; 1
614536; 2
614565; 1
614572; 2
614720; 1
614729; 2
614730; 1
614733; 2
614771; 1
614772; 2
615561; 1
615565; 2
615590; 1
615593; 2
615912; 1
615915; 2
617219; 1
617222; 2
617285; 1
617287; 2
617668; 1
617673; 2
617674; 1
617680; 2
617681; 1
617682; 2
617708; 1
617709; 2
618906; 1
618908; 2
618989; 1
618993; 2
619076; 1
619079; 2
619150; 1
619153; 2
619339; 1
619342; 2
620228; 1
620230; 2
620264; 1
620267; 2
620383; 1
620386; 2
621700; 1
621702; 2
621844; 1
621846; 2
621975; 1
621977; 2
621984; 1
621987; 2
622000; 1
622003; 2
622006; 1
622008; 2
622422; 1
622424; 2
622714; 1
622716; 2
622931; 1
622934; 2
623013; 1
623016; 2
623085; 1
623089; 2
623335; 1
623338; 2
623650; 1
623655; 2
623716; 1
623719; 2
623939; 1
623940; 2
624077; 1
624080; 2
624373; 1
624379; 2
624423; 1
624425; 2
624608; 1
624610; 2
624775; 1
624777; 2
625116; 1
625118; 2
625294; 1
625296; 2
625308; 1
625310; 2
625345; 1
625348; 2
625370; 1
625373; 2
625441; 1
625444; 2
625469; 1
625472; 2
625485; 1
625488; 2
625550; 1
625559; 2
625564; 1
625573; 2
625631; 1
625633; 2
625645; 1
625646; 2
625850; 1
625852; 2
625947; 1
625949; 2
625970; 1
625971; 2
626006; 1
626009; 2
626068; 1
626075; 2
626120; 1
626123; 2
626131; 1
626145; 2
626347; 1
626350; 2
626386; 1
626389; 2
626649; 1
626652; 2
626726; 1
626728; 2
626909; 1
626912; 2
627003; 1
627004; 2
627070; 1
627072; 2
627214; 1
627217; 2
627379; 1
627382; 2
627397; 1
627400; 2
627458; 1
627460; 2
627517; 1
627520; 2
627615; 1
627618; 2
627638; 1
627644; 2
627808; 1
627810; 2
627868; 1
627873; 2
627884; 1
627887; 2
628451; 1
628455; 2
628459; 1
628462; 2
628554; 1
628558; 2
628586; 1
628588; 2
628648; 1
628650; 2
628657; 1
628661; 2
628730; 1
628733; 2
628856; 1
628859; 2
628875; 1
628877; 2
628884; 1
628886; 2
628992; 1
628995; 2
629014; 1
629016; 2
629128; 1
629131; 2
629295; 1
629296; 2
629330; 1
629332; 2
629337; 1
629339; 2
629355; 1
629357; 2
629481; 1
629485; 2
629488; 1
629489; 2
629610; 1
629614; 2
629618; 1
629621; 2
629630; 1
629631; 2
629669; 1
629672; 2
629890; 1
629892; 2
630011; 1
630018; 2
630256; 1
630261; 2
630384; 1
630387; 2
630437; 1
630441; 2
630548; 1
630549; 2
630564; 1
630575; 2
630639; 1
630642; 2
630715; 1
630717; 2
630744; 1
630752; 2
631112; 1
631123; 2
631341; 1
631343; 2
632205; 1
632208; 2
632297; 1
632302; 2
632939; 1
632942; 2
633187; 1
633191; 2
633314; 1
633318; 2
633661; 1
633667; 2
633740; 1
633743; 2
633744; 1
633747; 2
634755; 1
634757; 2
637557; 1
637558; 2
639799; 1
639800; 2
646981; 1
646988; 2
647423; 1
647426; 2
647437; 1
647443; 2
647469; 1
647472; 2
647559; 1
647562; 2
647722; 1
647726; 2
647981; 1
647984; 2
648203; 1
648206; 2
648341; 1
648344; 2
648776; 1
648783; 2
648843; 1
648847; 2
648929; 1
648935; 2
649346; 1
649349; 2
649390; 1
649391; 2
649566; 1
649569; 2
649613; 1
649620; 2
649670; 1
649674; 2
649691; 1
649693; 2
649726; 1
649737; 2
649769; 1
649771; 2
649820; 1
649825; 2
649840; 1
649845; 2
649999; 1
650005; 2
650151; 1
650156; 2
650275; 1
650278; 2
650745; 1
650753; 2
651480; 1
651481; 2
651620; 1
651629; 2
651718; 1
651721; 2
652017; 1
652024; 2
652082; 1
652083; 2
652867; 1
652870; 2
655112; 1
655117; 2
658624; 1
658626; 2
659231; 1
659244; 2
659272; 1
659274; 2
659485; 1
659487; 2
659881; 1
659883; 2
660115; 1
660125; 2
661849; 1
661850; 2
661855; 1
661865; 2
661937; 1
661944; 2
661954; 1
661955; 2
661957; 1
661958; 2
662020; 1
662026; 2
662063; 1
662068; 2
662070; 1
662075; 2
662079; 1
662082; 2
662213; 1
662221; 2
662230; 1
662233; 2
662263; 1
662266; 2
662417; 1
662427; 2
662439; 1
662454; 2
662471; 1
662474; 2
662601; 1
662604; 2
662673; 1
662675; 2
663034; 1
663044; 2
663532; 1
663535; 2
663587; 1
663589; 2
663611; 1
663621; 2
663653; 1
663658; 2
663670; 1
663673; 2
663675; 1
663676; 2
663785; 1
663788; 2
663816; 1
663819; 2
663830; 1
663833; 2
663874; 1
663879; 2
664033; 1
664040; 2
664244; 1
664247; 2
664702; 1
664712; 2
664800; 1
664802; 2
664818; 1
664820; 2
664824; 1
664828; 2
664831; 1
664833; 2
664847; 1
664850; 2
664858; 1
664862; 2
664981; 1
664985; 2
665224; 1
665233; 2
666163; 1
666164; 2
666165; 1
666166; 2
666189; 1
666195; 2
666222; 1
666225; 2
666244; 1
666247; 2
666508; 1
666514; 2
666682; 1
666686; 2
666939; 1
666941; 2
667095; 1
667096; 2
667098; 1
667104; 2
667659; 1
667660; 2
668550; 1
668562; 2
668653; 1
668655; 2
668699; 1
668704; 2
668926; 1
668934; 2
668935; 1
668938; 2
668968; 1
668970; 2
670316; 1
670326; 2
670365; 1
670369; 2
670397; 1
670404; 2
670945; 1
670948; 2
671462; 1
671465; 2
671780; 1
671783; 2
672308; 1
672310; 2
674658; 1
674661; 2
675551; 1
675554; 2
675571; 1
675574; 2
675783; 1
675786; 2
675969; 1
675971; 2
676013; 1
676025; 2
676028; 1
676029; 2
676166; 1
676167; 2
676171; 1
676181; 2
676187; 1
676197; 2
676199; 1
676203; 2
676258; 1
676260; 2
677333; 1
677336; 2
677385; 1
677388; 2
677397; 1
677400; 2
677464; 1
677466; 2
677634; 1
677636; 2
677648; 1
677650; 2
677891; 1
677893; 2
678067; 1
678073; 2
678107; 1
678110; 2
678806; 1
678811; 2
678856; 1
678858; 2
678917; 1
678919; 2
679027; 1
679031; 2
679081; 1
679084; 2
679114; 1
679117; 2
679192; 1
679195; 2
679202; 1
679204; 2
679206; 1
679209; 2
679257; 1
679260; 2
679280; 1
679281; 2
679327; 1
679330; 2
679334; 1
679338; 2
679345; 1
679348; 2
679498; 1
679500; 2
679503; 1
679504; 2
679519; 1
679521; 2
679528; 1
679531; 2
679671; 1
679673; 2
679739; 1
679740; 2
679759; 1
679760; 2
679868; 1
679872; 2
679920; 1
679923; 2
679941; 1
679942; 2
680060; 1
680062; 2
680137; 1
680139; 2
680166; 1
680167; 2
680169; 1
680170; 2
680190; 1
680191; 2
680228; 1
680229; 2
680243; 1
680244; 2
680245; 1
680251; 2
680255; 1
680258; 2
680395; 1
680396; 2
680454; 1
680455; 2
680459; 1
680462; 2
680565; 1
680568; 2
680642; 1
680645; 2
680669; 1
680671; 2
680693; 1
680697; 2
680698; 1
680703; 2
680708; 1
680711; 2
680738; 1
680740; 2
680924; 1
680927; 2
681035; 1
681038; 2
681057; 1
681059; 2
681239; 1
681240; 2
681413; 1
681416; 2
681486; 1
681496; 2
681589; 1
681595; 2
681694; 1
681704; 2
681709; 1
681731; 2
681831; 1
681835; 2
682150; 1
682154; 2
682201; 1
682202; 2
682231; 1
682234; 2
682324; 1
682327; 2
682421; 1
682423; 2
682425; 1
682427; 2
682521; 1
682523; 2
682525; 1
682528; 2
682592; 1
682594; 2
682616; 1
682619; 2
682647; 1
682649; 2
682895; 1
682897; 2
683066; 1
683069; 2
683347; 1
683350; 2
683353; 1
683364; 2
683955; 1
683957; 2
683980; 1
683986; 2
684145; 1
684148; 2
684170; 1
684174; 2
684278; 1
684287; 2
684288; 1
684293; 2
684388; 1
684391; 2
684475; 1
684478; 2
684485; 1
684487; 2
684525; 1
684527; 2
684743; 1
684748; 2
684819; 1
684823; 2
685376; 1
685386; 2
685387; 1
685393; 2
685395; 1
685396; 2
685397; 1
685402; 2
685406; 1
685408; 2
685414; 1
685415; 2
685456; 1
685461; 2
685528; 1
685530; 2
685536; 1
685538; 2
685675; 1
685686; 2
686349; 1
686351; 2
686903; 1
686911; 2
686925; 1
686930; 2
686981; 1
686985; 2
687193; 1
687197; 2
687381; 1
687384; 2
687423; 1
687426; 2
687470; 1
687472; 2
687492; 1
687498; 2
687525; 1
687528; 2
687630; 1
687633; 2
688408; 1
688413; 2
689364; 1
689367; 2
691064; 1
691065; 2
700517; 1
700522; 2
700542; 1
700543; 2
700544; 1
700545; 2
700671; 1
700673; 2
700682; 1
700683; 2
700690; 1
700691; 2
700719; 1
700720; 2
700725; 1
700727; 2
700730; 1
700731; 2
700889; 1
700894; 2
700919; 1
700924; 2
701032; 1
701033; 2
701043; 1
701044; 2
701045; 1
701046; 2
701047; 1
701049; 2
701052; 1
701054; 2
701070; 1
701072; 2
701073; 1
701075; 2
701196; 1
701200; 2
701455; 1
701456; 2
701457; 1
701458; 2
701460; 1
701461; 2
701463; 1
701464; 2
701509; 1
701513; 2
701558; 1
701567; 2
701654; 1
701659; 2
701683; 1
701684; 2
701871; 1
701875; 2
701960; 1
701970; 2
701971; 1
701973; 2
702149; 1
702152; 2
702438; 1
702441; 2
702591; 1
702595; 2
702618; 1
702620; 2
702649; 1
702651; 2
702663; 1
702667; 2
702716; 1
702722; 2
702911; 1
702918; 2
702954; 1
702955; 2
703045; 1
703051; 2
703205; 1
703209; 2
703256; 1
703261; 2
703737; 1
703739; 2
703791; 1
703799; 2
703878; 1
703885; 2
704034; 1
704037; 2
704125; 1
704128; 2
704138; 1
704141; 2
704152; 1
704158; 2
704534; 1
704536; 2
704610; 1
704612; 2
704614; 1
704616; 2
704638; 1
704640; 2
704644; 1
704648; 2
704810; 1
704812; 2
704814; 1
704826; 2
704862; 1
704865; 2
705544; 1
705561; 2
705610; 1
705613; 2
705705; 1
705706; 2
705709; 1
705713; 2
706474; 1
706486; 2
706523; 1
706526; 2
706606; 1
706611; 2
707321; 1
707329; 2
707333; 1
707339; 2
707340; 1
707344; 2
707431; 1
707434; 2
708169; 1
708173; 2
708278; 1
708281; 2
714197; 1
714204; 2
714249; 1
714253; 2
714451; 1
714454; 2
714488; 1
714494; 2
714631; 1
714635; 2
714636; 1
714637; 2
714641; 1
714643; 2
714827; 1
714830; 2
714872; 1
714877; 2
714917; 1
714921; 2
714925; 1
714930; 2
715097; 1
715099; 2
715246; 1
715248; 2
715303; 1
715307; 2
715411; 1
715415; 2
715463; 1
715466; 2
715540; 1
715542; 2
715565; 1
715568; 2
715599; 1
715603; 2
715620; 1
715622; 2
715634; 1
715636; 2
715770; 1
715775; 2
715777; 1
715784; 2
715915; 1
715919; 2
715967; 1
715969; 2
715976; 1
715981; 2
716028; 1
716029; 2
716115; 1
716121; 2
716174; 1
716181; 2
716247; 1
716251; 2
716283; 1
716286; 2
716460; 1
716464; 2
716466; 1
716469; 2
716497; 1
716498; 2
716504; 1
716507; 2
716593; 1
716596; 2
716633; 1
716635; 2
716655; 1
716658; 2
716722; 1
716726; 2
716727; 1
716732; 2
716781; 1
716790; 2
717063; 1
717070; 2
717100; 1
717104; 2
717149; 1
717153; 2
717156; 1
717159; 2
717248; 1
717251; 2
717495; 1
717497; 2
717924; 1
717928; 2
717949; 1
717957; 2
718648; 1
718651; 2
721096; 1
721099; 2
721125; 1
721129; 2
721131; 1
721136; 2
721137; 1
721138; 2
721279; 1
721282; 2
721375; 1
721378; 2
721790; 1
721792; 2
721828; 1
721838; 2
721841; 1
721849; 2
722231; 1
722245; 2
722284; 1
722286; 2
722427; 1
722430; 2
723519; 1
723523; 2
725132; 1
725134; 2
725629; 1
725633; 2
725686; 1
725689; 2
726067; 1
726068; 2
726122; 1
726123; 2
726293; 1
726294; 2
726295; 1
726318; 2
726450; 1
726451; 2
726453; 1
726454; 2
726455; 1
726457; 2
726458; 1
726459; 2
726620; 1
726621; 2
726675; 1
726676; 2
727387; 1
727388; 2
728404; 1
728405; 2
728715; 1
728718; 2
729448; 1
729451; 2
729582; 1
729584; 2
729784; 1
729787; 2
729788; 1
729791; 2
729822; 1
729824; 2
729946; 1
729948; 2
730190; 1
730196; 2
730837; 1
730845; 2
730891; 1
730896; 2
731434; 1
731437; 2
731490; 1
731492; 2
732000; 1
732003; 2
732023; 1
732025; 2
732366; 1
732368; 2
732637; 1
732641; 2
732683; 1
732686; 2
732714; 1
732717; 2
732917; 1
732918; 2
732921; 1
732924; 2
733002; 1
733003; 2
733007; 1
733010; 2
733011; 1
733015; 2
733115; 1
733119; 2
733140; 1
733147; 2
733239; 1
733242; 2
733243; 1
733244; 2
733248; 1
733250; 2
733286; 1
733289; 2
733570; 1
733573; 2
733683; 1
733685; 2
733693; 1
733696; 2
733819; 1
733822; 2
733840; 1
733846; 2
733968; 1
733971; 2
733987; 1
733990; 2
734081; 1
734083; 2
734101; 1
734104; 2
734178; 1
734181; 2
734222; 1
734225; 2
734243; 1
734246; 2
734257; 1
734259; 2
734340; 1
734342; 2
734532; 1
734536; 2
734591; 1
734596; 2
734628; 1
734630; 2
734674; 1
734677; 2
734792; 1
734795; 2
734890; 1
734892; 2
734903; 1
734907; 2
735005; 1
735010; 2
735025; 1
735028; 2
735057; 1
735061; 2
735343; 1
735347; 2
735479; 1
735482; 2
735507; 1
735510; 2
735863; 1
735866; 2
735914; 1
735917; 2
735979; 1
735981; 2
736038; 1
736041; 2
736111; 1
736114; 2
736161; 1
736164; 2
736179; 1
736182; 2
736384; 1
736387; 2
736419; 1
736428; 2
736492; 1
736494; 2
736500; 1
736503; 2
736510; 1
736513; 2
736844; 1
736853; 2
737073; 1
737075; 2
737134; 1
737136; 2
737210; 1
737213; 2
737481; 1
737486; 2
737506; 1
737510; 2
737564; 1
737569; 2
737769; 1
737772; 2
737881; 1
737883; 2
737966; 1
737967; 2
737987; 1
737991; 2
738168; 1
738172; 2
738197; 1
738200; 2
738225; 1
738227; 2
738233; 1
738236; 2
738734; 1
738741; 2
738763; 1
738769; 2
738781; 1
738784; 2
738788; 1
738791; 2
738844; 1
738846; 2
739275; 1
739280; 2
739644; 1
739645; 2
739656; 1
739662; 2
739673; 1
739676; 2
739931; 1
739934; 2
740088; 1
740091; 2
742143; 1
742147; 2
742349; 1
742353; 2
742730; 1
742732; 2
744097; 1
744099; 2
744111; 1
744120; 2
744187; 1
744192; 2
754518; 1
754521; 2
754522; 1
754524; 2
754536; 1
754542; 2
754550; 1
754552; 2
755206; 1
755210; 2
755230; 1
755237; 2
755293; 1
755297; 2
755993; 1
755998; 2
756046; 1
756049; 2
756162; 1
756169; 2
756235; 1
756238; 2
756285; 1
756289; 2
756383; 1
756387; 2
756520; 1
756526; 2
756563; 1
756565; 2
756589; 1
756594; 2
756773; 1
756781; 2
756791; 1
756794; 2
757268; 1
757271; 2
757284; 1
757286; 2
757305; 1
757306; 2
757319; 1
757323; 2
757325; 1
757328; 2
757341; 1
757342; 2
757540; 1
757543; 2
757579; 1
757586; 2
757591; 1
757595; 2
757603; 1
757605; 2
757618; 1
757620; 2
757798; 1
757804; 2
757864; 1
757869; 2
757891; 1
757893; 2
757931; 1
757934; 2
758338; 1
758340; 2
758371; 1
758377; 2
758533; 1
758537; 2
758796; 1
758800; 2
758801; 1
758802; 2
758803; 1
758805; 2
758826; 1
758829; 2
758832; 1
758841; 2
758869; 1
758872; 2
758873; 1
758875; 2
759239; 1
759246; 2
760010; 1
760013; 2
760416; 1
760425; 2
760429; 1
760431; 2
760503; 1
760512; 2
760514; 1
760519; 2
760529; 1
760532; 2
760534; 1
760537; 2
760564; 1
760565; 2
760566; 1
760568; 2
760605; 1
760608; 2
760609; 1
760610; 2
760685; 1
760692; 2
760718; 1
760721; 2
760945; 1
760948; 2
761031; 1
761032; 2
761881; 1
761883; 2
762408; 1
762411; 2
763033; 1
763036; 2
764950; 1
764953; 2
765137; 1
765139; 2
765168; 1
765169; 2
765275; 1
765279; 2
765280; 1
765283; 2
765286; 1
765287; 2
765414; 1
765423; 2
765602; 1
765606; 2
765607; 1
765613; 2
765614; 1
765616; 2
765619; 1
765623; 2
765855; 1
765875; 2
765876; 1
765887; 2
766341; 1
766344; 2
766839; 1
766844; 2
767101; 1
767103; 2
767559; 1
767563; 2
767916; 1
767923; 2
768721; 1
768724; 2
768860; 1
768862; 2
768958; 1
768960; 2
769009; 1
769012; 2
769024; 1
769027; 2
769101; 1
769103; 2
769121; 1
769123; 2
769131; 1
769133; 2
769152; 1
769154; 2
769163; 1
769165; 2
769178; 1
769179; 2
769333; 1
769339; 2
769356; 1
769358; 2
769398; 1
769401; 2
769575; 1
769578; 2
769588; 1
769590; 2
769598; 1
769599; 2
769601; 1
769603; 2
769617; 1
769619; 2
769620; 1
769622; 2
769648; 1
769650; 2
769688; 1
769690; 2
769703; 1
769706; 2
769743; 1
769744; 2
769784; 1
769785; 2
769787; 1
769790; 2
769851; 1
769853; 2
770518; 1
770521; 2
770620; 1
770623; 2
770761; 1
770763; 2
770845; 1
770851; 2
770885; 1
770888; 2
770889; 1
770892; 2
771060; 1
771064; 2
771136; 1
771149; 2
771223; 1
771226; 2
771267; 1
771270; 2
771397; 1
771402; 2
771760; 1
771763; 2
771808; 1
771811; 2
771977; 1
771979; 2
772083; 1
772084; 2
772095; 1
772098; 2
772239; 1
772242; 2
772279; 1
772285; 2
772385; 1
772388; 2
773120; 1
773123; 2
773844; 1
773865; 2
774092; 1
774117; 2
774140; 1
774144; 2
774147; 1
774151; 2
774212; 1
774214; 2
774251; 1
774252; 2
774255; 1
774258; 2
774315; 1
774329; 2
774396; 1
774398; 2
774477; 1
774480; 2
774510; 1
774512; 2
774530; 1
774533; 2
774535; 1
774541; 2
774615; 1
774617; 2
774686; 1
774691; 2
774747; 1
774751; 2
774755; 1
774757; 2
774758; 1
774761; 2
774766; 1
774769; 2
775328; 1
775335; 2
775420; 1
775427; 2
775547; 1
775558; 2
776070; 1
776077; 2
776181; 1
776185; 2
776326; 1
776327; 2
777714; 1
777717; 2
778135; 1
778138; 2
778171; 1
778176; 2
778598; 1
778605; 2
778989; 1
778992; 2
779371; 1
779374; 2
779492; 1
779494; 2
779495; 1
779498; 2
779499; 1
779503; 2
779597; 1
779606; 2
779641; 1
779644; 2
780097; 1
780098; 2
780101; 1
780106; 2
780108; 1
780112; 2
781016; 1
781022; 2
781633; 1
781636; 2
781777; 1
781780; 2
781858; 1
781861; 2
782017; 1
782020; 2
782589; 1
782591; 2
782712; 1
782714; 2
783104; 1
783106; 2
783205; 1
783208; 2
783311; 1
783314; 2
783375; 1
783378; 2
783385; 1
783389; 2
783482; 1
783485; 2
783563; 1
783568; 2
783741; 1
783743; 2
783899; 1
783902; 2
784030; 1
784032; 2
784170; 1
784173; 2
784274; 1
784276; 2
784389; 1
784391; 2
784597; 1
784600; 2
784688; 1
784689; 2
784774; 1
784777; 2
784836; 1
784838; 2
785004; 1
785009; 2
785030; 1
785033; 2
785059; 1
785061; 2
785191; 1
785193; 2
785316; 1
785320; 2
785339; 1
785341; 2
785351; 1
785356; 2
785358; 1
785359; 2
785648; 1
785655; 2
785800; 1
785802; 2
785850; 1
785852; 2
785881; 1
785883; 2
785987; 1
785992; 2
786064; 1
786067; 2
786139; 1
786143; 2
786155; 1
786158; 2
786240; 1
786242; 2
786343; 1
786345; 2
786365; 1
786368; 2
786382; 1
786385; 2
786480; 1
786482; 2
786560; 1
786564; 2
786581; 1
786584; 2
786589; 1
786595; 2
786601; 1
786604; 2
786605; 1
786609; 2
786611; 1
786615; 2
786711; 1
786715; 2
786744; 1
786745; 2
786755; 1
786758; 2
786951; 1
786953; 2
787111; 1
787117; 2
787223; 1
787226; 2
787530; 1
787532; 2
787534; 1
787535; 2
787757; 1
787759; 2
787831; 1
787833; 2
787849; 1
787852; 2
788328; 1
788333; 2
788334; 1
788342; 2
788448; 1
788451; 2
788611; 1
788614; 2
788689; 1
788693; 2
788775; 1
788777; 2
789177; 1
789178; 2
789282; 1
789283; 2
789441; 1
789443; 2
789523; 1
789525; 2
789642; 1
789644; 2
789784; 1
789788; 2
789812; 1
789816; 2
789848; 1
789850; 2
790051; 1
790055; 2
790299; 1
790303; 2
790499; 1
790502; 2
790504; 1
790506; 2
790531; 1
790539; 2
790587; 1
790588; 2
790631; 1
790639; 2
790664; 1
790667; 2
791600; 1
791602; 2
791725; 1
791727; 2
792653; 1
792656; 2
794029; 1
794037; 2
794039; 1
794045; 2
794049; 1
794051; 2
794099; 1
794102; 2
796392; 1
796394; 2
798617; 1
798624; 2
798927; 1
798928; 2
799217; 1
799218; 2
799219; 1
799220; 2
800207; 1
800208; 2
800227; 1
800228; 2
801866; 1
801867; 2
802574; 1
802575; 2
802649; 1
802650; 2
808795; 1
808800; 2
809151; 1
809154; 2
809331; 1
809335; 2
809698; 1
809702; 2
810185; 1
810189; 2
810216; 1
810218; 2
810245; 1
810252; 2
810521; 1
810524; 2
810569; 1
810575; 2
810684; 1
810692; 2
810732; 1
810735; 2
810773; 1
810778; 2
810819; 1
810822; 2
810876; 1
810880; 2
810935; 1
810940; 2
810994; 1
811004; 2
811181; 1
811182; 2
811183; 1
811189; 2
811290; 1
811294; 2
811345; 1
811347; 2
811353; 1
811359; 2
811401; 1
811405; 2
811496; 1
811505; 2
811838; 1
811842; 2
811850; 1
811853; 2
811865; 1
811867; 2
811888; 1
811892; 2
811952; 1
811955; 2
812002; 1
812009; 2
812071; 1
812073; 2
812292; 1
812295; 2
812359; 1
812365; 2
812539; 1
812542; 2
812544; 1
812553; 2
812557; 1
812558; 2
812657; 1
812658; 2
812661; 1
812665; 2
812718; 1
812721; 2
812851; 1
812858; 2
813026; 1
813037; 2
813038; 1
813049; 2
813053; 1
813054; 2
813089; 1
813090; 2
813519; 1
813522; 2
813879; 1
813884; 2
813885; 1
813886; 2
814028; 1
814031; 2
814608; 1
814611; 2
820847; 1
820850; 2
821910; 1
821912; 2
822164; 1
822169; 2
822596; 1
822599; 2
822612; 1
822616; 2
822625; 1
822630; 2
822655; 1
822665; 2
822668; 1
822670; 2
822756; 1
822761; 2
822897; 1
822901; 2
822996; 1
822999; 2
823120; 1
823123; 2
823133; 1
823136; 2
823139; 1
823143; 2
823184; 1
823186; 2
823207; 1
823211; 2
823235; 1
823238; 2
823247; 1
823249; 2
823252; 1
823254; 2
823394; 1
823396; 2
823402; 1
823405; 2
823413; 1
823417; 2
823438; 1
823439; 2
823448; 1
823456; 2
823464; 1
823475; 2
823635; 1
823638; 2
823648; 1
823651; 2
823732; 1
823734; 2
823748; 1
823751; 2
823770; 1
823773; 2
823863; 1
823866; 2
823959; 1
823960; 2
823964; 1
823966; 2
824150; 1
824157; 2
824441; 1
824448; 2
824497; 1
824500; 2
824680; 1
824682; 2
824785; 1
824787; 2
824822; 1
824826; 2
824876; 1
824886; 2
824891; 1
824892; 2
824893; 1
824894; 2
824907; 1
824908; 2
825179; 1
825185; 2
825228; 1
825232; 2
825816; 1
825818; 2
826183; 1
826190; 2
826191; 1
826192; 2
826274; 1
826277; 2
826339; 1
826342; 2
826417; 1
826423; 2
826691; 1
826693; 2
826876; 1
826878; 2
826914; 1
826919; 2
827119; 1
827127; 2
827195; 1
827197; 2
827238; 1
827242; 2
827811; 1
827816; 2
828237; 1
828240; 2
828281; 1
828289; 2
828489; 1
828497; 2
828603; 1
828606; 2
829074; 1
829077; 2
829104; 1
829111; 2
829114; 1
829115; 2
829118; 1
829119; 2
829123; 1
829124; 2
829190; 1
829196; 2
829722; 1
829724; 2
829762; 1
829765; 2
829943; 1
829946; 2
830100; 1
830103; 2
830159; 1
830166; 2
830251; 1
830254; 2
830418; 1
830422; 2
830441; 1
830445; 2
830603; 1
830607; 2
830623; 1
830628; 2
830670; 1
830673; 2
830706; 1
830710; 2
831209; 1
831216; 2
831586; 1
831591; 2
831607; 1
831611; 2
831647; 1
831649; 2
832274; 1
832279; 2
832296; 1
832300; 2
832518; 1
832522; 2
832523; 1
832532; 2
832533; 1
832534; 2
833354; 1
833357; 2
834863; 1
834866; 2
834987; 1
834989; 2
836172; 1
836173; 2
837280; 1
837282; 2
837722; 1
837724; 2
837784; 1
837786; 2
838089; 1
838100; 2
838563; 1
838565; 2
838886; 1
838887; 2
839395; 1
839398; 2
839897; 1
839898; 2
839902; 1
839903; 2
839932; 1
839939; 2
840012; 1
840014; 2
840032; 1
840035; 2
840134; 1
840137; 2
840314; 1
840322; 2
840368; 1
840373; 2
840432; 1
840438; 2
840479; 1
840481; 2
840580; 1
840581; 2
840723; 1
840724; 2
840807; 1
840810; 2
840811; 1
840813; 2
840823; 1
840826; 2
840837; 1
840839; 2
840910; 1
840913; 2
840956; 1
840959; 2
840964; 1
840967; 2
841015; 1
841018; 2
841026; 1
841036; 2
841128; 1
841130; 2
841131; 1
841133; 2
841140; 1
841142; 2
841251; 1
841254; 2
841320; 1
841322; 2
841351; 1
841354; 2
841398; 1
841400; 2
841434; 1
841438; 2
841486; 1
841487; 2
841535; 1
841538; 2
841577; 1
841586; 2
841636; 1
841640; 2
841669; 1
841672; 2
841680; 1
841682; 2
841755; 1
841760; 2
841761; 1
841767; 2
841840; 1
841845; 2
841846; 1
841847; 2
841910; 1
841913; 2
842008; 1
842011; 2
842070; 1
842073; 2
842109; 1
842112; 2
842190; 1
842196; 2
842330; 1
842335; 2
842352; 1
842355; 2
842382; 1
842385; 2
842446; 1
842448; 2
842449; 1
842452; 2
842587; 1
842589; 2
842600; 1
842607; 2
842608; 1
842611; 2
842756; 1
842757; 2
842761; 1
842764; 2
842795; 1
842797; 2
842832; 1
842833; 2
842925; 1
842928; 2
843034; 1
843035; 2
843073; 1
843075; 2
843080; 1
843083; 2
843094; 1
843098; 2
843177; 1
843181; 2
843214; 1
843218; 2
843265; 1
843269; 2
843474; 1
843477; 2
843516; 1
843518; 2
843590; 1
843596; 2
843612; 1
843620; 2
843668; 1
843673; 2
843766; 1
843772; 2
843807; 1
843812; 2
843813; 1
843817; 2
843863; 1
843864; 2
843866; 1
843869; 2
843916; 1
843919; 2
844120; 1
844124; 2
844232; 1
844235; 2
844299; 1
844302; 2
844345; 1
844348; 2
844380; 1
844383; 2
844389; 1
844392; 2
844475; 1
844478; 2
844530; 1
844534; 2
844548; 1
844550; 2
844627; 1
844630; 2
844755; 1
844756; 2
844995; 1
844997; 2
845010; 1
845018; 2
845117; 1
845121; 2
845295; 1
845297; 2
845322; 1
845325; 2
845886; 1
845898; 2
845899; 1
845901; 2
845953; 1
845956; 2
845975; 1
845978; 2
846358; 1
846363; 2
846414; 1
846417; 2
846765; 1
846784; 2
846800; 1
846803; 2
846911; 1
846914; 2
846954; 1
846962; 2
847187; 1
847191; 2
847215; 1
847221; 2
847248; 1
847253; 2
847320; 1
847328; 2
847337; 1
847341; 2
847343; 1
847344; 2
847416; 1
847418; 2
847465; 1
847467; 2
847791; 1
847792; 2
847793; 1
847802; 2
848072; 1
848075; 2
848115; 1
848117; 2
848161; 1
848164; 2
848165; 1
848168; 2
848189; 1
848191; 2
848459; 1
848462; 2
848643; 1
848646; 2
849127; 1
849129; 2
849137; 1
849139; 2
853315; 1
853316; 2
854069; 1
854071; 2
854073; 1
854074; 2
854075; 1
854076; 2
854333; 1
854334; 2
856862; 1
856863; 2
862749; 1
862752; 2
862975; 1
862979; 2
863284; 1
863290; 2
863603; 1
863606; 2
863612; 1
863615; 2
864242; 1
864255; 2
864296; 1
864299; 2
864456; 1
864458; 2
864533; 1
864536; 2
864616; 1
864618; 2
864723; 1
864726; 2
864917; 1
864921; 2
864991; 1
864994; 2
865076; 1
865085; 2
865092; 1
865102; 2
865195; 1
865200; 2
865208; 1
865213; 2
865237; 1
865242; 2
865305; 1
865311; 2
865414; 1
865417; 2
865466; 1
865475; 2
865509; 1
865514; 2
865515; 1
865516; 2
865521; 1
865525; 2
865527; 1
865530; 2
865543; 1
865544; 2
865577; 1
865578; 2
866049; 1
866052; 2
866316; 1
866322; 2
866350; 1
866354; 2
866795; 1
866807; 2
866822; 1
866826; 2
866859; 1
866861; 2
867066; 1
867070; 2
867072; 1
867081; 2
867082; 1
867083; 2
867123; 1
867130; 2
867149; 1
867152; 2
867348; 1
867352; 2
867381; 1
867388; 2
867572; 1
867575; 2
868476; 1
868480; 2
868481; 1
868488; 2
868491; 1
868494; 2
868750; 1
868752; 2
868827; 1
868829; 2
869145; 1
869148; 2
870259; 1
870263; 2
870650; 1
870652; 2
871045; 1
871049; 2
871053; 1
871056; 2
871493; 1
871495; 2
871846; 1
871849; 2
872182; 1
872187; 2
873053; 1
873057; 2
873592; 1
873597; 2
874046; 1
874049; 2
874226; 1
874228; 2
875414; 1
875416; 2
875682; 1
875685; 2
875703; 1
875706; 2
875874; 1
875876; 2
875982; 1
875986; 2
876019; 1
876022; 2
876350; 1
876356; 2
876369; 1
876370; 2
876398; 1
876400; 2
876408; 1
876411; 2
876434; 1
876437; 2
876449; 1
876452; 2
876456; 1
876458; 2
876531; 1
876536; 2
876643; 1
876648; 2
876799; 1
876801; 2
876823; 1
876825; 2
876847; 1
876854; 2
876970; 1
876972; 2
876980; 1
876983; 2
877050; 1
877053; 2
877062; 1
877065; 2
877167; 1
877172; 2
877235; 1
877240; 2
877252; 1
877254; 2
877279; 1
877281; 2
877299; 1
877301; 2
877377; 1
877379; 2
877485; 1
877488; 2
877691; 1
877700; 2
877972; 1
877975; 2
878033; 1
878035; 2
878198; 1
878206; 2
878241; 1
878249; 2
878360; 1
878362; 2
878406; 1
878409; 2
878481; 1
878489; 2
878591; 1
878594; 2
878640; 1
878655; 2
878727; 1
878730; 2
878790; 1
878796; 2
879360; 1
879368; 2
879475; 1
879478; 2
880070; 1
880077; 2
880158; 1
880163; 2
880342; 1
880344; 2
880376; 1
880397; 2
880436; 1
880437; 2
880508; 1
880511; 2
880531; 1
880532; 2
880544; 1
880549; 2
880566; 1
880574; 2
880615; 1
880616; 2
880649; 1
880651; 2
880679; 1
880685; 2
880984; 1
880987; 2
881200; 1
881203; 2
881620; 1
881629; 2
882116; 1
882118; 2
882822; 1
882824; 2
883104; 1
883106; 2
883252; 1
883255; 2
883280; 1
883286; 2
883453; 1
883462; 2
884033; 1
884034; 2
884063; 1
884066; 2
884078; 1
884095; 2
884143; 1
884145; 2
884352; 1
884357; 2
884360; 1
884361; 2
884363; 1
884365; 2
884498; 1
884501; 2
884725; 1
884730; 2
884983; 1
884990; 2
885021; 1
885025; 2
885055; 1
885059; 2
