Sequence of timestamped events V0.1
 402
Name =402
Tbegin = 0
Tend = 885492
Count = 4578
69; 1
74; 2
179; 1
181; 2
193; 1
196; 2
218; 1
223; 2
375; 1
378; 2
678; 1
689; 2
707; 1
708; 2
729; 1
730; 2
763; 1
764; 2
823; 1
828; 2
832; 1
835; 2
902; 1
903; 2
1285; 1
1289; 2
1440; 1
1443; 2
1536; 1
1538; 2
1901; 1
1905; 2
2074; 1
2076; 2
2166; 1
2168; 2
2206; 1
2210; 2
2509; 1
2515; 2
2837; 1
2840; 2
3046; 1
3051; 2
3098; 1
3100; 2
3431; 1
3433; 2
3445; 1
3452; 2
3454; 1
3458; 2
3516; 1
3520; 2
3619; 1
3622; 2
3667; 1
3671; 2
3889; 1
3893; 2
4025; 1
4028; 2
4593; 1
4598; 2
4710; 1
4714; 2
5078; 1
5080; 2
5539; 1
5542; 2
7920; 1
7924; 2
7925; 1
7926; 2
7927; 1
7930; 2
7931; 1
7936; 2
7945; 1
7949; 2
8556; 1
8561; 2
13964; 1
13970; 2
14040; 1
14045; 2
14426; 1
14429; 2
14463; 1
14466; 2
14482; 1
14485; 2
14621; 1
14624; 2
14655; 1
14659; 2
14660; 1
14664; 2
14757; 1
14761; 2
14859; 1
14863; 2
14883; 1
14884; 2
14897; 1
14900; 2
15120; 1
15124; 2
15222; 1
15226; 2
15271; 1
15276; 2
15301; 1
15302; 2
15488; 1
15492; 2
15617; 1
15622; 2
15706; 1
15710; 2
15836; 1
15838; 2
15915; 1
15918; 2
15922; 1
15926; 2
16055; 1
16059; 2
16096; 1
16100; 2
16142; 1
16145; 2
16301; 1
16305; 2
16362; 1
16367; 2
16463; 1
16467; 2
16523; 1
16527; 2
16534; 1
16537; 2
16775; 1
16782; 2
16815; 1
16817; 2
17795; 1
17798; 2
18276; 1
18279; 2
18675; 1
18678; 2
18951; 1
18955; 2
19107; 1
19112; 2
19775; 1
19778; 2
19861; 1
19865; 2
19896; 1
19900; 2
20100; 1
20103; 2
20279; 1
20286; 2
20290; 1
20296; 2
20337; 1
20341; 2
20588; 1
20591; 2
20969; 1
20973; 2
27399; 1
27405; 2
27964; 1
27967; 2
28521; 1
28526; 2
29132; 1
29135; 2
29350; 1
29353; 2
29426; 1
29430; 2
29498; 1
29501; 2
29652; 1
29656; 2
29662; 1
29668; 2
30100; 1
30103; 2
30574; 1
30578; 2
30896; 1
30899; 2
31385; 1
31390; 2
31436; 1
31440; 2
31664; 1
31668; 2
31787; 1
31793; 2
32236; 1
32242; 2
32315; 1
32321; 2
32387; 1
32392; 2
32404; 1
32405; 2
32555; 1
32559; 2
32651; 1
32655; 2
32709; 1
32710; 2
32711; 1
32712; 2
32785; 1
32790; 2
32805; 1
32809; 2
32826; 1
32828; 2
32911; 1
32916; 2
32919; 1
32922; 2
33098; 1
33101; 2
33122; 1
33125; 2
33190; 1
33195; 2
33196; 1
33199; 2
33297; 1
33302; 2
33572; 1
33577; 2
33692; 1
33695; 2
33716; 1
33719; 2
33755; 1
33759; 2
33763; 1
33764; 2
33766; 1
33770; 2
33775; 1
33778; 2
33911; 1
33913; 2
34133; 1
34138; 2
34194; 1
34197; 2
34226; 1
34228; 2
34230; 1
34231; 2
34325; 1
34327; 2
34361; 1
34367; 2
34494; 1
34497; 2
34580; 1
34584; 2
34657; 1
34662; 2
34669; 1
34674; 2
34732; 1
34735; 2
34768; 1
34769; 2
34770; 1
34772; 2
34827; 1
34830; 2
34834; 1
34836; 2
34947; 1
34952; 2
35110; 1
35113; 2
35131; 1
35135; 2
35142; 1
35145; 2
35160; 1
35162; 2
35580; 1
35582; 2
35625; 1
35628; 2
35630; 1
35635; 2
35666; 1
35669; 2
35674; 1
35675; 2
35968; 1
35971; 2
36084; 1
36087; 2
36124; 1
36128; 2
36235; 1
36240; 2
36370; 1
36372; 2
36547; 1
36550; 2
36636; 1
36640; 2
36939; 1
36949; 2
37055; 1
37065; 2
37145; 1
37149; 2
37168; 1
37172; 2
37210; 1
37214; 2
37273; 1
37276; 2
37279; 1
37283; 2
38159; 1
38162; 2
38427; 1
38436; 2
39310; 1
39316; 2
39339; 1
39340; 2
39493; 1
39497; 2
39655; 1
39659; 2
39762; 1
39766; 2
39805; 1
39808; 2
40066; 1
40070; 2
46889; 1
46894; 2
46895; 1
46896; 2
46897; 1
46898; 2
46923; 1
46925; 2
47007; 1
47008; 2
47032; 1
47033; 2
47296; 1
47297; 2
47340; 1
47341; 2
47565; 1
47566; 2
47734; 1
47735; 2
47757; 1
47758; 2
47777; 1
47778; 2
47963; 1
47964; 2
48093; 1
48094; 2
48124; 1
48125; 2
48128; 1
48129; 2
48139; 1
48140; 2
48157; 1
48158; 2
48169; 1
48170; 2
48207; 1
48208; 2
48243; 1
48244; 2
48250; 1
48253; 2
48255; 1
48256; 2
48284; 1
48285; 2
48426; 1
48427; 2
48585; 1
48586; 2
49159; 1
49160; 2
49635; 1
49637; 2
49738; 1
49739; 2
49915; 1
49916; 2
49963; 1
49965; 2
53829; 1
53833; 2
54370; 1
54372; 2
54394; 1
54396; 2
54485; 1
54490; 2
54910; 1
54914; 2
55241; 1
55242; 2
55521; 1
55525; 2
55609; 1
55612; 2
55701; 1
55705; 2
55919; 1
55922; 2
55959; 1
55964; 2
55983; 1
55987; 2
56223; 1
56227; 2
56562; 1
56565; 2
56648; 1
56649; 2
57006; 1
57014; 2
57082; 1
57084; 2
57095; 1
57100; 2
57254; 1
57258; 2
57331; 1
57334; 2
57450; 1
57454; 2
57586; 1
57590; 2
57591; 1
57592; 2
57601; 1
57610; 2
57806; 1
57809; 2
57900; 1
57902; 2
57905; 1
57912; 2
58042; 1
58043; 2
58205; 1
58206; 2
58401; 1
58402; 2
58518; 1
58523; 2
59187; 1
59191; 2
59573; 1
59576; 2
60102; 1
60107; 2
61287; 1
61288; 2
62372; 1
62376; 2
63311; 1
63315; 2
63719; 1
63723; 2
64368; 1
64369; 2
65558; 1
65561; 2
65666; 1
65671; 2
65752; 1
65755; 2
65828; 1
65832; 2
65870; 1
65874; 2
66077; 1
66085; 2
66271; 1
66274; 2
67038; 1
67045; 2
67632; 1
67636; 2
67939; 1
67945; 2
68067; 1
68071; 2
68120; 1
68124; 2
68169; 1
68171; 2
68225; 1
68229; 2
68243; 1
68247; 2
68314; 1
68318; 2
68342; 1
68343; 2
68417; 1
68421; 2
68467; 1
68470; 2
68545; 1
68549; 2
68550; 1
68552; 2
68553; 1
68554; 2
68573; 1
68577; 2
68699; 1
68703; 2
68721; 1
68723; 2
68912; 1
68916; 2
68973; 1
68977; 2
68994; 1
68997; 2
69228; 1
69232; 2
69293; 1
69297; 2
69422; 1
69426; 2
69463; 1
69467; 2
69508; 1
69511; 2
69963; 1
69967; 2
70036; 1
70039; 2
70310; 1
70314; 2
70556; 1
70560; 2
70583; 1
70587; 2
70637; 1
70640; 2
70714; 1
70718; 2
71222; 1
71225; 2
71226; 1
71227; 2
71299; 1
71301; 2
71347; 1
71350; 2
71936; 1
71939; 2
73152; 1
73156; 2
73411; 1
73414; 2
73508; 1
73511; 2
73519; 1
73521; 2
74892; 1
74895; 2
74940; 1
74944; 2
75456; 1
75461; 2
76912; 1
76914; 2
77962; 1
77964; 2
79810; 1
79814; 2
81416; 1
81420; 2
83024; 1
83027; 2
83714; 1
83716; 2
84128; 1
84131; 2
84605; 1
84607; 2
84771; 1
84774; 2
84855; 1
84860; 2
84866; 1
84868; 2
85400; 1
85405; 2
85455; 1
85460; 2
85488; 1
85492; 2
85702; 1
85705; 2
85987; 1
85990; 2
86041; 1
86046; 2
86051; 1
86054; 2
86167; 1
86171; 2
86193; 1
86196; 2
86226; 1
86227; 2
86239; 1
86240; 2
86411; 1
86415; 2
86452; 1
86454; 2
86455; 1
86457; 2
86654; 1
86657; 2
86693; 1
86698; 2
86866; 1
86872; 2
86932; 1
86941; 2
87126; 1
87132; 2
87160; 1
87164; 2
87165; 1
87166; 2
87218; 1
87224; 2
87241; 1
87246; 2
87343; 1
87349; 2
87397; 1
87398; 2
87456; 1
87458; 2
87463; 1
87466; 2
87602; 1
87605; 2
87816; 1
87819; 2
87823; 1
87826; 2
88016; 1
88019; 2
88058; 1
88060; 2
88063; 1
88065; 2
88238; 1
88243; 2
88304; 1
88307; 2
88617; 1
88620; 2
88621; 1
88624; 2
88752; 1
88756; 2
88773; 1
88777; 2
88870; 1
88874; 2
88880; 1
88882; 2
88883; 1
88887; 2
88924; 1
88928; 2
88966; 1
88972; 2
88984; 1
88987; 2
89069; 1
89072; 2
89073; 1
89075; 2
89593; 1
89597; 2
89638; 1
89640; 2
90253; 1
90256; 2
90368; 1
90370; 2
90600; 1
90602; 2
91152; 1
91156; 2
91157; 1
91160; 2
91317; 1
91320; 2
91436; 1
91443; 2
91883; 1
91886; 2
92804; 1
92808; 2
92878; 1
92884; 2
92886; 1
92888; 2
93330; 1
93333; 2
93576; 1
93580; 2
93703; 1
93707; 2
94131; 1
94134; 2
94676; 1
94679; 2
99048; 1
99052; 2
99933; 1
99934; 2
99935; 1
99937; 2
99976; 1
99987; 2
99990; 1
99991; 2
99999; 1
100000; 2
100096; 1
100097; 2
100151; 1
100152; 2
100274; 1
100275; 2
100278; 1
100279; 2
100460; 1
100461; 2
100464; 1
100465; 2
100741; 1
100742; 2
100815; 1
100816; 2
101122; 1
101123; 2
101541; 1
101542; 2
101548; 1
101549; 2
102315; 1
102316; 2
102338; 1
102339; 2
102345; 1
102346; 2
102508; 1
102509; 2
102613; 1
102614; 2
102633; 1
102634; 2
102918; 1
102919; 2
103121; 1
103122; 2
103279; 1
103280; 2
103400; 1
103402; 2
103697; 1
103698; 2
103971; 1
103972; 2
107737; 1
107738; 2
108182; 1
108186; 2
108359; 1
108362; 2
108443; 1
108448; 2
108494; 1
108497; 2
109387; 1
109389; 2
109394; 1
109397; 2
109489; 1
109494; 2
109561; 1
109564; 2
109645; 1
109648; 2
109665; 1
109669; 2
109726; 1
109728; 2
109771; 1
109775; 2
109776; 1
109780; 2
109819; 1
109824; 2
110482; 1
110492; 2
110494; 1
110499; 2
110500; 1
110503; 2
110622; 1
110626; 2
110682; 1
110684; 2
110698; 1
110701; 2
110703; 1
110704; 2
110759; 1
110762; 2
110898; 1
110900; 2
110927; 1
110929; 2
111034; 1
111039; 2
111065; 1
111067; 2
111173; 1
111176; 2
111210; 1
111213; 2
111259; 1
111263; 2
111315; 1
111319; 2
111345; 1
111349; 2
111417; 1
111419; 2
111584; 1
111585; 2
111696; 1
111699; 2
111700; 1
111701; 2
111706; 1
111710; 2
112274; 1
112278; 2
112291; 1
112292; 2
112463; 1
112466; 2
112508; 1
112511; 2
112512; 1
112514; 2
112516; 1
112519; 2
112529; 1
112532; 2
114079; 1
114080; 2
114337; 1
114342; 2
114343; 1
114349; 2
115061; 1
115067; 2
115599; 1
115603; 2
116094; 1
116095; 2
117442; 1
117446; 2
117771; 1
117775; 2
117786; 1
117791; 2
118119; 1
118122; 2
118143; 1
118147; 2
118493; 1
118497; 2
118544; 1
118548; 2
118879; 1
118883; 2
118920; 1
118925; 2
119580; 1
119585; 2
120383; 1
120384; 2
121544; 1
121548; 2
121785; 1
121789; 2
121935; 1
121938; 2
121966; 1
121970; 2
121971; 1
121973; 2
122133; 1
122139; 2
122253; 1
122257; 2
122308; 1
122311; 2
122427; 1
122430; 2
122462; 1
122465; 2
122470; 1
122474; 2
122567; 1
122571; 2
122658; 1
122661; 2
122666; 1
122669; 2
122751; 1
122753; 2
122871; 1
122879; 2
123003; 1
123007; 2
123133; 1
123134; 2
123136; 1
123138; 2
123207; 1
123212; 2
123326; 1
123329; 2
123645; 1
123650; 2
123665; 1
123670; 2
123763; 1
123767; 2
123899; 1
123904; 2
123962; 1
123965; 2
124308; 1
124311; 2
124347; 1
124351; 2
125146; 1
125150; 2
125656; 1
125657; 2
125779; 1
125780; 2
125901; 1
125903; 2
125999; 1
126004; 2
126136; 1
126138; 2
126522; 1
126523; 2
126524; 1
126525; 2
126533; 1
126536; 2
126539; 1
126540; 2
126840; 1
126842; 2
126961; 1
126962; 2
127042; 1
127047; 2
127048; 1
127053; 2
127684; 1
127688; 2
129136; 1
129138; 2
129364; 1
129369; 2
130398; 1
130402; 2
131377; 1
131383; 2
131723; 1
131726; 2
132101; 1
132109; 2
132192; 1
132198; 2
135479; 1
135486; 2
135982; 1
135983; 2
136544; 1
136547; 2
136984; 1
136991; 2
137062; 1
137066; 2
137241; 1
137244; 2
137403; 1
137404; 2
137432; 1
137434; 2
137696; 1
137699; 2
138379; 1
138381; 2
138446; 1
138448; 2
138514; 1
138518; 2
139213; 1
139217; 2
139228; 1
139232; 2
139442; 1
139449; 2
139450; 1
139451; 2
139560; 1
139565; 2
140006; 1
140012; 2
140017; 1
140022; 2
140039; 1
140040; 2
140047; 1
140048; 2
140098; 1
140101; 2
140105; 1
140108; 2
140152; 1
140156; 2
140287; 1
140289; 2
140398; 1
140401; 2
140435; 1
140440; 2
140441; 1
140443; 2
140454; 1
140455; 2
140741; 1
140748; 2
140781; 1
140782; 2
141050; 1
141055; 2
141145; 1
141151; 2
141259; 1
141263; 2
141282; 1
141285; 2
141519; 1
141523; 2
141549; 1
141551; 2
141635; 1
141638; 2
141755; 1
141762; 2
141829; 1
141832; 2
141894; 1
141898; 2
141966; 1
141969; 2
142002; 1
142006; 2
142155; 1
142159; 2
142161; 1
142162; 2
142180; 1
142182; 2
142498; 1
142501; 2
142648; 1
142653; 2
142680; 1
142684; 2
142686; 1
142690; 2
142714; 1
142716; 2
142759; 1
142763; 2
143025; 1
143029; 2
143099; 1
143103; 2
143146; 1
143152; 2
143158; 1
143162; 2
143291; 1
143293; 2
143482; 1
143487; 2
143509; 1
143514; 2
143539; 1
143545; 2
143546; 1
143549; 2
143611; 1
143614; 2
143671; 1
143672; 2
143787; 1
143791; 2
143808; 1
143812; 2
143863; 1
143866; 2
143945; 1
143948; 2
144140; 1
144145; 2
144420; 1
144423; 2
144561; 1
144564; 2
144759; 1
144762; 2
144853; 1
144855; 2
144947; 1
144950; 2
145100; 1
145104; 2
145370; 1
145375; 2
145771; 1
145776; 2
145810; 1
145815; 2
146398; 1
146402; 2
146430; 1
146434; 2
147018; 1
147021; 2
147560; 1
147568; 2
147570; 1
147571; 2
147616; 1
147620; 2
148333; 1
148337; 2
151269; 1
151272; 2
151831; 1
151832; 2
151838; 1
151843; 2
152573; 1
152577; 2
153391; 1
153392; 2
153393; 1
153394; 2
153397; 1
153398; 2
153778; 1
153779; 2
154386; 1
154387; 2
154396; 1
154408; 2
154417; 1
154418; 2
154419; 1
154420; 2
154602; 1
154605; 2
155010; 1
155011; 2
155028; 1
155030; 2
155075; 1
155076; 2
155298; 1
155299; 2
155380; 1
155381; 2
155784; 1
155785; 2
155898; 1
155899; 2
155921; 1
155923; 2
156525; 1
156526; 2
156702; 1
156704; 2
156839; 1
156841; 2
156874; 1
156875; 2
157673; 1
157674; 2
157931; 1
157932; 2
161535; 1
161537; 2
161789; 1
161793; 2
162097; 1
162102; 2
162127; 1
162131; 2
162271; 1
162275; 2
162308; 1
162312; 2
162494; 1
162501; 2
162581; 1
162583; 2
162916; 1
162918; 2
163049; 1
163053; 2
163460; 1
163462; 2
163502; 1
163504; 2
163514; 1
163518; 2
163535; 1
163538; 2
163581; 1
163586; 2
163591; 1
163595; 2
163598; 1
163600; 2
163637; 1
163639; 2
163678; 1
163681; 2
163704; 1
163705; 2
164128; 1
164132; 2
164390; 1
164392; 2
164428; 1
164432; 2
164492; 1
164495; 2
164784; 1
164787; 2
165090; 1
165094; 2
165202; 1
165205; 2
165904; 1
165908; 2
166030; 1
166035; 2
166051; 1
166056; 2
166481; 1
166483; 2
166666; 1
166669; 2
166874; 1
166880; 2
167565; 1
167568; 2
168110; 1
168114; 2
168156; 1
168160; 2
168346; 1
168347; 2
168989; 1
168992; 2
170645; 1
170649; 2
170862; 1
170864; 2
170879; 1
170880; 2
170917; 1
170922; 2
171725; 1
171729; 2
171958; 1
171964; 2
172284; 1
172289; 2
172318; 1
172321; 2
173035; 1
173038; 2
173282; 1
173286; 2
173293; 1
173294; 2
173299; 1
173307; 2
173464; 1
173465; 2
173538; 1
173543; 2
174784; 1
174787; 2
174878; 1
174881; 2
175563; 1
175570; 2
176018; 1
176022; 2
176029; 1
176033; 2
176037; 1
176042; 2
176177; 1
176180; 2
176286; 1
176289; 2
176358; 1
176361; 2
176364; 1
176368; 2
176386; 1
176390; 2
176559; 1
176563; 2
176570; 1
176574; 2
176596; 1
176600; 2
176877; 1
176880; 2
176883; 1
176884; 2
176900; 1
176907; 2
176911; 1
176915; 2
176977; 1
176980; 2
177070; 1
177073; 2
177081; 1
177085; 2
177098; 1
177102; 2
177149; 1
177152; 2
177175; 1
177179; 2
177204; 1
177207; 2
177224; 1
177226; 2
177289; 1
177291; 2
177371; 1
177375; 2
177401; 1
177404; 2
177406; 1
177409; 2
177621; 1
177628; 2
177978; 1
177984; 2
177985; 1
177988; 2
177994; 1
177999; 2
178088; 1
178091; 2
178147; 1
178151; 2
178739; 1
178743; 2
178815; 1
178818; 2
179585; 1
179590; 2
179904; 1
179906; 2
180053; 1
180057; 2
180098; 1
180100; 2
180336; 1
180339; 2
180539; 1
180541; 2
180797; 1
180801; 2
180839; 1
180843; 2
180872; 1
180874; 2
180936; 1
180940; 2
181154; 1
181157; 2
181159; 1
181164; 2
181938; 1
181942; 2
182102; 1
182104; 2
182153; 1
182157; 2
183528; 1
183532; 2
183652; 1
183656; 2
184233; 1
184234; 2
184678; 1
184685; 2
184756; 1
184762; 2
185059; 1
185060; 2
185061; 1
185063; 2
185550; 1
185553; 2
185555; 1
185558; 2
185648; 1
185651; 2
187260; 1
187264; 2
190566; 1
190572; 2
190942; 1
190945; 2
191685; 1
191688; 2
191691; 1
191693; 2
191993; 1
191997; 2
192000; 1
192002; 2
192205; 1
192208; 2
192209; 1
192212; 2
193173; 1
193174; 2
193311; 1
193314; 2
193917; 1
193920; 2
194024; 1
194028; 2
194033; 1
194039; 2
194359; 1
194364; 2
194439; 1
194443; 2
194475; 1
194477; 2
194576; 1
194580; 2
194598; 1
194600; 2
194646; 1
194651; 2
194714; 1
194717; 2
194718; 1
194722; 2
194834; 1
194836; 2
194859; 1
194862; 2
194914; 1
194917; 2
195024; 1
195026; 2
195090; 1
195091; 2
195128; 1
195132; 2
195142; 1
195148; 2
195180; 1
195185; 2
195202; 1
195205; 2
195491; 1
195493; 2
195656; 1
195662; 2
195667; 1
195672; 2
195688; 1
195689; 2
195771; 1
195773; 2
195845; 1
195848; 2
195850; 1
195854; 2
195944; 1
195948; 2
195980; 1
195984; 2
196020; 1
196023; 2
196050; 1
196054; 2
196057; 1
196059; 2
196184; 1
196187; 2
196188; 1
196193; 2
196256; 1
196258; 2
196307; 1
196313; 2
196314; 1
196318; 2
196347; 1
196349; 2
196460; 1
196464; 2
196469; 1
196471; 2
196605; 1
196608; 2
196673; 1
196676; 2
196706; 1
196707; 2
196802; 1
196805; 2
196947; 1
196951; 2
196952; 1
196956; 2
197118; 1
197122; 2
197179; 1
197183; 2
197280; 1
197283; 2
197312; 1
197315; 2
197362; 1
197366; 2
197515; 1
197519; 2
197544; 1
197546; 2
197589; 1
197593; 2
197599; 1
197601; 2
197714; 1
197716; 2
197783; 1
197787; 2
197889; 1
197891; 2
198075; 1
198078; 2
198096; 1
198099; 2
198303; 1
198307; 2
198376; 1
198381; 2
198832; 1
198840; 2
199181; 1
199185; 2
199191; 1
199195; 2
199409; 1
199413; 2
199552; 1
199555; 2
199567; 1
199570; 2
200566; 1
200568; 2
200748; 1
200751; 2
201004; 1
201008; 2
201131; 1
201134; 2
201154; 1
201161; 2
201590; 1
201594; 2
202262; 1
202266; 2
207355; 1
207356; 2
207359; 1
207360; 2
207383; 1
207385; 2
207401; 1
207403; 2
207671; 1
207674; 2
207809; 1
207810; 2
207814; 1
207817; 2
207860; 1
207861; 2
207922; 1
207923; 2
207969; 1
207970; 2
207994; 1
207995; 2
208009; 1
208010; 2
208037; 1
208038; 2
208100; 1
208101; 2
208126; 1
208127; 2
208193; 1
208194; 2
208204; 1
208205; 2
208251; 1
208253; 2
208256; 1
208257; 2
208298; 1
208300; 2
208303; 1
208304; 2
208305; 1
208306; 2
208351; 1
208352; 2
208355; 1
208356; 2
208369; 1
208370; 2
208372; 1
208373; 2
208389; 1
208390; 2
208393; 1
208394; 2
208693; 1
208694; 2
208836; 1
208837; 2
208964; 1
208965; 2
209019; 1
209020; 2
209142; 1
209143; 2
209341; 1
209343; 2
209897; 1
209898; 2
210112; 1
210113; 2
210156; 1
210158; 2
210669; 1
210671; 2
210734; 1
210735; 2
210766; 1
210767; 2
210966; 1
210967; 2
211323; 1
211324; 2
211708; 1
211709; 2
211828; 1
211829; 2
216045; 1
216049; 2
216123; 1
216127; 2
216189; 1
216191; 2
216249; 1
216254; 2
216517; 1
216522; 2
216764; 1
216766; 2
216875; 1
216878; 2
217102; 1
217104; 2
217109; 1
217115; 2
217116; 1
217117; 2
217130; 1
217132; 2
217232; 1
217241; 2
217343; 1
217345; 2
217382; 1
217386; 2
217475; 1
217478; 2
217777; 1
217780; 2
217863; 1
217865; 2
217920; 1
217925; 2
218035; 1
218037; 2
218178; 1
218182; 2
218271; 1
218275; 2
218634; 1
218637; 2
218746; 1
218750; 2
218906; 1
218910; 2
219546; 1
219548; 2
220681; 1
220685; 2
220779; 1
220781; 2
220782; 1
220783; 2
220789; 1
220790; 2
220953; 1
220954; 2
221399; 1
221401; 2
221403; 1
221406; 2
221407; 1
221410; 2
221576; 1
221579; 2
221580; 1
221583; 2
222193; 1
222202; 2
222408; 1
222410; 2
222411; 1
222412; 2
223046; 1
223050; 2
223136; 1
223137; 2
223391; 1
223396; 2
223625; 1
223628; 2
223891; 1
223894; 2
224579; 1
224585; 2
224785; 1
224789; 2
224790; 1
224795; 2
226234; 1
226235; 2
226252; 1
226253; 2
226255; 1
226256; 2
226324; 1
226325; 2
226340; 1
226344; 2
226423; 1
226427; 2
226796; 1
226797; 2
226996; 1
227002; 2
227190; 1
227193; 2
227211; 1
227218; 2
227321; 1
227323; 2
227512; 1
227513; 2
227880; 1
227881; 2
228217; 1
228220; 2
228327; 1
228328; 2
228583; 1
228587; 2
228845; 1
228846; 2
228992; 1
228993; 2
229000; 1
229001; 2
229229; 1
229230; 2
229411; 1
229412; 2
229732; 1
229733; 2
229807; 1
229811; 2
229839; 1
229841; 2
229929; 1
229933; 2
229946; 1
229952; 2
229954; 1
229956; 2
230028; 1
230030; 2
230031; 1
230036; 2
230130; 1
230135; 2
230443; 1
230444; 2
230479; 1
230482; 2
230579; 1
230582; 2
230611; 1
230616; 2
230617; 1
230621; 2
230738; 1
230739; 2
230740; 1
230742; 2
230795; 1
230798; 2
230894; 1
230895; 2
231295; 1
231299; 2
231338; 1
231341; 2
231383; 1
231384; 2
231536; 1
231545; 2
231681; 1
231682; 2
231874; 1
231878; 2
231911; 1
231913; 2
231960; 1
231965; 2
232136; 1
232140; 2
232305; 1
232308; 2
232589; 1
232595; 2
232764; 1
232765; 2
232819; 1
232820; 2
232834; 1
232839; 2
233195; 1
233197; 2
233235; 1
233237; 2
233238; 1
233240; 2
233375; 1
233378; 2
233742; 1
233746; 2
233831; 1
233837; 2
233849; 1
233854; 2
234449; 1
234452; 2
234939; 1
234940; 2
235388; 1
235391; 2
235944; 1
235949; 2
236163; 1
236164; 2
236177; 1
236178; 2
236195; 1
236199; 2
236368; 1
236369; 2
236608; 1
236609; 2
237510; 1
237511; 2
237641; 1
237642; 2
238317; 1
238319; 2
238322; 1
238323; 2
239031; 1
239032; 2
239035; 1
239036; 2
239037; 1
239039; 2
239042; 1
239045; 2
239532; 1
239533; 2
239832; 1
239837; 2
239904; 1
239908; 2
240440; 1
240442; 2
240700; 1
240705; 2
240774; 1
240776; 2
241103; 1
241108; 2
241155; 1
241159; 2
242541; 1
242546; 2
242600; 1
242602; 2
242911; 1
242916; 2
243021; 1
243025; 2
243356; 1
243357; 2
243748; 1
243753; 2
244155; 1
244157; 2
244160; 1
244164; 2
244207; 1
244212; 2
244272; 1
244274; 2
244285; 1
244286; 2
244429; 1
244432; 2
244658; 1
244662; 2
244711; 1
244712; 2
244713; 1
244718; 2
244863; 1
244867; 2
245173; 1
245175; 2
245440; 1
245444; 2
245495; 1
245499; 2
245619; 1
245623; 2
245875; 1
245879; 2
245880; 1
245883; 2
245884; 1
245885; 2
246016; 1
246019; 2
246049; 1
246053; 2
246296; 1
246299; 2
246302; 1
246305; 2
246402; 1
246405; 2
246505; 1
246509; 2
246757; 1
246759; 2
247009; 1
247014; 2
247035; 1
247037; 2
247061; 1
247063; 2
247287; 1
247293; 2
247848; 1
247852; 2
247901; 1
247904; 2
247925; 1
247928; 2
248091; 1
248094; 2
248498; 1
248501; 2
248843; 1
248846; 2
248871; 1
248875; 2
248976; 1
248979; 2
249093; 1
249096; 2
249104; 1
249107; 2
249123; 1
249127; 2
249366; 1
249373; 2
249428; 1
249433; 2
249612; 1
249614; 2
249759; 1
249765; 2
249919; 1
249925; 2
250056; 1
250059; 2
250220; 1
250222; 2
250392; 1
250396; 2
250654; 1
250656; 2
250664; 1
250669; 2
250695; 1
250696; 2
250952; 1
250956; 2
251173; 1
251176; 2
251194; 1
251197; 2
252516; 1
252517; 2
252781; 1
252783; 2
253276; 1
253279; 2
253354; 1
253359; 2
253740; 1
253750; 2
254054; 1
254057; 2
255467; 1
255470; 2
259520; 1
259524; 2
261183; 1
261185; 2
261397; 1
261398; 2
261544; 1
261546; 2
261548; 1
261549; 2
261642; 1
261643; 2
261646; 1
261648; 2
261653; 1
261657; 2
261658; 1
261664; 2
261723; 1
261724; 2
261728; 1
261729; 2
261973; 1
261974; 2
261977; 1
261979; 2
262007; 1
262008; 2
262011; 1
262012; 2
262108; 1
262111; 2
262119; 1
262122; 2
262202; 1
262213; 2
262223; 1
262230; 2
262231; 1
262232; 2
262233; 1
262237; 2
262241; 1
262242; 2
262329; 1
262330; 2
262332; 1
262334; 2
262468; 1
262469; 2
262671; 1
262672; 2
262721; 1
262722; 2
262751; 1
262752; 2
262764; 1
262765; 2
262770; 1
262771; 2
262772; 1
262773; 2
262774; 1
262777; 2
262779; 1
262780; 2
262790; 1
262802; 2
262825; 1
262826; 2
262831; 1
262832; 2
262836; 1
262837; 2
263192; 1
263194; 2
263258; 1
263259; 2
263287; 1
263288; 2
263319; 1
263323; 2
263343; 1
263344; 2
263350; 1
263353; 2
263354; 1
263356; 2
263438; 1
263439; 2
263442; 1
263443; 2
263471; 1
263475; 2
263661; 1
263662; 2
264022; 1
264023; 2
264114; 1
264116; 2
264207; 1
264208; 2
264467; 1
264468; 2
264478; 1
264479; 2
264590; 1
264591; 2
264721; 1
264722; 2
264864; 1
264865; 2
264880; 1
264882; 2
264895; 1
264896; 2
264955; 1
264956; 2
264970; 1
264971; 2
264987; 1
264988; 2
264991; 1
264992; 2
265182; 1
265183; 2
265234; 1
265235; 2
265371; 1
265373; 2
265421; 1
265422; 2
269612; 1
269617; 2
269825; 1
269828; 2
270161; 1
270163; 2
270409; 1
270411; 2
270578; 1
270582; 2
270583; 1
270587; 2
270768; 1
270773; 2
271168; 1
271171; 2
271223; 1
271227; 2
271233; 1
271237; 2
271292; 1
271295; 2
271549; 1
271552; 2
271623; 1
271628; 2
271820; 1
271824; 2
272125; 1
272130; 2
272190; 1
272194; 2
272354; 1
272357; 2
272587; 1
272591; 2
272678; 1
272681; 2
272778; 1
272781; 2
272908; 1
272910; 2
273207; 1
273209; 2
273238; 1
273241; 2
273333; 1
273337; 2
273872; 1
273873; 2
273892; 1
273893; 2
273895; 1
273896; 2
274343; 1
274347; 2
274528; 1
274533; 2
274545; 1
274550; 2
274834; 1
274838; 2
275027; 1
275030; 2
275121; 1
275126; 2
275339; 1
275349; 2
275350; 1
275352; 2
276200; 1
276204; 2
276391; 1
276395; 2
276663; 1
276665; 2
278660; 1
278664; 2
281807; 1
281811; 2
281831; 1
281835; 2
283809; 1
283813; 2
283844; 1
283848; 2
283857; 1
283860; 2
283882; 1
283886; 2
283895; 1
283897; 2
284099; 1
284103; 2
284109; 1
284112; 2
284188; 1
284193; 2
284197; 1
284201; 2
284253; 1
284257; 2
284315; 1
284320; 2
284348; 1
284352; 2
284378; 1
284379; 2
284593; 1
284598; 2
284711; 1
284714; 2
284806; 1
284810; 2
284892; 1
284894; 2
284905; 1
284909; 2
284918; 1
284922; 2
284961; 1
284964; 2
285280; 1
285281; 2
285322; 1
285326; 2
285514; 1
285518; 2
285668; 1
285671; 2
285674; 1
285677; 2
285735; 1
285737; 2
285917; 1
285921; 2
286003; 1
286008; 2
286044; 1
286045; 2
286080; 1
286086; 2
286386; 1
286390; 2
286565; 1
286568; 2
286646; 1
286649; 2
287490; 1
287494; 2
287496; 1
287500; 2
287965; 1
287967; 2
288033; 1
288037; 2
288468; 1
288474; 2
288559; 1
288562; 2
289114; 1
289118; 2
289137; 1
289140; 2
289450; 1
289453; 2
289541; 1
289546; 2
289560; 1
289562; 2
290126; 1
290130; 2
290181; 1
290182; 2
290491; 1
290495; 2
290688; 1
290692; 2
291095; 1
291100; 2
291360; 1
291364; 2
292223; 1
292226; 2
292289; 1
292293; 2
293096; 1
293105; 2
293509; 1
293511; 2
293513; 1
293515; 2
294012; 1
294014; 2
294493; 1
294497; 2
295213; 1
295218; 2
295958; 1
295964; 2
297652; 1
297653; 2
298398; 1
298402; 2
298595; 1
298599; 2
298675; 1
298681; 2
298691; 1
298695; 2
299204; 1
299208; 2
299271; 1
299275; 2
299421; 1
299424; 2
299876; 1
299879; 2
299880; 1
299881; 2
299949; 1
299952; 2
300166; 1
300171; 2
301464; 1
301468; 2
301544; 1
301548; 2
301646; 1
301650; 2
301652; 1
301657; 2
301660; 1
301667; 2
301767; 1
301771; 2
301821; 1
301826; 2
301828; 1
301834; 2
301948; 1
301955; 2
302011; 1
302016; 2
302124; 1
302128; 2
302383; 1
302387; 2
302486; 1
302490; 2
302494; 1
302501; 2
302503; 1
302505; 2
302653; 1
302655; 2
302656; 1
302657; 2
302681; 1
302683; 2
302804; 1
302806; 2
302883; 1
302885; 2
302927; 1
302930; 2
303060; 1
303065; 2
303070; 1
303074; 2
303159; 1
303162; 2
303336; 1
303339; 2
303368; 1
303372; 2
303427; 1
303434; 2
303770; 1
303773; 2
303802; 1
303808; 2
303855; 1
303857; 2
303954; 1
303958; 2
304048; 1
304054; 2
304101; 1
304102; 2
304105; 1
304108; 2
304169; 1
304171; 2
304229; 1
304232; 2
304412; 1
304418; 2
304493; 1
304495; 2
305288; 1
305293; 2
305327; 1
305331; 2
305377; 1
305382; 2
305438; 1
305443; 2
305457; 1
305461; 2
305630; 1
305633; 2
305810; 1
305814; 2
306120; 1
306123; 2
306373; 1
306378; 2
306573; 1
306576; 2
306642; 1
306646; 2
306902; 1
306905; 2
306916; 1
306919; 2
306953; 1
306956; 2
306966; 1
306970; 2
307110; 1
307113; 2
307164; 1
307168; 2
307169; 1
307170; 2
307431; 1
307436; 2
307439; 1
307441; 2
307442; 1
307443; 2
308050; 1
308053; 2
308669; 1
308672; 2
308800; 1
308805; 2
309571; 1
309576; 2
310163; 1
310168; 2
310174; 1
310177; 2
310181; 1
310182; 2
310188; 1
310189; 2
310224; 1
310228; 2
310520; 1
310525; 2
310769; 1
310772; 2
313063; 1
313071; 2
313161; 1
313167; 2
315076; 1
315077; 2
315128; 1
315129; 2
315130; 1
315131; 2
315133; 1
315135; 2
315136; 1
315137; 2
315143; 1
315145; 2
315671; 1
315672; 2
315675; 1
315676; 2
315982; 1
315983; 2
315984; 1
315985; 2
315987; 1
315988; 2
315991; 1
315992; 2
316003; 1
316006; 2
316007; 1
316008; 2
316013; 1
316014; 2
316051; 1
316052; 2
316054; 1
316055; 2
316059; 1
316061; 2
316083; 1
316084; 2
316087; 1
316088; 2
316339; 1
316340; 2
316525; 1
316526; 2
316535; 1
316536; 2
316603; 1
316604; 2
317739; 1
317740; 2
317742; 1
317743; 2
318214; 1
318215; 2
318327; 1
318328; 2
318845; 1
318846; 2
318931; 1
318932; 2
318935; 1
318936; 2
318977; 1
318978; 2
319205; 1
319207; 2
319378; 1
319379; 2
319507; 1
319508; 2
319553; 1
319556; 2
319559; 1
319561; 2
319568; 1
319572; 2
319580; 1
319581; 2
319585; 1
319586; 2
319600; 1
319601; 2
319602; 1
319603; 2
319636; 1
319637; 2
324026; 1
324028; 2
324211; 1
324212; 2
324477; 1
324479; 2
324538; 1
324541; 2
324732; 1
324735; 2
324742; 1
324747; 2
324804; 1
324808; 2
324830; 1
324834; 2
325131; 1
325133; 2
325232; 1
325237; 2
325253; 1
325258; 2
325283; 1
325284; 2
325534; 1
325536; 2
325578; 1
325581; 2
325619; 1
325624; 2
325880; 1
325884; 2
325907; 1
325909; 2
325987; 1
325994; 2
325995; 1
325999; 2
326028; 1
326030; 2
326481; 1
326483; 2
326551; 1
326554; 2
326599; 1
326603; 2
326613; 1
326615; 2
326681; 1
326685; 2
326780; 1
326783; 2
327238; 1
327242; 2
327274; 1
327278; 2
328754; 1
328757; 2
328953; 1
328955; 2
329073; 1
329076; 2
329582; 1
329585; 2
330732; 1
330735; 2
330861; 1
330865; 2
330948; 1
330953; 2
332724; 1
332729; 2
334311; 1
334316; 2
334521; 1
334523; 2
334524; 1
334526; 2
334810; 1
334813; 2
334885; 1
334888; 2
335124; 1
335129; 2
335594; 1
335597; 2
336201; 1
336205; 2
336215; 1
336219; 2
336258; 1
336261; 2
337149; 1
337153; 2
337214; 1
337218; 2
337466; 1
337469; 2
337471; 1
337473; 2
337535; 1
337538; 2
337620; 1
337622; 2
337659; 1
337661; 2
337705; 1
337709; 2
337726; 1
337729; 2
337764; 1
337767; 2
337877; 1
337881; 2
337895; 1
337897; 2
337928; 1
337930; 2
338284; 1
338288; 2
338326; 1
338331; 2
338335; 1
338338; 2
338442; 1
338445; 2
338527; 1
338531; 2
338575; 1
338576; 2
338709; 1
338713; 2
338730; 1
338734; 2
338844; 1
338849; 2
338851; 1
338857; 2
339069; 1
339074; 2
339182; 1
339187; 2
339243; 1
339247; 2
339783; 1
339786; 2
339865; 1
339873; 2
339913; 1
339916; 2
340275; 1
340277; 2
340376; 1
340381; 2
340440; 1
340444; 2
340634; 1
340640; 2
341699; 1
341712; 2
341851; 1
341853; 2
341862; 1
341873; 2
342001; 1
342004; 2
342657; 1
342660; 2
343054; 1
343059; 2
343469; 1
343474; 2
343984; 1
343988; 2
344437; 1
344441; 2
344627; 1
344630; 2
345291; 1
345294; 2
345528; 1
345530; 2
346799; 1
346800; 2
346919; 1
346927; 2
348782; 1
348786; 2
351660; 1
351666; 2
352499; 1
352502; 2
352768; 1
352772; 2
353633; 1
353636; 2
353805; 1
353810; 2
354532; 1
354535; 2
354980; 1
354983; 2
354986; 1
354987; 2
354998; 1
355000; 2
355069; 1
355072; 2
355144; 1
355147; 2
355518; 1
355522; 2
355624; 1
355627; 2
355650; 1
355656; 2
355713; 1
355716; 2
355859; 1
355864; 2
355936; 1
355939; 2
355946; 1
355951; 2
355997; 1
355998; 2
356077; 1
356087; 2
356189; 1
356194; 2
356318; 1
356324; 2
356331; 1
356332; 2
356392; 1
356396; 2
356457; 1
356462; 2
356582; 1
356587; 2
356597; 1
356599; 2
356750; 1
356755; 2
356817; 1
356820; 2
356825; 1
356829; 2
356830; 1
356833; 2
356861; 1
356863; 2
356928; 1
356933; 2
356943; 1
356947; 2
357061; 1
357063; 2
357120; 1
357124; 2
357492; 1
357494; 2
357503; 1
357505; 2
357661; 1
357665; 2
357673; 1
357678; 2
357899; 1
357904; 2
357994; 1
357999; 2
358249; 1
358252; 2
358303; 1
358307; 2
358309; 1
358310; 2
358314; 1
358315; 2
358383; 1
358387; 2
358406; 1
358407; 2
358544; 1
358547; 2
358655; 1
358659; 2
358677; 1
358680; 2
358901; 1
358902; 2
358904; 1
358905; 2
358928; 1
358930; 2
358968; 1
358970; 2
358995; 1
359000; 2
359068; 1
359072; 2
359276; 1
359280; 2
359363; 1
359367; 2
359409; 1
359412; 2
359493; 1
359502; 2
359527; 1
359533; 2
359677; 1
359681; 2
359898; 1
359902; 2
359925; 1
359927; 2
359993; 1
359996; 2
360105; 1
360110; 2
360183; 1
360189; 2
360235; 1
360244; 2
360706; 1
360707; 2
360760; 1
360765; 2
360802; 1
360804; 2
361007; 1
361010; 2
361487; 1
361490; 2
361549; 1
361552; 2
361626; 1
361627; 2
361746; 1
361749; 2
361798; 1
361801; 2
361864; 1
361865; 2
361866; 1
361870; 2
361932; 1
361935; 2
361936; 1
361939; 2
362126; 1
362128; 2
362506; 1
362510; 2
362560; 1
362563; 2
363157; 1
363159; 2
363190; 1
363193; 2
363606; 1
363608; 2
363631; 1
363635; 2
364201; 1
364205; 2
364730; 1
364734; 2
365219; 1
365224; 2
365407; 1
365409; 2
366890; 1
366895; 2
366986; 1
366991; 2
369295; 1
369296; 2
369415; 1
369416; 2
369507; 1
369508; 2
369708; 1
369709; 2
369711; 1
369712; 2
369714; 1
369715; 2
369876; 1
369877; 2
369992; 1
369993; 2
370078; 1
370088; 2
370089; 1
370091; 2
370092; 1
370096; 2
370113; 1
370114; 2
370268; 1
370269; 2
370404; 1
370406; 2
370573; 1
370574; 2
370721; 1
370722; 2
371047; 1
371049; 2
371180; 1
371181; 2
371358; 1
371359; 2
371377; 1
371378; 2
371421; 1
371424; 2
371540; 1
371542; 2
371549; 1
371552; 2
371554; 1
371556; 2
371557; 1
371559; 2
371563; 1
371564; 2
371574; 1
371575; 2
371577; 1
371578; 2
371592; 1
371593; 2
371602; 1
371607; 2
371614; 1
371615; 2
371755; 1
371756; 2
372316; 1
372317; 2
372320; 1
372323; 2
372375; 1
372377; 2
372387; 1
372388; 2
372586; 1
372587; 2
372996; 1
373002; 2
373006; 1
373007; 2
373008; 1
373009; 2
373041; 1
373043; 2
373066; 1
373067; 2
373079; 1
373080; 2
377005; 1
377006; 2
377021; 1
377028; 2
377032; 1
377033; 2
377066; 1
377067; 2
377069; 1
377070; 2
377072; 1
377073; 2
377074; 1
377079; 2
377103; 1
377107; 2
377445; 1
377450; 2
377481; 1
377487; 2
377488; 1
377489; 2
377510; 1
377513; 2
377523; 1
377527; 2
377528; 1
377534; 2
377598; 1
377599; 2
377610; 1
377611; 2
377786; 1
377788; 2
377809; 1
377815; 2
377869; 1
377874; 2
378179; 1
378182; 2
378518; 1
378522; 2
378595; 1
378600; 2
378676; 1
378679; 2
378790; 1
378793; 2
378913; 1
378916; 2
378918; 1
378926; 2
378930; 1
378931; 2
378961; 1
378965; 2
379193; 1
379197; 2
379306; 1
379309; 2
379398; 1
379409; 2
379582; 1
379587; 2
379599; 1
379603; 2
379812; 1
379815; 2
379926; 1
379930; 2
379958; 1
379960; 2
379962; 1
379963; 2
380175; 1
380180; 2
380227; 1
380230; 2
380246; 1
380248; 2
380362; 1
380366; 2
381053; 1
381070; 2
381133; 1
381134; 2
381141; 1
381143; 2
381145; 1
381146; 2
381148; 1
381149; 2
381150; 1
381152; 2
381154; 1
381155; 2
381156; 1
381157; 2
381158; 1
381165; 2
381542; 1
381544; 2
381697; 1
381703; 2
381934; 1
381936; 2
382060; 1
382064; 2
382198; 1
382201; 2
384744; 1
384747; 2
384853; 1
384855; 2
384894; 1
384898; 2
384901; 1
384913; 2
384921; 1
384925; 2
384926; 1
384929; 2
384976; 1
384978; 2
384981; 1
384982; 2
385050; 1
385053; 2
385340; 1
385350; 2
385351; 1
385353; 2
385729; 1
385736; 2
385738; 1
385743; 2
386754; 1
386759; 2
389997; 1
390001; 2
390527; 1
390530; 2
391026; 1
391030; 2
391363; 1
391366; 2
391367; 1
391368; 2
391440; 1
391445; 2
391448; 1
391452; 2
391580; 1
391584; 2
391636; 1
391640; 2
391652; 1
391655; 2
391657; 1
391659; 2
391795; 1
391799; 2
391800; 1
391805; 2
391885; 1
391886; 2
391971; 1
391975; 2
392017; 1
392021; 2
392098; 1
392100; 2
392152; 1
392156; 2
392627; 1
392631; 2
392635; 1
392637; 2
392703; 1
392706; 2
392772; 1
392777; 2
392787; 1
392790; 2
392908; 1
392911; 2
392976; 1
392981; 2
393088; 1
393092; 2
393218; 1
393222; 2
393331; 1
393335; 2
393523; 1
393524; 2
393869; 1
393876; 2
394552; 1
394555; 2
394857; 1
394862; 2
395167; 1
395171; 2
395206; 1
395210; 2
396115; 1
396123; 2
396177; 1
396181; 2
396602; 1
396605; 2
396831; 1
396834; 2
397929; 1
397931; 2
397970; 1
397973; 2
398202; 1
398206; 2
399458; 1
399461; 2
400126; 1
400132; 2
400150; 1
400154; 2
400200; 1
400204; 2
401818; 1
401822; 2
401883; 1
401889; 2
401941; 1
401943; 2
402028; 1
402029; 2
404091; 1
404096; 2
404153; 1
404158; 2
405893; 1
405896; 2
405936; 1
405937; 2
405957; 1
405960; 2
405985; 1
405989; 2
406045; 1
406049; 2
406243; 1
406244; 2
406246; 1
406247; 2
406578; 1
406584; 2
407463; 1
407467; 2
407715; 1
407717; 2
407783; 1
407785; 2
408315; 1
408318; 2
408320; 1
408324; 2
408460; 1
408463; 2
409026; 1
409028; 2
409145; 1
409148; 2
409194; 1
409197; 2
409314; 1
409316; 2
409491; 1
409495; 2
409532; 1
409538; 2
410053; 1
410058; 2
410069; 1
410071; 2
410082; 1
410083; 2
410210; 1
410214; 2
410220; 1
410224; 2
410269; 1
410270; 2
410361; 1
410366; 2
410368; 1
410372; 2
410474; 1
410478; 2
410669; 1
410675; 2
410695; 1
410698; 2
410841; 1
410843; 2
410844; 1
410845; 2
410873; 1
410877; 2
410936; 1
410941; 2
410954; 1
410957; 2
410986; 1
410987; 2
411257; 1
411262; 2
411308; 1
411312; 2
411394; 1
411398; 2
411440; 1
411442; 2
411765; 1
411768; 2
411892; 1
411895; 2
411915; 1
411918; 2
411920; 1
411921; 2
411922; 1
411923; 2
411924; 1
411926; 2
411927; 1
411928; 2
411931; 1
411932; 2
412128; 1
412134; 2
412138; 1
412142; 2
412272; 1
412274; 2
412401; 1
412404; 2
412480; 1
412482; 2
412484; 1
412485; 2
412524; 1
412528; 2
412684; 1
412690; 2
412694; 1
412697; 2
412785; 1
412789; 2
412796; 1
412797; 2
412798; 1
412799; 2
412801; 1
412802; 2
412863; 1
412866; 2
412872; 1
412875; 2
413030; 1
413035; 2
413079; 1
413082; 2
413351; 1
413354; 2
413356; 1
413359; 2
413768; 1
413771; 2
413772; 1
413776; 2
414214; 1
414218; 2
414242; 1
414246; 2
414480; 1
414483; 2
414599; 1
414600; 2
414601; 1
414606; 2
415260; 1
415265; 2
415283; 1
415287; 2
415701; 1
415713; 2
415714; 1
415715; 2
415989; 1
415997; 2
416250; 1
416253; 2
416254; 1
416255; 2
416486; 1
416488; 2
416614; 1
416617; 2
417133; 1
417136; 2
417251; 1
417254; 2
417286; 1
417288; 2
417363; 1
417367; 2
418185; 1
418189; 2
418252; 1
418255; 2
418621; 1
418627; 2
419560; 1
419563; 2
420341; 1
420345; 2
420391; 1
420394; 2
421754; 1
421755; 2
422716; 1
422717; 2
422729; 1
422730; 2
422731; 1
422732; 2
422772; 1
422773; 2
422774; 1
422775; 2
422777; 1
422778; 2
422780; 1
422782; 2
422886; 1
422887; 2
423220; 1
423221; 2
423301; 1
423302; 2
423568; 1
423569; 2
423657; 1
423658; 2
423661; 1
423662; 2
423691; 1
423692; 2
423693; 1
423694; 2
423699; 1
423703; 2
423708; 1
423714; 2
423738; 1
423740; 2
423886; 1
423887; 2
424145; 1
424146; 2
424386; 1
424387; 2
424454; 1
424455; 2
424498; 1
424502; 2
424506; 1
424507; 2
424561; 1
424562; 2
424565; 1
424567; 2
424568; 1
424569; 2
424582; 1
424583; 2
424936; 1
424937; 2
424955; 1
424956; 2
425194; 1
425195; 2
425560; 1
425561; 2
425566; 1
425567; 2
425702; 1
425703; 2
425826; 1
425827; 2
426150; 1
426151; 2
426153; 1
426154; 2
426155; 1
426156; 2
426157; 1
426158; 2
426189; 1
426190; 2
426396; 1
426397; 2
426413; 1
426414; 2
426453; 1
426454; 2
426665; 1
426666; 2
426671; 1
426672; 2
427124; 1
427126; 2
427275; 1
427280; 2
427293; 1
427295; 2
427297; 1
427298; 2
427299; 1
427300; 2
427302; 1
427304; 2
427306; 1
427307; 2
427331; 1
427332; 2
431814; 1
431817; 2
431965; 1
431967; 2
431980; 1
431983; 2
432031; 1
432036; 2
432380; 1
432383; 2
432528; 1
432529; 2
433082; 1
433086; 2
433168; 1
433172; 2
433273; 1
433276; 2
433370; 1
433379; 2
433528; 1
433533; 2
433574; 1
433578; 2
434181; 1
434185; 2
434220; 1
434223; 2
434282; 1
434286; 2
434325; 1
434328; 2
434426; 1
434428; 2
434450; 1
434454; 2
434852; 1
434856; 2
434897; 1
434900; 2
434920; 1
434923; 2
435081; 1
435084; 2
435152; 1
435155; 2
435534; 1
435539; 2
435591; 1
435595; 2
435609; 1
435614; 2
436125; 1
436128; 2
436613; 1
436617; 2
437159; 1
437162; 2
437293; 1
437297; 2
437813; 1
437816; 2
438226; 1
438230; 2
442126; 1
442132; 2
442781; 1
442783; 2
442877; 1
442880; 2
443042; 1
443047; 2
443115; 1
443120; 2
443218; 1
443221; 2
443498; 1
443502; 2
444578; 1
444580; 2
444695; 1
444700; 2
444703; 1
444705; 2
445175; 1
445179; 2
445346; 1
445349; 2
445357; 1
445360; 2
445460; 1
445465; 2
445541; 1
445545; 2
445589; 1
445593; 2
445598; 1
445603; 2
445710; 1
445713; 2
445830; 1
445835; 2
445997; 1
446000; 2
446217; 1
446219; 2
446279; 1
446282; 2
446345; 1
446349; 2
446350; 1
446355; 2
446436; 1
446440; 2
446604; 1
446607; 2
446630; 1
446633; 2
446827; 1
446829; 2
446886; 1
446889; 2
446939; 1
446941; 2
447170; 1
447173; 2
447201; 1
447204; 2
447283; 1
447286; 2
447313; 1
447316; 2
447369; 1
447377; 2
447606; 1
447608; 2
448149; 1
448151; 2
448185; 1
448189; 2
448467; 1
448475; 2
448480; 1
448483; 2
448587; 1
448591; 2
448740; 1
448744; 2
449018; 1
449020; 2
449453; 1
449458; 2
450192; 1
450196; 2
452593; 1
452604; 2
452612; 1
452613; 2
452627; 1
452631; 2
454364; 1
454367; 2
454433; 1
454436; 2
459839; 1
459844; 2
459875; 1
459884; 2
460004; 1
460007; 2
460258; 1
460261; 2
460449; 1
460452; 2
461896; 1
461900; 2
461901; 1
461904; 2
461992; 1
461995; 2
462069; 1
462074; 2
462076; 1
462077; 2
462213; 1
462216; 2
462505; 1
462507; 2
462629; 1
462632; 2
462827; 1
462830; 2
462832; 1
462834; 2
463112; 1
463117; 2
463172; 1
463175; 2
463181; 1
463185; 2
463291; 1
463298; 2
463376; 1
463380; 2
463399; 1
463404; 2
463457; 1
463459; 2
463840; 1
463846; 2
463880; 1
463884; 2
464083; 1
464085; 2
464090; 1
464093; 2
464265; 1
464270; 2
464336; 1
464339; 2
464388; 1
464392; 2
464394; 1
464396; 2
464658; 1
464663; 2
464708; 1
464713; 2
464716; 1
464722; 2
464912; 1
464914; 2
464974; 1
464977; 2
465047; 1
465051; 2
465089; 1
465093; 2
465104; 1
465106; 2
465231; 1
465238; 2
465277; 1
465278; 2
465283; 1
465285; 2
465289; 1
465291; 2
465398; 1
465402; 2
465416; 1
465420; 2
465530; 1
465536; 2
465668; 1
465672; 2
465821; 1
465824; 2
465978; 1
465980; 2
466021; 1
466025; 2
466098; 1
466101; 2
466136; 1
466139; 2
466165; 1
466170; 2
466425; 1
466428; 2
466562; 1
466569; 2
466719; 1
466721; 2
467063; 1
467067; 2
467070; 1
467072; 2
467122; 1
467123; 2
467222; 1
467224; 2
467748; 1
467751; 2
467853; 1
467855; 2
468217; 1
468221; 2
468262; 1
468265; 2
469057; 1
469061; 2
469115; 1
469118; 2
469143; 1
469145; 2
469214; 1
469216; 2
469431; 1
469434; 2
469769; 1
469772; 2
469915; 1
469918; 2
469966; 1
469972; 2
470609; 1
470612; 2
470970; 1
470972; 2
470978; 1
470980; 2
471028; 1
471029; 2
471133; 1
471135; 2
471359; 1
471363; 2
471459; 1
471464; 2
471937; 1
471942; 2
473374; 1
473376; 2
475766; 1
475768; 2
475769; 1
475777; 2
475779; 1
475783; 2
475792; 1
475796; 2
476783; 1
476784; 2
476851; 1
476853; 2
476862; 1
476863; 2
476937; 1
476942; 2
476943; 1
476945; 2
477076; 1
477077; 2
477096; 1
477097; 2
477105; 1
477106; 2
477108; 1
477113; 2
477630; 1
477637; 2
477641; 1
477643; 2
477656; 1
477657; 2
477668; 1
477671; 2
477686; 1
477687; 2
477745; 1
477747; 2
477750; 1
477751; 2
477780; 1
477781; 2
477785; 1
477786; 2
477850; 1
477851; 2
478283; 1
478284; 2
478313; 1
478314; 2
478544; 1
478545; 2
478591; 1
478592; 2
478826; 1
478828; 2
478833; 1
478835; 2
478850; 1
478851; 2
478887; 1
478888; 2
479461; 1
479463; 2
479561; 1
479562; 2
479904; 1
479905; 2
480755; 1
480756; 2
481163; 1
481164; 2
484904; 1
484906; 2
485633; 1
485636; 2
485746; 1
485750; 2
486338; 1
486340; 2
486368; 1
486371; 2
486405; 1
486409; 2
486691; 1
486693; 2
486726; 1
486733; 2
486739; 1
486743; 2
487115; 1
487118; 2
487189; 1
487193; 2
487457; 1
487461; 2
487498; 1
487502; 2
487563; 1
487571; 2
487690; 1
487694; 2
487695; 1
487699; 2
488046; 1
488049; 2
488104; 1
488108; 2
488155; 1
488159; 2
488226; 1
488229; 2
488270; 1
488272; 2
488287; 1
488290; 2
488355; 1
488358; 2
488607; 1
488611; 2
488670; 1
488676; 2
488811; 1
488813; 2
488835; 1
488837; 2
488849; 1
488852; 2
489388; 1
489390; 2
489452; 1
489455; 2
489556; 1
489558; 2
489619; 1
489622; 2
489968; 1
489973; 2
489974; 1
489977; 2
490251; 1
490254; 2
491201; 1
491203; 2
494169; 1
494173; 2
498878; 1
498883; 2
499141; 1
499144; 2
499195; 1
499203; 2
499295; 1
499300; 2
499308; 1
499312; 2
499313; 1
499316; 2
499396; 1
499400; 2
499444; 1
499445; 2
499450; 1
499453; 2
499454; 1
499456; 2
499457; 1
499458; 2
499475; 1
499480; 2
499481; 1
499485; 2
499490; 1
499500; 2
499666; 1
499669; 2
499679; 1
499683; 2
499731; 1
499734; 2
499736; 1
499738; 2
499773; 1
499776; 2
499812; 1
499819; 2
499948; 1
499952; 2
500186; 1
500190; 2
500223; 1
500227; 2
500228; 1
500232; 2
500348; 1
500352; 2
500459; 1
500463; 2
500483; 1
500486; 2
500596; 1
500600; 2
500751; 1
500755; 2
500831; 1
500836; 2
500845; 1
500851; 2
500903; 1
500905; 2
501016; 1
501020; 2
501129; 1
501132; 2
501163; 1
501165; 2
501180; 1
501183; 2
501519; 1
501522; 2
501581; 1
501585; 2
501610; 1
501614; 2
501750; 1
501754; 2
501839; 1
501842; 2
502010; 1
502013; 2
502080; 1
502085; 2
502121; 1
502127; 2
502334; 1
502337; 2
502338; 1
502340; 2
502702; 1
502707; 2
502779; 1
502783; 2
502920; 1
502923; 2
502957; 1
502960; 2
503393; 1
503396; 2
503442; 1
503446; 2
504445; 1
504455; 2
504486; 1
504492; 2
507402; 1
507413; 2
507527; 1
507533; 2
509302; 1
509308; 2
509363; 1
509369; 2
509549; 1
509551; 2
509735; 1
509739; 2
510252; 1
510256; 2
510334; 1
510337; 2
512181; 1
512186; 2
512243; 1
512246; 2
512753; 1
512756; 2
513705; 1
513707; 2
513715; 1
513718; 2
513720; 1
513721; 2
513744; 1
513749; 2
513791; 1
513795; 2
513805; 1
513809; 2
513811; 1
513815; 2
513880; 1
513884; 2
513950; 1
513954; 2
514026; 1
514030; 2
514105; 1
514108; 2
514171; 1
514175; 2
514246; 1
514249; 2
514369; 1
514372; 2
514395; 1
514401; 2
514627; 1
514629; 2
514770; 1
514773; 2
515019; 1
515025; 2
515027; 1
515028; 2
515049; 1
515053; 2
515056; 1
515059; 2
515411; 1
515414; 2
515469; 1
515471; 2
515569; 1
515572; 2
515671; 1
515675; 2
515707; 1
515710; 2
515740; 1
515742; 2
515743; 1
515744; 2
515764; 1
515766; 2
515961; 1
515965; 2
516107; 1
516110; 2
516250; 1
516254; 2
516271; 1
516275; 2
516315; 1
516319; 2
516330; 1
516333; 2
517183; 1
517188; 2
517246; 1
517247; 2
517251; 1
517252; 2
517255; 1
517260; 2
517291; 1
517293; 2
517445; 1
517447; 2
517473; 1
517475; 2
517655; 1
517659; 2
517671; 1
517674; 2
517779; 1
517782; 2
517853; 1
517855; 2
517857; 1
517863; 2
518300; 1
518305; 2
518387; 1
518390; 2
518531; 1
518534; 2
518535; 1
518539; 2
518582; 1
518583; 2
518634; 1
518637; 2
518700; 1
518702; 2
518940; 1
518944; 2
518998; 1
519000; 2
519750; 1
519757; 2
519766; 1
519769; 2
519897; 1
519899; 2
520013; 1
520017; 2
520091; 1
520095; 2
520157; 1
520159; 2
520166; 1
520169; 2
520560; 1
520563; 2
520644; 1
520646; 2
520852; 1
520854; 2
521075; 1
521080; 2
521115; 1
521118; 2
521613; 1
521616; 2
521762; 1
521764; 2
521854; 1
521857; 2
521897; 1
521900; 2
521941; 1
521945; 2
522429; 1
522431; 2
522720; 1
522721; 2
522866; 1
522869; 2
523022; 1
523029; 2
523268; 1
523272; 2
523689; 1
523692; 2
525441; 1
525443; 2
525493; 1
525497; 2
529329; 1
529330; 2
529957; 1
529958; 2
530512; 1
530514; 2
530653; 1
530656; 2
530658; 1
530659; 2
530665; 1
530668; 2
530672; 1
530673; 2
530674; 1
530676; 2
531244; 1
531245; 2
531390; 1
531391; 2
531511; 1
531515; 2
531517; 1
531518; 2
531539; 1
531541; 2
531549; 1
531552; 2
531553; 1
531554; 2
531561; 1
531562; 2
531647; 1
531652; 2
531682; 1
531683; 2
531839; 1
531840; 2
531847; 1
531848; 2
531940; 1
531941; 2
531944; 1
531945; 2
531948; 1
531949; 2
531950; 1
531951; 2
532083; 1
532084; 2
532111; 1
532112; 2
532124; 1
532125; 2
532179; 1
532181; 2
532336; 1
532337; 2
532407; 1
532408; 2
532409; 1
532410; 2
532455; 1
532456; 2
532457; 1
532458; 2
532581; 1
532583; 2
532603; 1
532606; 2
532607; 1
532608; 2
532609; 1
532612; 2
532623; 1
532624; 2
532627; 1
532628; 2
532642; 1
532643; 2
532828; 1
532830; 2
533008; 1
533009; 2
533012; 1
533013; 2
533049; 1
533051; 2
533131; 1
533132; 2
533259; 1
533260; 2
533563; 1
533564; 2
533953; 1
533954; 2
534525; 1
534526; 2
534984; 1
534986; 2
534988; 1
534990; 2
534991; 1
534992; 2
534993; 1
534994; 2
539235; 1
539238; 2
539461; 1
539466; 2
539571; 1
539573; 2
539635; 1
539637; 2
539784; 1
539789; 2
540324; 1
540326; 2
540364; 1
540369; 2
540410; 1
540414; 2
540509; 1
540514; 2
540693; 1
540695; 2
541484; 1
541487; 2
541512; 1
541516; 2
541699; 1
541701; 2
541706; 1
541708; 2
541726; 1
541730; 2
541761; 1
541765; 2
541788; 1
541790; 2
541792; 1
541793; 2
541826; 1
541830; 2
541869; 1
541871; 2
541924; 1
541929; 2
542049; 1
542051; 2
542111; 1
542114; 2
542132; 1
542135; 2
542191; 1
542193; 2
542325; 1
542327; 2
542415; 1
542418; 2
542447; 1
542450; 2
542521; 1
542523; 2
542627; 1
542631; 2
542960; 1
542964; 2
543011; 1
543015; 2
543318; 1
543320; 2
543718; 1
543722; 2
543981; 1
543985; 2
544057; 1
544061; 2
544103; 1
544106; 2
544284; 1
544288; 2
545801; 1
545804; 2
547236; 1
547240; 2
548601; 1
548605; 2
550162; 1
550168; 2
552232; 1
552237; 2
552403; 1
552407; 2
552423; 1
552426; 2
552926; 1
552931; 2
553284; 1
553288; 2
553295; 1
553298; 2
553302; 1
553307; 2
553520; 1
553523; 2
553525; 1
553527; 2
553550; 1
553552; 2
553624; 1
553628; 2
553634; 1
553640; 2
553837; 1
553842; 2
553922; 1
553927; 2
553988; 1
553993; 2
554048; 1
554053; 2
554064; 1
554065; 2
554208; 1
554212; 2
554374; 1
554378; 2
554438; 1
554443; 2
554552; 1
554559; 2
554619; 1
554623; 2
554626; 1
554631; 2
554810; 1
554813; 2
554886; 1
554890; 2
554975; 1
554978; 2
554997; 1
555001; 2
555164; 1
555168; 2
555660; 1
555665; 2
555782; 1
555784; 2
555899; 1
555902; 2
556268; 1
556274; 2
556382; 1
556386; 2
556387; 1
556388; 2
556552; 1
556557; 2
557690; 1
557692; 2
557797; 1
557801; 2
557954; 1
557957; 2
558023; 1
558027; 2
558085; 1
558088; 2
558742; 1
558745; 2
558796; 1
558800; 2
558865; 1
558871; 2
558872; 1
558873; 2
559367; 1
559369; 2
559568; 1
559571; 2
559612; 1
559613; 2
559615; 1
559620; 2
561187; 1
561190; 2
561236; 1
561240; 2
561665; 1
561667; 2
561715; 1
561718; 2
562000; 1
562001; 2
562071; 1
562072; 2
562683; 1
562685; 2
562687; 1
562690; 2
562954; 1
562957; 2
563481; 1
563484; 2
564421; 1
564424; 2
564935; 1
564938; 2
565456; 1
565459; 2
565739; 1
565740; 2
567250; 1
567253; 2
567307; 1
567309; 2
567513; 1
567517; 2
567888; 1
567891; 2
568089; 1
568092; 2
568216; 1
568219; 2
568291; 1
568294; 2
568412; 1
568415; 2
568416; 1
568417; 2
568435; 1
568437; 2
568438; 1
568441; 2
568484; 1
568485; 2
568732; 1
568734; 2
568820; 1
568824; 2
568878; 1
568880; 2
569055; 1
569056; 2
569213; 1
569214; 2
569272; 1
569275; 2
569849; 1
569850; 2
569852; 1
569853; 2
569891; 1
569895; 2
569952; 1
569955; 2
569962; 1
569964; 2
570423; 1
570430; 2
570651; 1
570654; 2
570655; 1
570658; 2
570668; 1
570673; 2
571068; 1
571072; 2
571120; 1
571126; 2
571184; 1
571187; 2
571309; 1
571313; 2
571364; 1
571367; 2
571368; 1
571370; 2
571373; 1
571375; 2
571421; 1
571423; 2
571473; 1
571475; 2
571521; 1
571523; 2
571588; 1
571592; 2
571674; 1
571677; 2
571712; 1
571720; 2
571838; 1
571843; 2
571860; 1
571864; 2
571901; 1
571905; 2
572077; 1
572080; 2
572084; 1
572087; 2
572145; 1
572149; 2
572215; 1
572219; 2
572285; 1
572291; 2
572420; 1
572422; 2
572437; 1
572441; 2
572465; 1
572467; 2
572600; 1
572604; 2
572605; 1
572608; 2
572609; 1
572610; 2
572613; 1
572616; 2
572717; 1
572720; 2
572776; 1
572781; 2
572960; 1
572962; 2
572981; 1
572985; 2
572994; 1
572997; 2
573039; 1
573043; 2
573051; 1
573054; 2
573258; 1
573262; 2
573325; 1
573328; 2
573336; 1
573339; 2
573517; 1
573521; 2
573748; 1
573751; 2
573772; 1
573777; 2
573940; 1
573943; 2
573957; 1
573958; 2
573962; 1
573971; 2
574188; 1
574196; 2
574230; 1
574233; 2
574305; 1
574309; 2
574378; 1
574384; 2
574764; 1
574767; 2
574805; 1
574809; 2
575047; 1
575052; 2
575185; 1
575189; 2
575215; 1
575217; 2
575288; 1
575291; 2
575409; 1
575412; 2
575414; 1
575418; 2
575531; 1
575533; 2
575573; 1
575575; 2
575636; 1
575639; 2
575812; 1
575814; 2
575905; 1
575908; 2
576176; 1
576180; 2
576624; 1
576627; 2
576705; 1
576711; 2
576775; 1
576776; 2
576904; 1
576909; 2
577280; 1
577282; 2
577356; 1
577364; 2
577405; 1
577410; 2
577570; 1
577573; 2
577576; 1
577579; 2
577877; 1
577883; 2
577913; 1
577916; 2
577917; 1
577919; 2
578020; 1
578024; 2
578053; 1
578055; 2
578541; 1
578545; 2
578615; 1
578618; 2
579627; 1
579631; 2
580345; 1
580348; 2
584163; 1
584165; 2
584298; 1
584300; 2
584393; 1
584394; 2
584484; 1
584485; 2
584529; 1
584530; 2
584554; 1
584557; 2
584559; 1
584560; 2
584564; 1
584566; 2
584571; 1
584572; 2
584678; 1
584681; 2
584682; 1
584683; 2
584685; 1
584686; 2
584725; 1
584726; 2
584983; 1
584984; 2
585294; 1
585296; 2
585411; 1
585412; 2
585422; 1
585423; 2
585558; 1
585575; 2
585576; 1
585577; 2
585666; 1
585667; 2
585888; 1
585889; 2
585926; 1
585928; 2
585932; 1
585934; 2
586116; 1
586117; 2
586119; 1
586120; 2
586456; 1
586457; 2
586498; 1
586499; 2
586504; 1
586505; 2
586892; 1
586893; 2
586916; 1
586917; 2
586930; 1
586931; 2
586935; 1
586939; 2
586945; 1
586946; 2
586948; 1
586958; 2
587197; 1
587198; 2
587303; 1
587304; 2
588061; 1
588065; 2
588066; 1
588067; 2
588297; 1
588298; 2
588320; 1
588321; 2
588451; 1
588452; 2
588555; 1
588556; 2
588770; 1
588771; 2
588960; 1
588961; 2
588996; 1
588997; 2
593168; 1
593171; 2
593423; 1
593425; 2
593448; 1
593451; 2
593523; 1
593527; 2
593645; 1
593647; 2
593863; 1
593866; 2
593885; 1
593887; 2
593907; 1
593911; 2
593924; 1
593928; 2
593992; 1
593996; 2
594099; 1
594102; 2
594427; 1
594429; 2
594466; 1
594469; 2
594867; 1
594871; 2
595049; 1
595057; 2
595119; 1
595121; 2
595187; 1
595191; 2
595253; 1
595257; 2
595371; 1
595375; 2
596011; 1
596014; 2
596068; 1
596072; 2
596095; 1
596099; 2
596185; 1
596188; 2
596190; 1
596192; 2
596308; 1
596310; 2
596443; 1
596445; 2
596482; 1
596487; 2
596507; 1
596509; 2
596538; 1
596541; 2
596689; 1
596691; 2
596723; 1
596725; 2
596852; 1
596858; 2
597107; 1
597109; 2
597173; 1
597175; 2
597223; 1
597228; 2
597263; 1
597267; 2
597378; 1
597384; 2
597386; 1
597388; 2
597535; 1
597536; 2
597797; 1
597800; 2
597899; 1
597900; 2
597902; 1
597910; 2
598077; 1
598079; 2
598322; 1
598330; 2
598559; 1
598563; 2
598611; 1
598616; 2
599015; 1
599028; 2
599030; 1
599031; 2
599094; 1
599098; 2
599175; 1
599178; 2
599189; 1
599193; 2
600048; 1
600053; 2
600301; 1
600307; 2
602348; 1
602351; 2
602474; 1
602482; 2
603163; 1
603166; 2
603284; 1
603287; 2
604190; 1
604194; 2
604196; 1
604200; 2
604338; 1
604348; 2
604932; 1
604948; 2
605344; 1
605345; 2
606168; 1
606182; 2
606184; 1
606186; 2
606326; 1
606329; 2
606510; 1
606513; 2
606737; 1
606739; 2
606750; 1
606755; 2
606761; 1
606762; 2
607111; 1
607113; 2
607233; 1
607237; 2
607254; 1
607259; 2
607378; 1
607382; 2
607384; 1
607388; 2
607401; 1
607404; 2
607546; 1
607550; 2
607635; 1
607638; 2
607706; 1
607711; 2
607714; 1
607718; 2
607800; 1
607806; 2
607885; 1
607888; 2
608023; 1
608026; 2
608222; 1
608226; 2
608415; 1
608418; 2
608419; 1
608420; 2
608434; 1
608439; 2
608543; 1
608546; 2
608692; 1
608695; 2
608857; 1
608861; 2
608870; 1
608873; 2
608920; 1
608923; 2
608969; 1
608972; 2
609028; 1
609031; 2
609412; 1
609413; 2
609632; 1
609635; 2
609682; 1
609685; 2
609763; 1
609765; 2
609818; 1
609821; 2
609847; 1
609851; 2
610059; 1
610064; 2
610068; 1
610069; 2
610098; 1
610102; 2
610936; 1
610938; 2
611639; 1
611643; 2
611791; 1
611792; 2
611899; 1
611901; 2
612205; 1
612220; 2
612261; 1
612262; 2
612460; 1
612465; 2
612827; 1
612830; 2
613481; 1
613483; 2
613559; 1
613563; 2
613631; 1
613635; 2
613645; 1
613664; 2
613967; 1
613974; 2
614483; 1
614487; 2
614556; 1
614560; 2
614716; 1
614719; 2
615916; 1
615919; 2
617224; 1
617228; 2
617230; 1
617231; 2
617288; 1
617293; 2
617304; 1
617311; 2
617474; 1
617476; 2
617477; 1
617479; 2
617664; 1
617667; 2
618902; 1
618905; 2
619154; 1
619161; 2
619348; 1
619351; 2
620256; 1
620259; 2
620390; 1
620393; 2
621224; 1
621228; 2
621703; 1
621706; 2
621847; 1
621850; 2
621956; 1
621960; 2
621978; 1
621981; 2
621995; 1
621998; 2
622004; 1
622011; 2
622012; 1
622016; 2
622425; 1
622430; 2
622713; 1
622716; 2
622718; 1
622723; 2
622935; 1
622940; 2
623021; 1
623025; 2
623074; 1
623080; 2
623339; 1
623341; 2
623639; 1
623643; 2
623721; 1
623724; 2
624081; 1
624084; 2
624123; 1
624128; 2
624163; 1
624167; 2
624383; 1
624387; 2
624426; 1
624429; 2
624611; 1
624614; 2
624778; 1
624781; 2
624947; 1
624950; 2
625119; 1
625124; 2
625238; 1
625245; 2
625297; 1
625301; 2
625311; 1
625315; 2
625316; 1
625318; 2
625445; 1
625449; 2
625472; 1
625474; 2
625489; 1
625493; 2
625636; 1
625641; 2
625647; 1
625651; 2
625853; 1
625856; 2
625862; 1
625865; 2
625950; 1
625953; 2
625973; 1
625976; 2
626012; 1
626016; 2
626059; 1
626062; 2
626124; 1
626127; 2
626336; 1
626341; 2
626390; 1
626392; 2
626653; 1
626658; 2
626729; 1
626732; 2
626906; 1
626909; 2
627005; 1
627008; 2
627073; 1
627076; 2
627218; 1
627222; 2
627383; 1
627387; 2
627401; 1
627405; 2
627407; 1
627412; 2
627461; 1
627464; 2
627521; 1
627523; 2
627526; 1
627528; 2
627619; 1
627621; 2
627641; 1
627645; 2
627646; 1
627650; 2
627810; 1
627812; 2
627874; 1
627877; 2
627887; 1
627890; 2
628463; 1
628471; 2
628559; 1
628567; 2
628589; 1
628592; 2
628661; 1
628667; 2
628734; 1
628737; 2
628860; 1
628864; 2
628877; 1
628880; 2
628887; 1
628890; 2
628995; 1
629000; 2
629017; 1
629019; 2
629132; 1
629136; 2
629298; 1
629300; 2
629333; 1
629335; 2
629341; 1
629344; 2
629469; 1
629476; 2
629612; 1
629615; 2
629622; 1
629632; 2
629634; 1
629644; 2
630019; 1
630021; 2
630556; 1
630561; 2
630576; 1
630579; 2
630643; 1
630646; 2
630718; 1
630722; 2
630756; 1
630757; 2
630759; 1
630764; 2
631130; 1
631140; 2
631344; 1
631347; 2
632209; 1
632212; 2
632303; 1
632306; 2
632716; 1
632718; 2
632943; 1
632945; 2
632946; 1
632947; 2
633194; 1
633198; 2
633367; 1
633371; 2
633676; 1
633680; 2
633744; 1
633746; 2
633748; 1
633751; 2
634758; 1
634761; 2
636969; 1
636970; 2
637580; 1
637581; 2
638023; 1
638024; 2
638132; 1
638133; 2
638221; 1
638222; 2
638263; 1
638264; 2
638328; 1
638331; 2
638333; 1
638340; 2
638341; 1
638343; 2
638344; 1
638345; 2
638487; 1
638489; 2
638491; 1
638493; 2
638539; 1
638540; 2
638541; 1
638542; 2
638544; 1
638546; 2
638554; 1
638555; 2
638699; 1
638700; 2
638706; 1
638707; 2
638708; 1
638709; 2
638867; 1
638869; 2
638947; 1
638949; 2
638951; 1
638952; 2
638972; 1
638973; 2
639125; 1
639126; 2
639175; 1
639177; 2
639349; 1
639350; 2
639465; 1
639466; 2
639489; 1
639492; 2
639520; 1
639527; 2
639555; 1
639556; 2
640136; 1
640137; 2
640358; 1
640359; 2
640487; 1
640488; 2
640583; 1
640584; 2
640604; 1
640605; 2
640896; 1
640897; 2
641447; 1
641448; 2
641574; 1
641575; 2
641746; 1
641750; 2
641752; 1
641753; 2
641755; 1
641756; 2
641760; 1
641762; 2
641763; 1
641764; 2
641766; 1
641767; 2
641785; 1
641786; 2
641917; 1
641918; 2
641946; 1
641947; 2
642142; 1
642143; 2
642180; 1
642181; 2
642361; 1
642362; 2
642644; 1
642645; 2
642811; 1
642812; 2
642915; 1
642916; 2
646972; 1
646976; 2
647418; 1
647420; 2
647430; 1
647433; 2
647465; 1
647468; 2
647562; 1
647567; 2
647709; 1
647714; 2
647730; 1
647734; 2
647972; 1
647976; 2
648199; 1
648202; 2
648338; 1
648340; 2
648770; 1
648773; 2
648849; 1
648855; 2
648858; 1
648862; 2
648925; 1
648928; 2
648991; 1
648996; 2
649343; 1
649345; 2
649403; 1
649407; 2
649526; 1
649529; 2
649553; 1
649557; 2
649563; 1
649565; 2
649676; 1
649686; 2
649693; 1
649695; 2
649773; 1
649775; 2
649853; 1
649854; 2
649991; 1
649995; 2
650144; 1
650148; 2
650759; 1
650763; 2
651609; 1
651614; 2
651690; 1
651692; 2
652870; 1
652874; 2
655122; 1
655125; 2
658626; 1
658630; 2
659208; 1
659218; 2
659219; 1
659222; 2
659339; 1
659342; 2
659488; 1
659492; 2
659884; 1
659887; 2
661837; 1
661846; 2
661949; 1
661955; 2
661957; 1
661965; 2
662028; 1
662030; 2
662077; 1
662078; 2
662227; 1
662231; 2
662234; 1
662236; 2
662268; 1
662271; 2
662412; 1
662415; 2
662428; 1
662431; 2
662455; 1
662460; 2
662475; 1
662478; 2
662605; 1
662608; 2
662676; 1
662679; 2
663051; 1
663057; 2
663529; 1
663531; 2
663590; 1
663594; 2
663794; 1
663803; 2
663839; 1
663843; 2
663862; 1
663866; 2
663867; 1
663870; 2
664024; 1
664028; 2
664248; 1
664253; 2
664254; 1
664258; 2
664263; 1
664264; 2
664690; 1
664695; 2
664834; 1
664838; 2
665211; 1
665216; 2
665594; 1
665596; 2
666213; 1
666217; 2
666248; 1
666253; 2
666749; 1
666754; 2
666942; 1
666947; 2
667104; 1
667109; 2
667577; 1
667582; 2
667639; 1
667644; 2
668922; 1
668925; 2
670288; 1
670291; 2
670292; 1
670295; 2
670306; 1
670310; 2
670387; 1
670391; 2
670713; 1
670714; 2
670949; 1
670954; 2
670959; 1
670961; 2
671448; 1
671449; 2
671471; 1
671475; 2
671575; 1
671582; 2
671790; 1
671794; 2
672311; 1
672315; 2
672383; 1
672384; 2
673533; 1
673534; 2
673889; 1
673890; 2
674095; 1
674096; 2
674662; 1
674666; 2
675555; 1
675557; 2
675574; 1
675579; 2
675787; 1
675791; 2
675972; 1
675976; 2
676000; 1
676001; 2
676002; 1
676005; 2
676260; 1
676265; 2
677337; 1
677340; 2
677389; 1
677392; 2
677402; 1
677404; 2
677467; 1
677470; 2
677637; 1
677640; 2
677642; 1
677643; 2
677651; 1
677653; 2
677894; 1
677896; 2
678078; 1
678081; 2
678110; 1
678113; 2
678812; 1
678817; 2
678859; 1
678861; 2
678918; 1
678924; 2
678927; 1
678932; 2
679017; 1
679020; 2
679087; 1
679090; 2
679117; 1
679121; 2
679135; 1
679140; 2
679196; 1
679201; 2
679211; 1
679212; 2
679215; 1
679216; 2
679284; 1
679286; 2
679332; 1
679335; 2
679339; 1
679343; 2
679348; 1
679354; 2
679500; 1
679503; 2
679522; 1
679525; 2
679533; 1
679537; 2
679674; 1
679679; 2
679872; 1
679878; 2
679924; 1
679927; 2
679943; 1
679946; 2
680063; 1
680070; 2
680137; 1
680143; 2
680148; 1
680164; 2
680206; 1
680207; 2
680208; 1
680214; 2
680464; 1
680465; 2
680561; 1
680563; 2
680650; 1
680653; 2
680679; 1
680680; 2
680681; 1
680682; 2
680698; 1
680703; 2
680929; 1
680931; 2
680964; 1
680965; 2
680969; 1
680970; 2
680971; 1
680972; 2
681039; 1
681043; 2
681060; 1
681063; 2
681389; 1
681392; 2
681502; 1
681507; 2
681837; 1
681841; 2
682030; 1
682031; 2
682085; 1
682086; 2
682087; 1
682088; 2
682107; 1
682108; 2
682122; 1
682126; 2
682156; 1
682157; 2
682215; 1
682217; 2
682237; 1
682238; 2
682240; 1
682241; 2
682330; 1
682331; 2
682413; 1
682414; 2
682424; 1
682426; 2
682428; 1
682429; 2
682430; 1
682431; 2
682898; 1
682901; 2
682911; 1
682912; 2
682924; 1
682925; 2
683036; 1
683037; 2
683070; 1
683074; 2
683248; 1
683249; 2
683351; 1
683352; 2
683372; 1
683374; 2
683494; 1
683495; 2
683604; 1
683605; 2
683689; 1
683690; 2
683719; 1
683720; 2
683807; 1
683808; 2
683907; 1
683908; 2
683988; 1
683990; 2
684100; 1
684101; 2
684151; 1
684155; 2
684164; 1
684165; 2
684293; 1
684295; 2
684297; 1
684298; 2
684300; 1
684301; 2
684479; 1
684481; 2
684483; 1
684484; 2
684488; 1
684490; 2
684572; 1
684573; 2
684660; 1
684661; 2
684715; 1
684716; 2
684794; 1
684795; 2
684825; 1
684828; 2
684878; 1
684879; 2
684926; 1
684927; 2
684946; 1
684947; 2
684951; 1
684952; 2
684991; 1
684992; 2
685018; 1
685019; 2
685023; 1
685024; 2
685028; 1
685029; 2
685038; 1
685039; 2
685061; 1
685062; 2
685066; 1
685067; 2
685068; 1
685069; 2
685091; 1
685092; 2
685136; 1
685137; 2
685154; 1
685155; 2
685218; 1
685219; 2
685221; 1
685222; 2
685306; 1
685307; 2
685311; 1
685312; 2
685354; 1
685355; 2
685359; 1
685366; 2
685436; 1
685437; 2
685509; 1
685510; 2
685531; 1
685534; 2
685539; 1
685543; 2
685553; 1
685555; 2
685695; 1
685697; 2
685698; 1
685699; 2
685764; 1
685765; 2
685909; 1
685910; 2
686009; 1
686010; 2
686011; 1
686012; 2
686052; 1
686053; 2
686100; 1
686101; 2
686197; 1
686198; 2
686244; 1
686245; 2
686317; 1
686318; 2
686351; 1
686357; 2
686621; 1
686622; 2
686651; 1
686652; 2
686755; 1
686756; 2
686763; 1
686764; 2
686768; 1
686769; 2
686798; 1
686799; 2
686858; 1
686859; 2
686860; 1
686861; 2
686863; 1
686864; 2
686978; 1
686979; 2
686986; 1
686989; 2
687013; 1
687014; 2
687088; 1
687089; 2
687168; 1
687169; 2
687198; 1
687201; 2
687308; 1
687309; 2
687353; 1
687354; 2
687378; 1
687379; 2
687390; 1
687391; 2
687393; 1
687394; 2
687473; 1
687476; 2
687483; 1
687487; 2
687511; 1
687512; 2
687634; 1
687638; 2
687711; 1
687712; 2
687716; 1
687717; 2
688036; 1
688037; 2
688126; 1
688127; 2
688142; 1
688143; 2
688147; 1
688148; 2
688149; 1
688150; 2
688152; 1
688153; 2
688197; 1
688198; 2
688342; 1
688343; 2
688412; 1
688415; 2
688417; 1
688418; 2
688422; 1
688423; 2
688434; 1
688435; 2
688445; 1
688446; 2
688622; 1
688623; 2
688797; 1
688798; 2
688800; 1
688801; 2
688855; 1
688856; 2
688921; 1
688922; 2
688923; 1
688924; 2
688930; 1
688931; 2
688935; 1
688936; 2
688938; 1
688939; 2
688940; 1
688941; 2
688985; 1
688986; 2
688995; 1
688996; 2
689018; 1
689019; 2
689025; 1
689026; 2
689063; 1
689064; 2
689103; 1
689104; 2
689135; 1
689136; 2
689160; 1
689161; 2
689248; 1
689249; 2
689368; 1
689371; 2
689498; 1
689499; 2
689508; 1
689510; 2
689981; 1
689982; 2
689983; 1
689984; 2
690173; 1
690175; 2
690254; 1
690255; 2
690264; 1
690265; 2
690299; 1
690300; 2
690391; 1
690392; 2
690584; 1
690585; 2
690614; 1
690615; 2
690665; 1
690666; 2
690757; 1
690758; 2
690759; 1
690760; 2
690814; 1
690815; 2
690820; 1
690822; 2
690902; 1
690903; 2
691065; 1
691066; 2
691085; 1
691086; 2
691095; 1
691096; 2
691097; 1
691098; 2
691117; 1
691118; 2
691130; 1
691131; 2
691153; 1
691154; 2
691175; 1
691176; 2
691261; 1
691262; 2
691275; 1
691276; 2
691315; 1
691317; 2
691352; 1
691354; 2
691355; 1
691356; 2
691357; 1
691358; 2
691380; 1
691381; 2
691443; 1
691445; 2
691453; 1
691454; 2
691458; 1
691459; 2
691473; 1
691474; 2
691478; 1
691481; 2
691495; 1
691496; 2
691498; 1
691499; 2
691503; 1
691504; 2
691505; 1
691506; 2
691534; 1
691535; 2
691559; 1
691560; 2
691566; 1
691567; 2
691570; 1
691571; 2
691574; 1
691576; 2
691579; 1
691580; 2
691581; 1
691583; 2
691584; 1
691585; 2
691595; 1
691596; 2
691598; 1
691601; 2
691625; 1
691626; 2
691655; 1
691656; 2
691657; 1
691659; 2
691660; 1
691661; 2
691686; 1
691687; 2
691723; 1
691724; 2
691820; 1
691821; 2
691840; 1
691841; 2
691892; 1
691893; 2
691913; 1
691915; 2
691918; 1
691919; 2
691920; 1
691921; 2
691933; 1
691935; 2
691938; 1
691939; 2
691976; 1
691979; 2
691980; 1
691981; 2
692028; 1
692029; 2
692071; 1
692074; 2
692081; 1
692082; 2
692096; 1
692097; 2
692133; 1
692134; 2
692153; 1
692154; 2
692195; 1
692196; 2
692199; 1
692200; 2
692215; 1
692216; 2
692217; 1
692218; 2
692237; 1
692238; 2
692256; 1
692257; 2
692282; 1
692283; 2
692284; 1
692285; 2
692287; 1
692288; 2
692311; 1
692312; 2
692314; 1
692315; 2
692316; 1
692317; 2
692318; 1
692319; 2
692324; 1
692325; 2
692351; 1
692352; 2
692353; 1
692354; 2
692381; 1
692382; 2
692411; 1
692414; 2
692432; 1
692433; 2
692434; 1
692435; 2
692457; 1
692458; 2
692500; 1
692501; 2
692530; 1
692531; 2
692539; 1
692540; 2
692559; 1
692561; 2
692577; 1
692579; 2
692590; 1
692591; 2
692597; 1
692599; 2
692623; 1
692624; 2
692631; 1
692635; 2
692641; 1
692644; 2
692650; 1
692651; 2
692669; 1
692671; 2
692675; 1
692676; 2
692677; 1
692679; 2
692701; 1
692702; 2
692707; 1
692710; 2
692711; 1
692712; 2
692723; 1
692724; 2
692735; 1
692737; 2
692742; 1
692743; 2
692755; 1
692759; 2
692797; 1
692798; 2
692809; 1
692810; 2
692811; 1
692812; 2
692823; 1
692825; 2
692834; 1
692835; 2
692855; 1
692856; 2
692895; 1
692898; 2
692899; 1
692900; 2
692901; 1
692903; 2
692904; 1
692905; 2
692912; 1
692913; 2
692914; 1
692915; 2
692922; 1
692925; 2
692942; 1
692944; 2
692954; 1
692958; 2
692974; 1
692975; 2
692976; 1
692981; 2
692989; 1
692990; 2
693006; 1
693007; 2
693024; 1
693025; 2
693044; 1
693045; 2
693046; 1
693048; 2
693055; 1
693056; 2
693130; 1
693131; 2
693145; 1
693147; 2
693157; 1
693158; 2
693165; 1
693166; 2
693172; 1
693173; 2
693182; 1
693185; 2
693194; 1
693197; 2
693243; 1
693245; 2
693259; 1
693266; 2
693267; 1
693268; 2
693270; 1
693274; 2
693275; 1
693276; 2
693280; 1
693282; 2
693301; 1
693302; 2
693382; 1
693383; 2
693385; 1
693386; 2
693400; 1
693401; 2
693415; 1
693417; 2
693430; 1
693431; 2
693432; 1
693433; 2
693442; 1
693444; 2
693454; 1
693456; 2
693467; 1
693468; 2
693469; 1
693470; 2
693490; 1
693491; 2
693492; 1
693493; 2
693510; 1
693511; 2
693575; 1
693576; 2
693587; 1
693591; 2
693595; 1
693596; 2
693597; 1
693598; 2
693601; 1
693602; 2
693603; 1
693604; 2
693623; 1
693624; 2
693625; 1
693626; 2
693637; 1
693638; 2
693677; 1
693678; 2
693693; 1
693694; 2
693697; 1
693698; 2
693715; 1
693716; 2
693721; 1
693722; 2
693733; 1
693734; 2
693753; 1
693755; 2
693763; 1
693765; 2
693773; 1
693776; 2
693820; 1
693821; 2
693826; 1
693827; 2
693853; 1
693855; 2
693900; 1
693901; 2
693908; 1
693909; 2
693911; 1
693912; 2
693913; 1
693914; 2
693918; 1
693919; 2
693920; 1
693921; 2
693923; 1
693925; 2
693930; 1
693931; 2
693933; 1
693934; 2
693955; 1
693956; 2
693990; 1
693991; 2
694050; 1
694051; 2
694053; 1
694054; 2
694074; 1
694075; 2
694077; 1
694078; 2
694080; 1
694081; 2
694094; 1
694096; 2
694118; 1
694119; 2
694130; 1
694132; 2
694143; 1
694144; 2
694145; 1
694146; 2
694147; 1
694148; 2
694153; 1
694154; 2
694173; 1
694174; 2
694191; 1
694193; 2
694218; 1
694219; 2
694238; 1
694239; 2
694273; 1
694275; 2
694287; 1
694289; 2
694458; 1
694459; 2
694498; 1
694499; 2
694510; 1
694511; 2
694513; 1
694514; 2
694529; 1
694530; 2
694548; 1
694549; 2
694552; 1
694553; 2
694554; 1
694555; 2
694586; 1
694588; 2
694633; 1
694634; 2
694650; 1
694651; 2
694661; 1
694662; 2
694670; 1
694672; 2
694715; 1
694716; 2
694723; 1
694724; 2
694732; 1
694733; 2
694745; 1
694747; 2
694766; 1
694767; 2
694768; 1
694769; 2
694770; 1
694771; 2
694777; 1
694778; 2
694780; 1
694782; 2
694786; 1
694787; 2
694805; 1
694806; 2
694815; 1
694816; 2
694854; 1
694855; 2
694856; 1
694857; 2
694860; 1
694861; 2
694862; 1
694863; 2
694864; 1
694865; 2
694898; 1
694899; 2
694917; 1
694919; 2
694923; 1
694924; 2
694938; 1
694939; 2
694953; 1
694954; 2
694961; 1
694963; 2
694964; 1
694965; 2
694987; 1
694988; 2
694993; 1
694994; 2
695004; 1
695005; 2
695073; 1
695075; 2
695083; 1
695084; 2
695089; 1
695091; 2
695093; 1
695095; 2
695106; 1
695107; 2
695114; 1
695115; 2
695172; 1
695173; 2
695177; 1
695178; 2
695200; 1
695201; 2
695207; 1
695208; 2
695209; 1
695211; 2
695212; 1
695214; 2
695216; 1
695218; 2
695241; 1
695242; 2
695255; 1
695257; 2
695262; 1
695263; 2
695265; 1
695266; 2
695267; 1
695268; 2
695269; 1
695271; 2
695274; 1
695277; 2
695285; 1
695286; 2
695287; 1
695288; 2
695315; 1
695316; 2
695320; 1
695323; 2
695325; 1
695326; 2
695367; 1
695368; 2
695372; 1
695373; 2
695377; 1
695378; 2
695381; 1
695382; 2
695414; 1
695415; 2
695417; 1
695418; 2
695420; 1
695421; 2
695447; 1
695448; 2
695452; 1
695455; 2
695505; 1
695506; 2
695537; 1
695539; 2
695545; 1
695546; 2
695547; 1
695548; 2
695565; 1
695566; 2
695606; 1
695607; 2
695613; 1
695614; 2
695615; 1
695616; 2
695617; 1
695618; 2
695705; 1
695706; 2
695720; 1
695721; 2
695733; 1
695734; 2
695736; 1
695738; 2
695747; 1
695748; 2
695757; 1
695758; 2
695760; 1
695761; 2
695762; 1
695763; 2
695785; 1
695786; 2
695790; 1
695791; 2
695802; 1
695804; 2
695806; 1
695808; 2
695837; 1
695838; 2
695845; 1
695846; 2
695850; 1
695851; 2
695855; 1
695856; 2
695860; 1
695861; 2
695869; 1
695870; 2
695883; 1
695884; 2
695902; 1
695903; 2
695915; 1
695916; 2
695920; 1
695921; 2
695940; 1
695941; 2
695948; 1
695949; 2
695971; 1
695972; 2
695978; 1
695979; 2
695987; 1
695988; 2
695990; 1
695991; 2
695993; 1
695994; 2
696007; 1
696008; 2
696010; 1
696011; 2
696012; 1
696013; 2
696015; 1
696016; 2
696028; 1
696029; 2
696038; 1
696039; 2
696064; 1
696065; 2
696087; 1
696088; 2
696092; 1
696094; 2
696095; 1
696096; 2
696101; 1
696102; 2
696125; 1
696126; 2
696153; 1
696154; 2
696156; 1
696157; 2
696161; 1
696162; 2
696183; 1
696184; 2
696185; 1
696186; 2
696211; 1
696212; 2
696239; 1
696241; 2
696244; 1
696245; 2
696246; 1
696247; 2
696251; 1
696252; 2
696263; 1
696265; 2
696273; 1
696274; 2
696277; 1
696279; 2
696293; 1
696294; 2
696300; 1
696301; 2
696310; 1
696311; 2
696340; 1
696342; 2
696343; 1
696344; 2
696378; 1
696379; 2
696383; 1
696384; 2
696385; 1
696386; 2
696410; 1
696412; 2
696418; 1
696419; 2
696420; 1
696423; 2
696443; 1
696444; 2
696497; 1
696498; 2
696574; 1
696575; 2
696598; 1
696599; 2
696603; 1
696604; 2
696608; 1
696609; 2
696611; 1
696612; 2
696613; 1
696614; 2
696615; 1
696617; 2
696652; 1
696653; 2
696683; 1
696684; 2
696687; 1
696688; 2
696719; 1
696720; 2
696723; 1
696724; 2
696744; 1
696745; 2
696746; 1
696748; 2
696749; 1
696750; 2
696769; 1
696770; 2
696777; 1
696778; 2
696791; 1
696792; 2
696811; 1
696812; 2
696813; 1
696814; 2
696830; 1
696831; 2
696845; 1
696846; 2
696847; 1
696848; 2
696861; 1
696862; 2
696878; 1
696879; 2
700540; 1
700541; 2
700548; 1
700549; 2
700551; 1
700552; 2
700568; 1
700569; 2
700588; 1
700589; 2
700598; 1
700599; 2
700603; 1
700604; 2
700606; 1
700607; 2
700608; 1
700609; 2
700648; 1
700649; 2
700668; 1
700669; 2
700671; 1
700672; 2
700723; 1
700724; 2
700887; 1
700889; 2
700901; 1
700902; 2
700916; 1
700917; 2
700919; 1
700920; 2
700929; 1
700931; 2
700956; 1
700957; 2
701193; 1
701195; 2
701244; 1
701245; 2
701264; 1
701265; 2
701266; 1
701267; 2
701309; 1
701310; 2
701311; 1
701312; 2
701389; 1
701390; 2
701480; 1
701481; 2
701507; 1
701509; 2
701571; 1
701574; 2
701607; 1
701608; 2
701647; 1
701648; 2
701649; 1
701654; 2
701686; 1
701688; 2
701782; 1
701783; 2
701868; 1
701871; 2
701959; 1
701960; 2
701977; 1
701980; 2
702089; 1
702090; 2
702113; 1
702114; 2
702165; 1
702166; 2
702180; 1
702181; 2
702235; 1
702236; 2
702250; 1
702251; 2
702260; 1
702261; 2
702263; 1
702264; 2
702265; 1
702266; 2
702268; 1
702269; 2
702285; 1
702286; 2
702435; 1
702436; 2
702500; 1
702501; 2
702525; 1
702526; 2
702563; 1
702564; 2
702587; 1
702590; 2
702621; 1
702624; 2
702652; 1
702654; 2
702901; 1
702905; 2
702906; 1
702907; 2
702921; 1
702922; 2
702949; 1
702951; 2
702953; 1
702954; 2
703041; 1
703042; 2
703046; 1
703047; 2
703057; 1
703061; 2
703141; 1
703142; 2
703178; 1
703179; 2
703201; 1
703202; 2
703216; 1
703217; 2
703268; 1
703271; 2
703308; 1
703309; 2
703403; 1
703404; 2
703734; 1
703736; 2
703805; 1
703810; 2
703870; 1
703874; 2
704031; 1
704033; 2
704117; 1
704119; 2
704134; 1
704138; 2
704144; 1
704147; 2
704537; 1
704541; 2
704605; 1
704607; 2
704611; 1
704613; 2
704642; 1
704645; 2
704655; 1
704658; 2
704807; 1
704809; 2
705316; 1
705317; 2
705450; 1
705453; 2
705519; 1
705523; 2
705539; 1
705541; 2
705721; 1
705725; 2
706426; 1
706431; 2
706469; 1
706472; 2
706527; 1
706531; 2
707345; 1
707352; 2
708161; 1
708165; 2
708282; 1
708290; 2
708590; 1
708591; 2
709350; 1
709351; 2
710787; 1
710788; 2
713304; 1
713305; 2
714190; 1
714193; 2
714254; 1
714258; 2
714495; 1
714499; 2
714502; 1
714503; 2
714644; 1
714647; 2
714831; 1
714834; 2
714884; 1
714889; 2
714922; 1
714928; 2
714931; 1
714934; 2
715079; 1
715080; 2
715099; 1
715103; 2
715249; 1
715252; 2
715308; 1
715311; 2
715416; 1
715421; 2
715467; 1
715471; 2
715544; 1
715548; 2
715569; 1
715571; 2
715769; 1
715772; 2
715774; 1
715778; 2
715920; 1
715925; 2
715969; 1
715976; 2
715981; 1
715984; 2
716024; 1
716025; 2
716030; 1
716033; 2
716106; 1
716109; 2
716181; 1
716185; 2
716252; 1
716255; 2
716287; 1
716289; 2
716455; 1
716459; 2
716465; 1
716468; 2
716509; 1
716512; 2
716597; 1
716600; 2
716636; 1
716639; 2
716788; 1
716790; 2
716792; 1
716793; 2
716794; 1
716797; 2
716798; 1
716803; 2
717055; 1
717058; 2
717105; 1
717109; 2
717154; 1
717165; 2
717177; 1
717179; 2
717252; 1
717256; 2
717498; 1
717503; 2
717920; 1
717923; 2
717961; 1
717964; 2
718350; 1
718351; 2
718653; 1
718654; 2
718657; 1
718658; 2
718688; 1
718689; 2
718692; 1
718694; 2
718941; 1
718942; 2
718945; 1
718947; 2
718959; 1
718962; 2
719664; 1
719665; 2
720615; 1
720616; 2
721093; 1
721095; 2
721121; 1
721124; 2
721145; 1
721149; 2
721180; 1
721184; 2
721859; 1
721867; 2
722225; 1
722228; 2
722430; 1
722433; 2
723115; 1
723116; 2
723524; 1
723526; 2
723528; 1
723529; 2
724133; 1
724134; 2
724372; 1
724374; 2
724375; 1
724378; 2
725104; 1
725105; 2
725224; 1
725225; 2
725389; 1
725390; 2
725907; 1
725908; 2
726122; 1
726123; 2
726478; 1
726479; 2
726543; 1
726544; 2
726551; 1
726552; 2
726554; 1
726555; 2
726621; 1
726622; 2
727491; 1
727492; 2
727503; 1
727504; 2
727510; 1
727511; 2
727841; 1
727842; 2
728018; 1
728019; 2
728028; 1
728029; 2
728145; 1
728146; 2
728158; 1
728159; 2
728214; 1
728215; 2
728396; 1
728397; 2
728404; 1
728406; 2
728408; 1
728409; 2
728550; 1
728551; 2
728559; 1
728561; 2
728616; 1
728617; 2
728718; 1
728720; 2
729122; 1
729123; 2
729295; 1
729296; 2
729307; 1
729308; 2
729452; 1
729455; 2
729585; 1
729588; 2
729787; 1
729790; 2
729792; 1
729795; 2
729925; 1
729926; 2
729948; 1
729952; 2
730198; 1
730202; 2
730826; 1
730830; 2
730897; 1
730901; 2
731225; 1
731229; 2
731438; 1
731440; 2
731493; 1
731495; 2
732004; 1
732008; 2
732026; 1
732027; 2
732369; 1
732376; 2
732643; 1
732644; 2
732687; 1
732693; 2
732694; 1
732696; 2
732899; 1
732904; 2
732925; 1
732929; 2
733011; 1
733013; 2
733016; 1
733024; 2
733155; 1
733156; 2
733228; 1
733232; 2
733251; 1
733253; 2
733290; 1
733294; 2
733574; 1
733579; 2
733583; 1
733586; 2
733686; 1
733688; 2
733696; 1
733702; 2
733823; 1
733826; 2
733844; 1
733848; 2
733849; 1
733852; 2
733972; 1
733976; 2
733991; 1
733994; 2
734084; 1
734088; 2
734105; 1
734110; 2
734182; 1
734185; 2
734187; 1
734189; 2
734343; 1
734346; 2
734597; 1
734601; 2
734615; 1
734618; 2
734678; 1
734680; 2
734796; 1
734800; 2
734802; 1
734806; 2
734808; 1
734809; 2
734895; 1
734897; 2
734908; 1
734912; 2
735019; 1
735027; 2
735029; 1
735034; 2
735336; 1
735343; 2
735348; 1
735349; 2
735351; 1
735352; 2
735378; 1
735382; 2
735482; 1
735485; 2
735512; 1
735513; 2
735612; 1
735613; 2
735614; 1
735615; 2
735623; 1
735625; 2
735910; 1
735915; 2
735921; 1
735922; 2
735982; 1
735987; 2
736042; 1
736048; 2
736049; 1
736053; 2
736115; 1
736118; 2
736164; 1
736169; 2
736191; 1
736192; 2
736193; 1
736195; 2
736342; 1
736343; 2
736389; 1
736392; 2
736405; 1
736413; 2
736495; 1
736497; 2
736505; 1
736508; 2
736514; 1
736517; 2
736861; 1
736866; 2
737076; 1
737078; 2
737137; 1
737139; 2
737214; 1
737218; 2
737488; 1
737493; 2
737495; 1
737500; 2
737570; 1
737574; 2
737779; 1
737783; 2
737888; 1
737892; 2
737993; 1
737995; 2
738054; 1
738055; 2
738174; 1
738176; 2
738182; 1
738186; 2
738189; 1
738192; 2
738237; 1
738239; 2
738726; 1
738729; 2
738754; 1
738757; 2
738792; 1
738795; 2
738847; 1
738850; 2
739285; 1
739288; 2
739646; 1
739648; 2
739689; 1
739692; 2
739698; 1
739699; 2
739934; 1
739937; 2
740092; 1
740094; 2
742355; 1
742359; 2
742733; 1
742735; 2
744121; 1
744124; 2
744192; 1
744198; 2
744486; 1
744487; 2
744493; 1
744494; 2
744495; 1
744498; 2
744500; 1
744502; 2
744506; 1
744507; 2
744508; 1
744509; 2
745374; 1
745376; 2
745380; 1
745381; 2
745382; 1
745383; 2
745944; 1
745945; 2
746148; 1
746149; 2
746196; 1
746197; 2
746424; 1
746426; 2
746732; 1
746733; 2
746738; 1
746739; 2
746786; 1
746788; 2
746870; 1
746871; 2
746924; 1
746925; 2
747004; 1
747005; 2
747013; 1
747015; 2
747018; 1
747020; 2
747126; 1
747127; 2
747252; 1
747262; 2
747287; 1
747288; 2
747426; 1
747427; 2
747489; 1
747491; 2
747687; 1
747689; 2
747795; 1
747796; 2
747827; 1
747828; 2
748142; 1
748143; 2
748380; 1
748381; 2
748589; 1
748590; 2
748659; 1
748660; 2
748750; 1
748751; 2
749053; 1
749054; 2
749088; 1
749089; 2
749093; 1
749094; 2
749169; 1
749170; 2
749212; 1
749213; 2
749396; 1
749398; 2
749523; 1
749524; 2
749754; 1
749756; 2
750117; 1
750118; 2
750332; 1
750333; 2
750369; 1
750371; 2
750396; 1
750399; 2
750505; 1
750506; 2
750623; 1
750626; 2
750631; 1
750632; 2
750648; 1
750656; 2
750659; 1
750660; 2
750686; 1
750687; 2
750875; 1
750876; 2
755202; 1
755205; 2
755228; 1
755234; 2
755299; 1
755302; 2
755991; 1
755994; 2
756056; 1
756060; 2
756153; 1
756156; 2
756229; 1
756231; 2
756282; 1
756284; 2
756381; 1
756383; 2
756509; 1
756513; 2
756551; 1
756552; 2
756596; 1
756600; 2
756787; 1
756791; 2
756794; 1
756799; 2
757264; 1
757266; 2
757270; 1
757274; 2
757323; 1
757327; 2
757335; 1
757338; 2
757505; 1
757509; 2
757536; 1
757539; 2
757593; 1
757598; 2
757599; 1
757600; 2
757606; 1
757610; 2
757791; 1
757794; 2
757856; 1
757860; 2
757886; 1
757888; 2
757906; 1
757908; 2
758061; 1
758064; 2
758068; 1
758071; 2
758138; 1
758139; 2
758336; 1
758337; 2
758383; 1
758386; 2
758524; 1
758528; 2
758793; 1
758795; 2
758798; 1
758803; 2
759255; 1
759260; 2
759849; 1
759850; 2
760005; 1
760008; 2
760404; 1
760408; 2
760492; 1
760497; 2
760505; 1
760514; 2
760650; 1
760653; 2
760942; 1
760945; 2
762078; 1
762082; 2
762164; 1
762165; 2
762412; 1
762416; 2
762417; 1
762420; 2
762911; 1
762916; 2
763037; 1
763041; 2
763087; 1
763090; 2
764953; 1
764956; 2
765427; 1
765433; 2
765894; 1
765897; 2
766344; 1
766349; 2
766846; 1
766848; 2
767103; 1
767106; 2
767563; 1
767568; 2
767757; 1
767763; 2
767907; 1
767908; 2
768725; 1
768727; 2
768863; 1
768867; 2
768868; 1
768871; 2
768961; 1
768965; 2
769013; 1
769016; 2
769028; 1
769031; 2
769104; 1
769107; 2
769124; 1
769129; 2
769166; 1
769167; 2
769180; 1
769183; 2
769344; 1
769349; 2
769359; 1
769363; 2
769406; 1
769409; 2
769549; 1
769553; 2
769579; 1
769583; 2
769625; 1
769628; 2
769691; 1
769694; 2
769746; 1
769750; 2
769791; 1
769792; 2
769854; 1
769858; 2
770522; 1
770525; 2
770624; 1
770627; 2
770764; 1
770768; 2
770835; 1
770839; 2
770889; 1
770892; 2
770894; 1
770897; 2
771065; 1
771071; 2
771122; 1
771129; 2
771219; 1
771220; 2
771270; 1
771274; 2
771405; 1
771408; 2
771764; 1
771770; 2
771812; 1
771816; 2
771980; 1
771984; 2
772098; 1
772103; 2
772180; 1
772196; 2
772236; 1
772238; 2
772289; 1
772292; 2
773035; 1
773037; 2
773081; 1
773082; 2
773083; 1
773085; 2
773130; 1
773134; 2
773857; 1
773859; 2
773879; 1
773894; 2
773896; 1
773898; 2
774050; 1
774062; 2
774197; 1
774206; 2
774233; 1
774234; 2
774259; 1
774269; 2
774398; 1
774401; 2
774481; 1
774486; 2
774700; 1
774701; 2
774769; 1
774772; 2
775343; 1
775347; 2
775410; 1
775414; 2
775564; 1
775570; 2
776062; 1
776066; 2
776177; 1
776180; 2
776328; 1
776331; 2
777718; 1
777723; 2
778054; 1
778058; 2
778178; 1
778182; 2
778227; 1
778231; 2
778241; 1
778242; 2
778243; 1
778247; 2
778610; 1
778614; 2
778993; 1
778996; 2
779353; 1
779358; 2
779505; 1
779508; 2
779585; 1
779589; 2
779644; 1
779647; 2
780047; 1
780050; 2
780113; 1
780116; 2
780886; 1
780890; 2
781023; 1
781026; 2
781623; 1
781627; 2
781781; 1
781784; 2
781862; 1
781864; 2
782020; 1
782022; 2
782592; 1
782596; 2
782716; 1
782719; 2
783107; 1
783110; 2
783209; 1
783211; 2
783315; 1
783318; 2
783381; 1
783386; 2
783389; 1
783392; 2
783486; 1
783490; 2
783574; 1
783577; 2
783744; 1
783747; 2
783904; 1
783908; 2
784033; 1
784036; 2
784174; 1
784177; 2
784277; 1
784280; 2
784393; 1
784396; 2
784601; 1
784603; 2
784765; 1
784768; 2
784839; 1
784841; 2
785015; 1
785018; 2
785034; 1
785038; 2
785188; 1
785190; 2
785342; 1
785344; 2
785361; 1
785366; 2
785666; 1
785671; 2
785804; 1
785809; 2
785853; 1
785856; 2
785885; 1
785886; 2
785993; 1
785996; 2
786068; 1
786071; 2
786145; 1
786151; 2
786243; 1
786247; 2
786346; 1
786349; 2
786357; 1
786361; 2
786391; 1
786394; 2
786484; 1
786486; 2
786555; 1
786557; 2
786575; 1
786581; 2
786605; 1
786607; 2
786617; 1
786619; 2
786625; 1
786627; 2
786748; 1
786749; 2
786954; 1
786959; 2
787102; 1
787106; 2
787227; 1
787229; 2
787534; 1
787535; 2
787537; 1
787538; 2
787760; 1
787763; 2
787835; 1
787838; 2
787855; 1
787858; 2
788172; 1
788173; 2
788295; 1
788296; 2
788370; 1
788374; 2
788453; 1
788455; 2
788459; 1
788464; 2
788618; 1
788621; 2
788695; 1
788698; 2
788777; 1
788780; 2
789311; 1
789317; 2
789355; 1
789357; 2
789358; 1
789359; 2
789446; 1
789448; 2
789526; 1
789531; 2
789645; 1
789647; 2
789787; 1
789792; 2
789819; 1
789821; 2
789825; 1
789826; 2
789990; 1
789994; 2
790056; 1
790058; 2
790100; 1
790102; 2
790135; 1
790140; 2
790304; 1
790309; 2
790503; 1
790506; 2
790525; 1
790530; 2
790589; 1
790592; 2
790639; 1
790645; 2
791603; 1
791607; 2
791728; 1
791731; 2
792657; 1
792661; 2
794073; 1
794076; 2
794082; 1
794091; 2
794102; 1
794105; 2
796395; 1
796399; 2
798618; 1
798619; 2
798620; 1
798629; 2
798880; 1
798883; 2
798884; 1
798885; 2
798898; 1
798899; 2
799735; 1
799736; 2
799851; 1
799852; 2
799853; 1
799858; 2
799861; 1
799862; 2
799934; 1
799935; 2
800256; 1
800257; 2
800437; 1
800438; 2
800452; 1
800453; 2
800470; 1
800471; 2
800473; 1
800474; 2
800476; 1
800477; 2
800520; 1
800521; 2
800569; 1
800570; 2
800615; 1
800616; 2
800619; 1
800620; 2
800657; 1
800658; 2
800799; 1
800800; 2
800836; 1
800837; 2
800958; 1
800959; 2
800976; 1
800977; 2
800979; 1
800981; 2
801085; 1
801086; 2
801161; 1
801162; 2
801203; 1
801204; 2
801230; 1
801238; 2
801239; 1
801246; 2
801265; 1
801266; 2
801402; 1
801404; 2
801405; 1
801407; 2
801412; 1
801413; 2
801419; 1
801421; 2
801422; 1
801426; 2
801493; 1
801494; 2
801555; 1
801556; 2
801593; 1
801594; 2
801700; 1
801701; 2
801744; 1
801745; 2
801786; 1
801787; 2
801896; 1
801897; 2
801898; 1
801899; 2
801926; 1
801928; 2
801993; 1
801995; 2
802063; 1
802065; 2
802192; 1
802193; 2
802196; 1
802197; 2
802206; 1
802207; 2
802221; 1
802224; 2
802226; 1
802227; 2
802253; 1
802256; 2
802271; 1
802272; 2
802277; 1
802278; 2
802287; 1
802288; 2
802320; 1
802321; 2
802770; 1
802771; 2
802963; 1
802964; 2
803148; 1
803149; 2
803230; 1
803231; 2
803486; 1
803488; 2
803696; 1
803697; 2
803827; 1
803828; 2
803857; 1
803859; 2
804077; 1
804078; 2
804157; 1
804158; 2
804208; 1
804210; 2
804850; 1
804853; 2
804855; 1
804857; 2
808512; 1
808513; 2
808788; 1
808791; 2
809147; 1
809150; 2
809217; 1
809221; 2
809328; 1
809330; 2
809694; 1
809696; 2
809764; 1
809768; 2
809818; 1
809822; 2
809832; 1
809835; 2
809844; 1
809845; 2
810029; 1
810032; 2
810148; 1
810152; 2
810181; 1
810184; 2
810211; 1
810213; 2
810259; 1
810263; 2
810288; 1
810292; 2
810517; 1
810519; 2
810581; 1
810584; 2
810673; 1
810677; 2
810728; 1
810730; 2
810785; 1
810789; 2
810822; 1
810826; 2
810892; 1
810896; 2
810931; 1
810934; 2
811010; 1
811015; 2
811018; 1
811022; 2
811126; 1
811136; 2
811284; 1
811288; 2
811340; 1
811342; 2
811364; 1
811367; 2
811398; 1
811401; 2
811510; 1
811514; 2
811994; 1
811998; 2
812067; 1
812069; 2
812289; 1
812291; 2
812370; 1
812373; 2
812534; 1
812537; 2
812658; 1
812660; 2
812722; 1
812727; 2
812867; 1
812871; 2
813019; 1
813022; 2
813523; 1
813528; 2
813886; 1
813891; 2
814032; 1
814035; 2
814046; 1
814053; 2
814593; 1
814595; 2
814612; 1
814615; 2
814765; 1
814768; 2
814769; 1
814771; 2
816655; 1
816656; 2
818996; 1
818997; 2
820851; 1
820853; 2
821913; 1
821917; 2
822171; 1
822175; 2
822618; 1
822623; 2
822703; 1
822708; 2
822762; 1
822767; 2
822815; 1
822820; 2
822938; 1
822939; 2
823001; 1
823004; 2
823006; 1
823009; 2
823124; 1
823128; 2
823145; 1
823146; 2
823400; 1
823403; 2
823474; 1
823477; 2
823483; 1
823492; 2
823555; 1
823558; 2
823735; 1
823738; 2
823752; 1
823756; 2
823867; 1
823871; 2
823872; 1
823875; 2
823971; 1
823976; 2
824141; 1
824145; 2
824453; 1
824457; 2
824501; 1
824508; 2
824683; 1
824685; 2
824788; 1
824792; 2
824826; 1
824829; 2
824873; 1
824874; 2
825066; 1
825068; 2
825169; 1
825173; 2
825233; 1
825237; 2
825819; 1
825825; 2
825888; 1
825891; 2
826057; 1
826058; 2
826060; 1
826073; 2
826168; 1
826173; 2
826408; 1
826412; 2
826694; 1
826696; 2
826879; 1
826883; 2
826908; 1
826909; 2
827025; 1
827026; 2
827110; 1
827114; 2
827199; 1
827204; 2
827235; 1
827238; 2
827294; 1
827298; 2
827827; 1
827833; 2
828234; 1
828236; 2
828296; 1
828300; 2
828483; 1
828484; 2
828496; 1
828501; 2
828608; 1
828613; 2
829078; 1
829082; 2
829647; 1
829649; 2
829830; 1
829831; 2
829947; 1
829955; 2
830097; 1
830099; 2
830172; 1
830176; 2
830448; 1
830451; 2
830619; 1
830624; 2
830630; 1
830634; 2
831263; 1
831266; 2
831267; 1
831269; 2
831270; 1
831276; 2
831318; 1
831326; 2
831330; 1
831335; 2
831661; 1
831666; 2
831672; 1
831676; 2
831877; 1
831878; 2
832937; 1
832939; 2
832940; 1
832942; 2
833359; 1
833363; 2
834991; 1
834997; 2
837285; 1
837286; 2
837725; 1
837730; 2
837787; 1
837790; 2
838069; 1
838078; 2
838449; 1
838450; 2
838565; 1
838568; 2
838569; 1
838570; 2
839002; 1
839011; 2
839016; 1
839021; 2
839110; 1
839111; 2
839399; 1
839402; 2
839944; 1
839948; 2
840015; 1
840019; 2
840035; 1
840038; 2
840087; 1
840091; 2
840122; 1
840126; 2
840305; 1
840309; 2
840374; 1
840379; 2
840484; 1
840487; 2
840725; 1
840727; 2
840729; 1
840730; 2
840810; 1
840817; 2
840829; 1
840830; 2
840893; 1
840895; 2
840914; 1
840917; 2
841130; 1
841133; 2
841134; 1
841137; 2
841142; 1
841146; 2
841255; 1
841259; 2
841323; 1
841326; 2
841355; 1
841359; 2
841401; 1
841405; 2
841538; 1
841542; 2
841545; 1
841546; 2
841561; 1
841563; 2
841641; 1
841646; 2
841674; 1
841675; 2
841684; 1
841685; 2
841744; 1
841745; 2
841746; 1
841748; 2
841761; 1
841765; 2
841845; 1
841849; 2
841913; 1
841916; 2
842012; 1
842017; 2
842073; 1
842079; 2
842112; 1
842116; 2
842176; 1
842182; 2
842322; 1
842327; 2
842355; 1
842357; 2
842395; 1
842399; 2
842450; 1
842452; 2
842454; 1
842457; 2
842585; 1
842587; 2
842589; 1
842592; 2
842612; 1
842615; 2
842734; 1
842735; 2
842736; 1
842737; 2
842769; 1
842773; 2
842798; 1
842801; 2
842928; 1
842931; 2
843017; 1
843019; 2
843076; 1
843083; 2
843084; 1
843087; 2
843089; 1
843090; 2
843102; 1
843104; 2
843221; 1
843222; 2
843271; 1
843274; 2
843479; 1
843481; 2
843519; 1
843523; 2
843586; 1
843588; 2
843621; 1
843627; 2
843683; 1
843691; 2
843757; 1
843761; 2
843817; 1
843820; 2
843878; 1
843883; 2
843919; 1
843923; 2
844210; 1
844212; 2
844236; 1
844240; 2
844298; 1
844300; 2
844349; 1
844352; 2
844383; 1
844387; 2
844393; 1
844395; 2
844478; 1
844482; 2
844551; 1
844554; 2
844566; 1
844569; 2
844632; 1
844634; 2
844999; 1
845001; 2
845020; 1
845027; 2
845122; 1
845129; 2
845297; 1
845300; 2
845325; 1
845330; 2
845876; 1
845882; 2
845956; 1
845960; 2
845978; 1
845981; 2
846350; 1
846357; 2
846417; 1
846421; 2
846799; 1
846812; 2
846963; 1
846968; 2
847329; 1
847334; 2
847419; 1
847421; 2
847468; 1
847471; 2
848076; 1
848080; 2
848191; 1
848195; 2
848461; 1
848465; 2
848647; 1
848649; 2
849130; 1
849132; 2
849140; 1
849144; 2
852755; 1
852756; 2
852936; 1
852937; 2
852994; 1
852995; 2
853280; 1
853281; 2
853467; 1
853469; 2
853479; 1
853480; 2
853593; 1
853598; 2
853601; 1
853602; 2
853603; 1
853604; 2
853804; 1
853805; 2
853808; 1
853809; 2
853868; 1
853869; 2
853999; 1
854003; 2
854067; 1
854072; 2
854074; 1
854077; 2
854166; 1
854167; 2
854266; 1
854268; 2
854405; 1
854406; 2
854413; 1
854415; 2
854805; 1
854806; 2
855018; 1
855019; 2
855080; 1
855081; 2
855421; 1
855422; 2
855424; 1
855426; 2
855641; 1
855642; 2
856073; 1
856074; 2
856386; 1
856387; 2
856431; 1
856432; 2
856511; 1
856512; 2
856514; 1
856515; 2
856606; 1
856607; 2
856624; 1
856625; 2
856829; 1
856830; 2
856832; 1
856833; 2
856884; 1
856886; 2
857113; 1
857115; 2
857169; 1
857179; 2
857184; 1
857185; 2
857227; 1
857228; 2
857441; 1
857442; 2
857497; 1
857498; 2
857532; 1
857533; 2
857535; 1
857536; 2
857666; 1
857667; 2
857739; 1
857741; 2
857787; 1
857788; 2
857827; 1
857828; 2
857973; 1
857974; 2
857978; 1
857979; 2
858012; 1
858014; 2
858066; 1
858067; 2
858280; 1
858281; 2
858330; 1
858331; 2
858541; 1
858543; 2
858638; 1
858639; 2
858831; 1
858832; 2
862746; 1
862748; 2
862793; 1
862798; 2
862968; 1
862971; 2
863275; 1
863279; 2
863598; 1
863601; 2
863607; 1
863609; 2
863866; 1
863873; 2
863973; 1
863977; 2
864237; 1
864240; 2
864460; 1
864465; 2
864527; 1
864530; 2
864611; 1
864613; 2
864727; 1
864732; 2
864914; 1
864916; 2
864972; 1
864976; 2
864988; 1
864990; 2
865111; 1
865116; 2
865190; 1
865193; 2
865248; 1
865252; 2
865295; 1
865299; 2
865410; 1
865413; 2
865481; 1
865485; 2
865501; 1
865505; 2
865515; 1
865517; 2
865523; 1
865525; 2
865540; 1
865541; 2
865579; 1
865580; 2
865581; 1
865582; 2
866017; 1
866019; 2
866312; 1
866314; 2
866628; 1
866629; 2
866791; 1
866793; 2
866833; 1
866839; 2
866851; 1
866855; 2
867057; 1
867064; 2
867131; 1
867135; 2
867138; 1
867142; 2
867218; 1
867220; 2
867396; 1
867400; 2
867464; 1
867465; 2
867566; 1
867569; 2
868471; 1
868475; 2
868742; 1
868745; 2
868834; 1
868838; 2
870266; 1
870267; 2
870269; 1
870275; 2
870279; 1
870283; 2
870653; 1
870657; 2
871090; 1
871094; 2
871496; 1
871500; 2
871854; 1
871856; 2
872190; 1
872197; 2
873010; 1
873011; 2
873045; 1
873048; 2
873578; 1
873582; 2
873583; 1
873589; 2
874050; 1
874054; 2
874229; 1
874233; 2
875417; 1
875420; 2
875895; 1
875898; 2
876023; 1
876027; 2
876346; 1
876349; 2
876539; 1
876546; 2
876647; 1
876649; 2
876650; 1
876653; 2
876803; 1
876806; 2
876834; 1
876838; 2
876841; 1
876845; 2
876973; 1
876977; 2
876985; 1
876988; 2
877054; 1
877058; 2
877065; 1
877071; 2
877073; 1
877077; 2
877228; 1
877229; 2
877256; 1
877261; 2
877285; 1
877286; 2
877380; 1
877383; 2
877489; 1
877494; 2
877707; 1
877712; 2
877885; 1
877886; 2
877976; 1
877979; 2
878036; 1
878041; 2
878213; 1
878217; 2
878250; 1
878253; 2
878256; 1
878260; 2
878363; 1
878366; 2
878410; 1
878414; 2
878495; 1
878502; 2
878596; 1
878601; 2
878603; 1
878604; 2
878631; 1
878635; 2
878732; 1
878736; 2
878737; 1
878738; 2
878782; 1
878785; 2
879348; 1
879353; 2
879399; 1
879402; 2
879479; 1
879482; 2
880065; 1
880068; 2
880083; 1
880087; 2
880117; 1
880120; 2
880345; 1
880349; 2
880505; 1
880507; 2
880554; 1
880558; 2
880657; 1
880661; 2
880670; 1
880674; 2
881008; 1
881012; 2
881191; 1
881194; 2
881615; 1
881618; 2
881695; 1
881700; 2
881994; 1
881997; 2
881998; 1
882001; 2
882003; 1
882005; 2
882120; 1
882122; 2
882313; 1
882317; 2
882835; 1
882841; 2
882850; 1
882851; 2
882886; 1
882887; 2
883106; 1
883110; 2
883114; 1
883115; 2
883248; 1
883251; 2
883292; 1
883296; 2
883431; 1
883437; 2
883440; 1
883441; 2
883445; 1
883446; 2
883535; 1
883536; 2
883708; 1
883709; 2
884041; 1
884046; 2
884348; 1
884351; 2
884621; 1
884622; 2
884721; 1
884724; 2
884964; 1
884966; 2
884996; 1
884999; 2
885026; 1
885030; 2
885225; 1
885226; 2
885391; 1
885392; 2
