Sequence of timestamped events V1.0
Stream 9
Id =9
Name = Camera_9
Tbegin = 0
Tend = 10000
Count = 1000
52; 1
54; 2
54; 1
56; 2
96; 1
98; 2
98; 1
100; 2
106; 1
108; 2
106; 1
108; 2
110; 1
112; 2
114; 1
116; 2
127; 1
129; 2
131; 1
133; 2
136; 1
138; 2
142; 1
144; 2
142; 1
144; 2
143; 1
145; 2
147; 1
149; 2
150; 1
152; 2
171; 1
173; 2
174; 1
176; 2
177; 1
179; 2
179; 1
181; 2
185; 1
187; 2
204; 1
206; 2
224; 1
226; 2
237; 1
239; 2
237; 1
239; 2
241; 1
243; 2
251; 1
253; 2
280; 1
282; 2
304; 1
306; 2
316; 1
318; 2
320; 1
322; 2
337; 1
339; 2
337; 1
339; 2
354; 1
356; 2
358; 1
360; 2
358; 1
360; 2
390; 1
392; 2
405; 1
407; 2
420; 1
422; 2
423; 1
425; 2
425; 1
427; 2
437; 1
439; 2
438; 1
440; 2
454; 1
456; 2
461; 1
463; 2
462; 1
464; 2
478; 1
480; 2
485; 1
487; 2
490; 1
492; 2
492; 1
494; 2
493; 1
495; 2
493; 1
495; 2
495; 1
497; 2
501; 1
503; 2
512; 1
514; 2
521; 1
523; 2
527; 1
529; 2
529; 1
531; 2
536; 1
538; 2
540; 1
542; 2
545; 1
547; 2
549; 1
551; 2
560; 1
562; 2
570; 1
572; 2
573; 1
575; 2
586; 1
588; 2
597; 1
599; 2
646; 1
648; 2
650; 1
652; 2
668; 1
670; 2
688; 1
690; 2
693; 1
695; 2
716; 1
718; 2
719; 1
721; 2
755; 1
757; 2
756; 1
758; 2
768; 1
770; 2
791; 1
793; 2
793; 1
795; 2
795; 1
797; 2
796; 1
798; 2
797; 1
799; 2
804; 1
806; 2
809; 1
811; 2
809; 1
811; 2
818; 1
820; 2
827; 1
829; 2
837; 1
839; 2
839; 1
841; 2
847; 1
849; 2
850; 1
852; 2
851; 1
853; 2
882; 1
884; 2
916; 1
918; 2
916; 1
918; 2
938; 1
940; 2
949; 1
951; 2
954; 1
956; 2
956; 1
958; 2
962; 1
964; 2
965; 1
967; 2
974; 1
976; 2
978; 1
980; 2
984; 1
986; 2
995; 1
997; 2
1009; 1
1011; 2
1028; 1
1030; 2
1044; 1
1046; 2
1050; 1
1052; 2
1062; 1
1064; 2
1078; 1
1080; 2
1111; 1
1113; 2
1115; 1
1117; 2
1115; 1
1117; 2
1118; 1
1120; 2
1128; 1
1130; 2
1135; 1
1137; 2
1147; 1
1149; 2
1149; 1
1151; 2
1157; 1
1159; 2
1185; 1
1187; 2
1191; 1
1193; 2
1194; 1
1196; 2
1199; 1
1201; 2
1208; 1
1210; 2
1215; 1
1217; 2
1217; 1
1219; 2
1222; 1
1224; 2
1225; 1
1227; 2
1230; 1
1232; 2
1232; 1
1234; 2
1232; 1
1234; 2
1245; 1
1247; 2
1269; 1
1271; 2
1278; 1
1280; 2
1280; 1
1282; 2
1283; 1
1285; 2
1284; 1
1286; 2
1315; 1
1317; 2
1325; 1
1327; 2
1352; 1
1354; 2
1354; 1
1356; 2
1356; 1
1358; 2
1357; 1
1359; 2
1360; 1
1362; 2
1365; 1
1367; 2
1369; 1
1371; 2
1370; 1
1372; 2
1371; 1
1373; 2
1371; 1
1373; 2
1373; 1
1375; 2
1373; 1
1375; 2
1381; 1
1383; 2
1383; 1
1385; 2
1384; 1
1386; 2
1387; 1
1389; 2
1389; 1
1391; 2
1391; 1
1393; 2
1394; 1
1396; 2
1409; 1
1411; 2
1413; 1
1415; 2
1428; 1
1430; 2
1461; 1
1463; 2
1464; 1
1466; 2
1466; 1
1468; 2
1470; 1
1472; 2
1503; 1
1505; 2
1508; 1
1510; 2
1509; 1
1511; 2
1516; 1
1518; 2
1524; 1
1526; 2
1525; 1
1527; 2
1531; 1
1533; 2
1539; 1
1541; 2
1556; 1
1558; 2
1586; 1
1588; 2
1586; 1
1588; 2
1612; 1
1614; 2
1612; 1
1614; 2
1615; 1
1617; 2
1618; 1
1620; 2
1623; 1
1625; 2
1645; 1
1647; 2
1649; 1
1651; 2
1664; 1
1666; 2
1669; 1
1671; 2
1669; 1
1671; 2
1680; 1
1682; 2
1687; 1
1689; 2
1690; 1
1692; 2
1701; 1
1703; 2
1706; 1
1708; 2
1746; 1
1748; 2
1757; 1
1759; 2
1772; 1
1774; 2
1790; 1
1792; 2
1798; 1
1800; 2
1810; 1
1812; 2
1817; 1
1819; 2
1825; 1
1827; 2
1826; 1
1828; 2
1849; 1
1851; 2
1867; 1
1869; 2
1874; 1
1876; 2
1876; 1
1878; 2
1887; 1
1889; 2
1906; 1
1908; 2
1916; 1
1918; 2
1921; 1
1923; 2
1921; 1
1923; 2
1931; 1
1933; 2
1939; 1
1941; 2
1949; 1
1951; 2
1955; 1
1957; 2
2018; 1
2020; 2
2022; 1
2024; 2
2024; 1
2026; 2
2024; 1
2026; 2
2049; 1
2051; 2
2057; 1
2059; 2
2062; 1
2064; 2
2063; 1
2065; 2
2065; 1
2067; 2
2072; 1
2074; 2
2076; 1
2078; 2
2091; 1
2093; 2
2092; 1
2094; 2
2112; 1
2114; 2
2117; 1
2119; 2
2126; 1
2128; 2
2142; 1
2144; 2
2159; 1
2161; 2
2175; 1
2177; 2
2185; 1
2187; 2
2210; 1
2212; 2
2211; 1
2213; 2
2220; 1
2222; 2
2222; 1
2224; 2
2225; 1
2227; 2
2238; 1
2240; 2
2242; 1
2244; 2
2249; 1
2251; 2
2283; 1
2285; 2
2285; 1
2287; 2
2295; 1
2297; 2
2303; 1
2305; 2
2304; 1
2306; 2
2305; 1
2307; 2
2312; 1
2314; 2
2313; 1
2315; 2
2386; 1
2388; 2
2395; 1
2397; 2
2398; 1
2400; 2
2406; 1
2408; 2
2407; 1
2409; 2
2412; 1
2414; 2
2435; 1
2437; 2
2440; 1
2442; 2
2444; 1
2446; 2
2453; 1
2455; 2
2455; 1
2457; 2
2459; 1
2461; 2
2467; 1
2469; 2
2472; 1
2474; 2
2479; 1
2481; 2
2486; 1
2488; 2
2488; 1
2490; 2
2499; 1
2501; 2
2500; 1
2502; 2
2511; 1
2513; 2
2511; 1
2513; 2
2516; 1
2518; 2
2524; 1
2526; 2
2545; 1
2547; 2
2558; 1
2560; 2
2567; 1
2569; 2
2569; 1
2571; 2
2599; 1
2601; 2
2604; 1
2606; 2
2606; 1
2608; 2
2623; 1
2625; 2
2645; 1
2647; 2
2650; 1
2652; 2
2652; 1
2654; 2
2660; 1
2662; 2
2669; 1
2671; 2
2672; 1
2674; 2
2697; 1
2699; 2
2703; 1
2705; 2
2720; 1
2722; 2
2746; 1
2748; 2
2748; 1
2750; 2
2774; 1
2776; 2
2787; 1
2789; 2
2806; 1
2808; 2
2851; 1
2853; 2
2873; 1
2875; 2
2891; 1
2893; 2
2899; 1
2901; 2
2923; 1
2925; 2
2931; 1
2933; 2
2940; 1
2942; 2
2943; 1
2945; 2
2954; 1
2956; 2
2972; 1
2974; 2
2975; 1
2977; 2
2988; 1
2990; 2
2988; 1
2990; 2
2995; 1
2997; 2
3006; 1
3008; 2
3027; 1
3029; 2
3031; 1
3033; 2
3042; 1
3044; 2
3046; 1
3048; 2
3047; 1
3049; 2
3075; 1
3077; 2
3075; 1
3077; 2
3076; 1
3078; 2
3087; 1
3089; 2
3104; 1
3106; 2
3106; 1
3108; 2
3108; 1
3110; 2
3115; 1
3117; 2
3120; 1
3122; 2
3121; 1
3123; 2
3122; 1
3124; 2
3147; 1
3149; 2
3150; 1
3152; 2
3152; 1
3154; 2
3164; 1
3166; 2
3173; 1
3175; 2
3174; 1
3176; 2
3175; 1
3177; 2
3176; 1
3178; 2
3183; 1
3185; 2
3194; 1
3196; 2
3204; 1
3206; 2
3208; 1
3210; 2
3223; 1
3225; 2
3230; 1
3232; 2
3234; 1
3236; 2
3235; 1
3237; 2
3258; 1
3260; 2
3262; 1
3264; 2
3267; 1
3269; 2
3268; 1
3270; 2
3269; 1
3271; 2
3292; 1
3294; 2
3303; 1
3305; 2
3308; 1
3310; 2
3319; 1
3321; 2
3333; 1
3335; 2
3345; 1
3347; 2
3392; 1
3394; 2
3403; 1
3405; 2
3427; 1
3429; 2
3432; 1
3434; 2
3436; 1
3438; 2
3450; 1
3452; 2
3467; 1
3469; 2
3471; 1
3473; 2
3480; 1
3482; 2
3489; 1
3491; 2
3502; 1
3504; 2
3510; 1
3512; 2
3511; 1
3513; 2
3512; 1
3514; 2
3518; 1
3520; 2
3528; 1
3530; 2
3531; 1
3533; 2
3538; 1
3540; 2
3550; 1
3552; 2
3559; 1
3561; 2
3559; 1
3561; 2
3568; 1
3570; 2
3572; 1
3574; 2
3582; 1
3584; 2
3592; 1
3594; 2
3604; 1
3606; 2
3613; 1
3615; 2
3622; 1
3624; 2
3623; 1
3625; 2
3629; 1
3631; 2
3640; 1
3642; 2
3645; 1
3647; 2
3646; 1
3648; 2
3652; 1
3654; 2
3669; 1
3671; 2
3680; 1
3682; 2
3682; 1
3684; 2
3687; 1
3689; 2
3688; 1
3690; 2
3691; 1
3693; 2
3709; 1
3711; 2
3747; 1
3749; 2
3760; 1
3762; 2
3764; 1
3766; 2
3776; 1
3778; 2
3843; 1
3845; 2
3849; 1
3851; 2
3851; 1
3853; 2
3854; 1
3856; 2
3859; 1
3861; 2
3870; 1
3872; 2
3876; 1
3878; 2
3878; 1
3880; 2
3885; 1
3887; 2
3886; 1
3888; 2
3919; 1
3921; 2
3922; 1
3924; 2
3925; 1
3927; 2
3925; 1
3927; 2
3930; 1
3932; 2
3938; 1
3940; 2
3948; 1
3950; 2
3957; 1
3959; 2
3961; 1
3963; 2
3970; 1
3972; 2
3972; 1
3974; 2
3981; 1
3983; 2
3986; 1
3988; 2
3989; 1
3991; 2
3990; 1
3992; 2
4027; 1
4029; 2
4034; 1
4036; 2
4054; 1
4056; 2
4055; 1
4057; 2
4064; 1
4066; 2
4064; 1
4066; 2
4080; 1
4082; 2
4096; 1
4098; 2
4101; 1
4103; 2
4111; 1
4113; 2
4123; 1
4125; 2
4130; 1
4132; 2
4138; 1
4140; 2
4139; 1
4141; 2
4141; 1
4143; 2
4149; 1
4151; 2
4182; 1
4184; 2
4186; 1
4188; 2
4193; 1
4195; 2
4197; 1
4199; 2
4203; 1
4205; 2
4212; 1
4214; 2
4231; 1
4233; 2
4253; 1
4255; 2
4269; 1
4271; 2
4299; 1
4301; 2
4318; 1
4320; 2
4326; 1
4328; 2
4328; 1
4330; 2
4333; 1
4335; 2
4357; 1
4359; 2
4360; 1
4362; 2
4367; 1
4369; 2
4380; 1
4382; 2
4382; 1
4384; 2
4387; 1
4389; 2
4406; 1
4408; 2
4409; 1
4411; 2
4414; 1
4416; 2
4417; 1
4419; 2
4431; 1
4433; 2
4481; 1
4483; 2
4518; 1
4520; 2
4519; 1
4521; 2
4530; 1
4532; 2
4536; 1
4538; 2
4561; 1
4563; 2
4573; 1
4575; 2
4577; 1
4579; 2
4578; 1
4580; 2
4591; 1
4593; 2
4591; 1
4593; 2
4594; 1
4596; 2
4625; 1
4627; 2
4645; 1
4647; 2
4646; 1
4648; 2
4662; 1
4664; 2
4667; 1
4669; 2
4667; 1
4669; 2
4671; 1
4673; 2
4674; 1
4676; 2
4684; 1
4686; 2
4691; 1
4693; 2
4706; 1
4708; 2
4708; 1
4710; 2
4719; 1
4721; 2
4721; 1
4723; 2
4737; 1
4739; 2
4744; 1
4746; 2
4752; 1
4754; 2
4775; 1
4777; 2
4791; 1
4793; 2
4794; 1
4796; 2
4803; 1
4805; 2
4812; 1
4814; 2
4814; 1
4816; 2
4826; 1
4828; 2
4826; 1
4828; 2
4827; 1
4829; 2
4832; 1
4834; 2
4841; 1
4843; 2
4844; 1
4846; 2
4850; 1
4852; 2
4866; 1
4868; 2
4872; 1
4874; 2
4882; 1
4884; 2
4904; 1
4906; 2
4907; 1
4909; 2
4915; 1
4917; 2
4915; 1
4917; 2
4929; 1
4931; 2
4945; 1
4947; 2
4956; 1
4958; 2
4956; 1
4958; 2
4969; 1
4971; 2
4975; 1
4977; 2
4977; 1
4979; 2
4997; 1
4999; 2
5001; 1
5003; 2
5012; 1
5014; 2
5018; 1
5020; 2
5032; 1
5034; 2
5041; 1
5043; 2
5050; 1
5052; 2
5051; 1
5053; 2
5058; 1
5060; 2
5070; 1
5072; 2
5094; 1
5096; 2
5106; 1
5108; 2
5114; 1
5116; 2
5115; 1
5117; 2
5122; 1
5124; 2
5132; 1
5134; 2
5139; 1
5141; 2
5145; 1
5147; 2
5160; 1
5162; 2
5169; 1
5171; 2
5181; 1
5183; 2
5192; 1
5194; 2
5202; 1
5204; 2
5213; 1
5215; 2
5213; 1
5215; 2
5225; 1
5227; 2
5233; 1
5235; 2
5274; 1
5276; 2
5280; 1
5282; 2
5280; 1
5282; 2
5285; 1
5287; 2
5287; 1
5289; 2
5291; 1
5293; 2
5295; 1
5297; 2
5295; 1
5297; 2
5301; 1
5303; 2
5306; 1
5308; 2
5309; 1
5311; 2
5312; 1
5314; 2
5317; 1
5319; 2
5337; 1
5339; 2
5349; 1
5351; 2
5380; 1
5382; 2
5388; 1
5390; 2
5389; 1
5391; 2
5433; 1
5435; 2
5444; 1
5446; 2
5445; 1
5447; 2
5456; 1
5458; 2
5462; 1
5464; 2
5484; 1
5486; 2
5490; 1
5492; 2
5494; 1
5496; 2
5498; 1
5500; 2
5538; 1
5540; 2
5567; 1
5569; 2
5570; 1
5572; 2
5582; 1
5584; 2
5591; 1
5593; 2
5592; 1
5594; 2
5593; 1
5595; 2
5605; 1
5607; 2
5621; 1
5623; 2
5624; 1
5626; 2
5641; 1
5643; 2
5647; 1
5649; 2
5698; 1
5700; 2
5698; 1
5700; 2
5712; 1
5714; 2
5735; 1
5737; 2
5737; 1
5739; 2
5737; 1
5739; 2
5752; 1
5754; 2
5754; 1
5756; 2
5762; 1
5764; 2
5771; 1
5773; 2
5779; 1
5781; 2
5780; 1
5782; 2
5793; 1
5795; 2
5838; 1
5840; 2
5852; 1
5854; 2
5886; 1
5888; 2
5893; 1
5895; 2
5898; 1
5900; 2
5899; 1
5901; 2
5909; 1
5911; 2
5927; 1
5929; 2
5931; 1
5933; 2
5970; 1
5972; 2
5978; 1
5980; 2
5985; 1
5987; 2
6016; 1
6018; 2
6057; 1
6059; 2
6064; 1
6066; 2
6075; 1
6077; 2
6091; 1
6093; 2
6110; 1
6112; 2
6114; 1
6116; 2
6148; 1
6150; 2
6153; 1
6155; 2
6155; 1
6157; 2
6164; 1
6166; 2
6195; 1
6197; 2
6211; 1
6213; 2
6224; 1
6226; 2
6230; 1
6232; 2
6231; 1
6233; 2
6249; 1
6251; 2
6260; 1
6262; 2
6260; 1
6262; 2
6288; 1
6290; 2
6301; 1
6303; 2
6303; 1
6305; 2
6304; 1
6306; 2
6304; 1
6306; 2
6307; 1
6309; 2
6317; 1
6319; 2
6322; 1
6324; 2
6350; 1
6352; 2
6354; 1
6356; 2
6373; 1
6375; 2
6379; 1
6381; 2
6396; 1
6398; 2
6401; 1
6403; 2
6418; 1
6420; 2
6422; 1
6424; 2
6423; 1
6425; 2
6426; 1
6428; 2
6437; 1
6439; 2
6456; 1
6458; 2
6462; 1
6464; 2
6463; 1
6465; 2
6474; 1
6476; 2
6488; 1
6490; 2
6493; 1
6495; 2
6495; 1
6497; 2
6534; 1
6536; 2
6541; 1
6543; 2
6544; 1
6546; 2
6565; 1
6567; 2
6595; 1
6597; 2
6618; 1
6620; 2
6622; 1
6624; 2
6640; 1
6642; 2
6643; 1
6645; 2
6681; 1
6683; 2
6693; 1
6695; 2
6707; 1
6709; 2
6715; 1
6717; 2
6720; 1
6722; 2
6744; 1
6746; 2
6745; 1
6747; 2
6760; 1
6762; 2
6783; 1
6785; 2
6786; 1
6788; 2
6793; 1
6795; 2
6804; 1
6806; 2
6805; 1
6807; 2
6814; 1
6816; 2
6814; 1
6816; 2
6855; 1
6857; 2
6858; 1
6860; 2
6877; 1
6879; 2
6891; 1
6893; 2
6903; 1
6905; 2
6929; 1
6931; 2
6954; 1
6956; 2
6956; 1
6958; 2
6960; 1
6962; 2
6961; 1
6963; 2
6977; 1
6979; 2
6980; 1
6982; 2
6981; 1
6983; 2
6994; 1
6996; 2
7002; 1
7004; 2
7006; 1
7008; 2
7008; 1
7010; 2
7013; 1
7015; 2
7020; 1
7022; 2
7024; 1
7026; 2
7030; 1
7032; 2
7035; 1
7037; 2
7035; 1
7037; 2
7045; 1
7047; 2
7047; 1
7049; 2
7063; 1
7065; 2
7068; 1
7070; 2
7074; 1
7076; 2
7079; 1
7081; 2
7091; 1
7093; 2
7095; 1
7097; 2
7098; 1
7100; 2
7107; 1
7109; 2
7108; 1
7110; 2
7112; 1
7114; 2
7113; 1
7115; 2
7123; 1
7125; 2
7131; 1
7133; 2
7133; 1
7135; 2
7155; 1
7157; 2
7158; 1
7160; 2
7160; 1
7162; 2
7171; 1
7173; 2
7172; 1
7174; 2
7182; 1
7184; 2
7203; 1
7205; 2
7215; 1
7217; 2
7231; 1
7233; 2
7236; 1
7238; 2
7245; 1
7247; 2
7248; 1
7250; 2
7262; 1
7264; 2
7265; 1
7267; 2
7278; 1
7280; 2
7283; 1
7285; 2
7287; 1
7289; 2
7308; 1
7310; 2
7324; 1
7326; 2
7331; 1
7333; 2
7346; 1
7348; 2
7363; 1
7365; 2
7371; 1
7373; 2
7372; 1
7374; 2
7382; 1
7384; 2
7397; 1
7399; 2
7399; 1
7401; 2
7407; 1
7409; 2
7420; 1
7422; 2
7433; 1
7435; 2
7434; 1
7436; 2
7456; 1
7458; 2
7493; 1
7495; 2
7493; 1
7495; 2
7499; 1
7501; 2
7510; 1
7512; 2
7529; 1
7531; 2
7542; 1
7544; 2
7553; 1
7555; 2
7589; 1
7591; 2
7625; 1
7627; 2
7642; 1
7644; 2
7647; 1
7649; 2
7660; 1
7662; 2
7674; 1
7676; 2
7685; 1
7687; 2
7690; 1
7692; 2
7724; 1
7726; 2
7739; 1
7741; 2
7764; 1
7766; 2
7765; 1
7767; 2
7781; 1
7783; 2
7785; 1
7787; 2
7786; 1
7788; 2
7788; 1
7790; 2
7812; 1
7814; 2
7814; 1
7816; 2
7819; 1
7821; 2
7852; 1
7854; 2
7864; 1
7866; 2
7876; 1
7878; 2
7909; 1
7911; 2
7930; 1
7932; 2
7932; 1
7934; 2
7935; 1
7937; 2
7948; 1
7950; 2
7949; 1
7951; 2
7953; 1
7955; 2
7954; 1
7956; 2
7961; 1
7963; 2
7962; 1
7964; 2
7974; 1
7976; 2
7979; 1
7981; 2
7980; 1
7982; 2
7982; 1
7984; 2
8000; 1
8002; 2
8009; 1
8011; 2
8012; 1
8014; 2
8027; 1
8029; 2
8029; 1
8031; 2
8029; 1
8031; 2
8067; 1
8069; 2
8120; 1
8122; 2
8131; 1
8133; 2
8143; 1
8145; 2
8145; 1
8147; 2
8149; 1
8151; 2
8170; 1
8172; 2
8173; 1
8175; 2
8224; 1
8226; 2
8228; 1
8230; 2
8237; 1
8239; 2
8248; 1
8250; 2
8269; 1
8271; 2
8281; 1
8283; 2
8332; 1
8334; 2
8334; 1
8336; 2
8361; 1
8363; 2
8379; 1
8381; 2
8382; 1
8384; 2
8394; 1
8396; 2
8403; 1
8405; 2
8425; 1
8427; 2
8433; 1
8435; 2
8450; 1
8452; 2
8452; 1
8454; 2
8463; 1
8465; 2
8474; 1
8476; 2
8475; 1
8477; 2
8485; 1
8487; 2
8485; 1
8487; 2
8487; 1
8489; 2
8491; 1
8493; 2
8499; 1
8501; 2
8500; 1
8502; 2
8500; 1
8502; 2
8512; 1
8514; 2
8523; 1
8525; 2
8526; 1
8528; 2
8528; 1
8530; 2
8536; 1
8538; 2
8542; 1
8544; 2
8550; 1
8552; 2
8553; 1
8555; 2
8556; 1
8558; 2
8576; 1
8578; 2
8584; 1
8586; 2
8597; 1
8599; 2
8607; 1
8609; 2
8624; 1
8626; 2
8639; 1
8641; 2
8643; 1
8645; 2
8651; 1
8653; 2
8666; 1
8668; 2
8672; 1
8674; 2
8678; 1
8680; 2
8686; 1
8688; 2
8689; 1
8691; 2
8729; 1
8731; 2
8740; 1
8742; 2
8768; 1
8770; 2
8773; 1
8775; 2
8792; 1
8794; 2
8807; 1
8809; 2
8816; 1
8818; 2
8821; 1
8823; 2
8824; 1
8826; 2
8825; 1
8827; 2
8833; 1
8835; 2
8833; 1
8835; 2
8840; 1
8842; 2
8848; 1
8850; 2
8850; 1
8852; 2
8859; 1
8861; 2
8875; 1
8877; 2
8882; 1
8884; 2
8898; 1
8900; 2
8903; 1
8905; 2
8945; 1
8947; 2
8947; 1
8949; 2
8955; 1
8957; 2
8965; 1
8967; 2
8970; 1
8972; 2
8973; 1
8975; 2
8991; 1
8993; 2
8999; 1
9001; 2
9002; 1
9004; 2
9032; 1
9034; 2
9034; 1
9036; 2
9042; 1
9044; 2
9042; 1
9044; 2
9053; 1
9055; 2
9057; 1
9059; 2
9058; 1
9060; 2
9068; 1
9070; 2
9078; 1
9080; 2
9078; 1
9080; 2
9083; 1
9085; 2
9097; 1
9099; 2
9111; 1
9113; 2
9112; 1
9114; 2
9123; 1
9125; 2
9140; 1
9142; 2
9150; 1
9152; 2
9152; 1
9154; 2
9171; 1
9173; 2
9189; 1
9191; 2
9193; 1
9195; 2
9200; 1
9202; 2
9240; 1
9242; 2
9244; 1
9246; 2
9258; 1
9260; 2
9286; 1
9288; 2
9286; 1
9288; 2
9300; 1
9302; 2
9305; 1
9307; 2
9307; 1
9309; 2
9316; 1
9318; 2
9325; 1
9327; 2
9326; 1
9328; 2
9337; 1
9339; 2
9345; 1
9347; 2
9349; 1
9351; 2
9353; 1
9355; 2
9353; 1
9355; 2
9357; 1
9359; 2
9361; 1
9363; 2
9364; 1
9366; 2
9374; 1
9376; 2
9382; 1
9384; 2
9383; 1
9385; 2
9405; 1
9407; 2
9423; 1
9425; 2
9424; 1
9426; 2
9433; 1
9435; 2
9443; 1
9445; 2
9448; 1
9450; 2
9454; 1
9456; 2
9458; 1
9460; 2
9464; 1
9466; 2
9466; 1
9468; 2
9478; 1
9480; 2
9483; 1
9485; 2
9485; 1
9487; 2
9497; 1
9499; 2
9516; 1
9518; 2
9524; 1
9526; 2
9545; 1
9547; 2
9557; 1
9559; 2
9574; 1
9576; 2
9582; 1
9584; 2
9584; 1
9586; 2
9594; 1
9596; 2
9609; 1
9611; 2
9617; 1
9619; 2
9625; 1
9627; 2
9635; 1
9637; 2
9694; 1
9696; 2
9696; 1
9698; 2
9710; 1
9712; 2
9721; 1
9723; 2
9727; 1
9729; 2
9737; 1
9739; 2
9743; 1
9745; 2
9744; 1
9746; 2
9752; 1
9754; 2
9767; 1
9769; 2
9768; 1
9770; 2
9770; 1
9772; 2
9784; 1
9786; 2
9795; 1
9797; 2
9798; 1
9800; 2
9807; 1
9809; 2
9809; 1
9811; 2
9809; 1
9811; 2
9811; 1
9813; 2
9825; 1
9827; 2
9827; 1
9829; 2
9827; 1
9829; 2
9835; 1
9837; 2
9845; 1
9847; 2
9849; 1
9851; 2
9851; 1
9853; 2
9853; 1
9855; 2
9853; 1
9855; 2
9858; 1
9860; 2
9861; 1
9863; 2
9868; 1
9870; 2
9877; 1
9879; 2
9881; 1
9883; 2
9913; 1
9915; 2
9924; 1
9926; 2
9925; 1
9927; 2
9927; 1
9929; 2
9930; 1
9932; 2
9936; 1
9938; 2
9943; 1
9945; 2
9964; 1
9966; 2
9980; 1
9982; 2
9986; 1
9988; 2
10033; 1
10035; 2
