Sequence of timestamped events V1.0
Stream 8
Id =8
Name = Camera_8
Tbegin = 0
Tend = 10000
Count = 500
107; 1
112; 2
133; 1
138; 2
138; 1
143; 2
150; 1
155; 2
194; 1
199; 2
216; 1
221; 2
216; 1
222; 2
233; 1
238; 2
259; 1
264; 2
268; 1
274; 2
272; 1
277; 2
288; 1
295; 2
299; 1
305; 2
326; 1
331; 2
409; 1
414; 2
411; 1
416; 2
417; 1
422; 2
428; 1
433; 2
431; 1
436; 2
446; 1
451; 2
450; 1
455; 2
457; 1
462; 2
463; 1
468; 2
474; 1
480; 2
483; 1
488; 2
498; 1
504; 2
524; 1
529; 2
552; 1
557; 2
579; 1
584; 2
627; 1
632; 2
644; 1
649; 2
656; 1
662; 2
688; 1
694; 2
696; 1
701; 2
720; 1
725; 2
735; 1
741; 2
756; 1
761; 2
823; 1
828; 2
825; 1
830; 2
826; 1
831; 2
855; 1
860; 2
880; 1
885; 2
897; 1
901; 2
919; 1
925; 2
928; 1
934; 2
953; 1
958; 2
994; 1
999; 2
1001; 1
1006; 2
1032; 1
1037; 2
1045; 1
1050; 2
1128; 1
1133; 2
1138; 1
1143; 2
1141; 1
1147; 2
1159; 1
1164; 2
1162; 1
1167; 2
1164; 1
1169; 2
1193; 1
1199; 2
1195; 1
1200; 2
1223; 1
1228; 2
1235; 1
1240; 2
1256; 1
1261; 2
1272; 1
1278; 2
1287; 1
1292; 2
1314; 1
1319; 2
1386; 1
1391; 2
1418; 1
1423; 2
1432; 1
1437; 2
1479; 1
1484; 2
1495; 1
1500; 2
1509; 1
1514; 2
1524; 1
1530; 2
1535; 1
1540; 2
1552; 1
1557; 2
1578; 1
1583; 2
1579; 1
1584; 2
1579; 1
1584; 2
1590; 1
1595; 2
1610; 1
1615; 2
1649; 1
1655; 2
1651; 1
1656; 2
1659; 1
1665; 2
1660; 1
1665; 2
1669; 1
1674; 2
1703; 1
1709; 2
1704; 1
1709; 2
1744; 1
1749; 2
1775; 1
1780; 2
1794; 1
1800; 2
1812; 1
1817; 2
1834; 1
1840; 2
1835; 1
1840; 2
1847; 1
1852; 2
1865; 1
1870; 2
1878; 1
1883; 2
1884; 1
1889; 2
1901; 1
1906; 2
1903; 1
1908; 2
1912; 1
1917; 2
1914; 1
1919; 2
1928; 1
1933; 2
1935; 1
1940; 2
1960; 1
1965; 2
1970; 1
1975; 2
1994; 1
1999; 2
1997; 1
2002; 2
1999; 1
2004; 2
2001; 1
2006; 2
2014; 1
2019; 2
2020; 1
2025; 2
2030; 1
2036; 2
2035; 1
2040; 2
2035; 1
2040; 2
2047; 1
2054; 2
2061; 1
2066; 2
2095; 1
2100; 2
2147; 1
2153; 2
2158; 1
2165; 2
2171; 1
2176; 2
2210; 1
2215; 2
2223; 1
2228; 2
2311; 1
2316; 2
2325; 1
2330; 2
2372; 1
2377; 2
2405; 1
2411; 2
2418; 1
2423; 2
2435; 1
2440; 2
2447; 1
2452; 2
2461; 1
2466; 2
2482; 1
2488; 2
2526; 1
2531; 2
2535; 1
2541; 2
2577; 1
2583; 2
2585; 1
2590; 2
2647; 1
2652; 2
2671; 1
2676; 2
2680; 1
2685; 2
2683; 1
2687; 2
2683; 1
2688; 2
2685; 1
2690; 2
2700; 1
2705; 2
2701; 1
2706; 2
2710; 1
2715; 2
2724; 1
2729; 2
2740; 1
2745; 2
2742; 1
2747; 2
2748; 1
2753; 2
2755; 1
2761; 2
2769; 1
2775; 2
2829; 1
2834; 2
2853; 1
2858; 2
2872; 1
2876; 2
2958; 1
2963; 2
2997; 1
3004; 2
3040; 1
3045; 2
3046; 1
3051; 2
3082; 1
3087; 2
3106; 1
3111; 2
3113; 1
3118; 2
3167; 1
3172; 2
3220; 1
3225; 2
3234; 1
3239; 2
3240; 1
3245; 2
3252; 1
3257; 2
3253; 1
3259; 2
3255; 1
3260; 2
3265; 1
3270; 2
3293; 1
3299; 2
3303; 1
3308; 2
3323; 1
3328; 2
3325; 1
3330; 2
3349; 1
3355; 2
3353; 1
3358; 2
3371; 1
3376; 2
3413; 1
3418; 2
3439; 1
3444; 2
3446; 1
3451; 2
3474; 1
3479; 2
3483; 1
3488; 2
3486; 1
3491; 2
3495; 1
3500; 2
3498; 1
3503; 2
3498; 1
3503; 2
3507; 1
3512; 2
3513; 1
3519; 2
3575; 1
3580; 2
3578; 1
3584; 2
3630; 1
3634; 2
3641; 1
3646; 2
3662; 1
3667; 2
3675; 1
3680; 2
3678; 1
3683; 2
3704; 1
3709; 2
3714; 1
3719; 2
3765; 1
3770; 2
3822; 1
3828; 2
3852; 1
3857; 2
3920; 1
3925; 2
3932; 1
3938; 2
3970; 1
3975; 2
3976; 1
3981; 2
3993; 1
3998; 2
4004; 1
4009; 2
4015; 1
4021; 2
4089; 1
4094; 2
4140; 1
4145; 2
4185; 1
4191; 2
4223; 1
4228; 2
4224; 1
4229; 2
4250; 1
4256; 2
4251; 1
4256; 2
4255; 1
4260; 2
4261; 1
4266; 2
4279; 1
4284; 2
4288; 1
4294; 2
4355; 1
4360; 2
4384; 1
4389; 2
4428; 1
4433; 2
4445; 1
4450; 2
4485; 1
4490; 2
4491; 1
4497; 2
4499; 1
4505; 2
4530; 1
4535; 2
4540; 1
4545; 2
4561; 1
4566; 2
4563; 1
4568; 2
4571; 1
4576; 2
4575; 1
4580; 2
4576; 1
4581; 2
4616; 1
4621; 2
4620; 1
4625; 2
4623; 1
4628; 2
4642; 1
4648; 2
4654; 1
4659; 2
4728; 1
4733; 2
4820; 1
4825; 2
4840; 1
4846; 2
4915; 1
4920; 2
4919; 1
4924; 2
4928; 1
4934; 2
4952; 1
4958; 2
4974; 1
4980; 2
4986; 1
4992; 2
4990; 1
4995; 2
4997; 1
5002; 2
4999; 1
5004; 2
5027; 1
5032; 2
5040; 1
5046; 2
5047; 1
5052; 2
5056; 1
5062; 2
5063; 1
5068; 2
5070; 1
5075; 2
5076; 1
5082; 2
5079; 1
5085; 2
5199; 1
5204; 2
5207; 1
5213; 2
5213; 1
5219; 2
5255; 1
5261; 2
5268; 1
5273; 2
5276; 1
5281; 2
5279; 1
5284; 2
5282; 1
5287; 2
5285; 1
5290; 2
5291; 1
5296; 2
5304; 1
5309; 2
5378; 1
5383; 2
5389; 1
5394; 2
5402; 1
5407; 2
5467; 1
5472; 2
5483; 1
5488; 2
5486; 1
5491; 2
5496; 1
5501; 2
5507; 1
5512; 2
5526; 1
5531; 2
5537; 1
5542; 2
5564; 1
5569; 2
5568; 1
5573; 2
5649; 1
5654; 2
5654; 1
5659; 2
5660; 1
5666; 2
5682; 1
5687; 2
5707; 1
5713; 2
5741; 1
5746; 2
5773; 1
5778; 2
5793; 1
5799; 2
5797; 1
5802; 2
5817; 1
5822; 2
5826; 1
5831; 2
5849; 1
5854; 2
5909; 1
5915; 2
5915; 1
5920; 2
5923; 1
5928; 2
5964; 1
5970; 2
5969; 1
5974; 2
5978; 1
5983; 2
5982; 1
5987; 2
5988; 1
5993; 2
6016; 1
6021; 2
6035; 1
6040; 2
6091; 1
6096; 2
6098; 1
6104; 2
6099; 1
6104; 2
6114; 1
6120; 2
6149; 1
6154; 2
6151; 1
6156; 2
6156; 1
6161; 2
6208; 1
6213; 2
6225; 1
6230; 2
6229; 1
6235; 2
6284; 1
6289; 2
6298; 1
6303; 2
6300; 1
6305; 2
6304; 1
6309; 2
6320; 1
6325; 2
6373; 1
6378; 2
6380; 1
6385; 2
6415; 1
6421; 2
6430; 1
6435; 2
6431; 1
6436; 2
6454; 1
6459; 2
6455; 1
6460; 2
6505; 1
6510; 2
6513; 1
6519; 2
6537; 1
6543; 2
6583; 1
6588; 2
6606; 1
6611; 2
6611; 1
6616; 2
6612; 1
6619; 2
6624; 1
6630; 2
6693; 1
6698; 2
6713; 1
6718; 2
6722; 1
6729; 2
6757; 1
6762; 2
6801; 1
6806; 2
6801; 1
6806; 2
6812; 1
6818; 2
6815; 1
6820; 2
6840; 1
6846; 2
6861; 1
6866; 2
6929; 1
6934; 2
6991; 1
6996; 2
6999; 1
7004; 2
7069; 1
7074; 2
7069; 1
7074; 2
7129; 1
7134; 2
7151; 1
7156; 2
7157; 1
7162; 2
7163; 1
7169; 2
7174; 1
7179; 2
7176; 1
7181; 2
7192; 1
7198; 2
7205; 1
7210; 2
7212; 1
7217; 2
7224; 1
7230; 2
7235; 1
7240; 2
7241; 1
7246; 2
7256; 1
7261; 2
7290; 1
7295; 2
7297; 1
7303; 2
7317; 1
7322; 2
7355; 1
7360; 2
7359; 1
7364; 2
7367; 1
7372; 2
7430; 1
7435; 2
7430; 1
7435; 2
7443; 1
7448; 2
7449; 1
7454; 2
7507; 1
7512; 2
7548; 1
7553; 2
7550; 1
7555; 2
7556; 1
7562; 2
7591; 1
7596; 2
7593; 1
7598; 2
7620; 1
7625; 2
7632; 1
7637; 2
7638; 1
7643; 2
7658; 1
7664; 2
7671; 1
7676; 2
7693; 1
7698; 2
7713; 1
7718; 2
7736; 1
7741; 2
7746; 1
7751; 2
7754; 1
7760; 2
7816; 1
7822; 2
7853; 1
7859; 2
7882; 1
7887; 2
7916; 1
7921; 2
7960; 1
7965; 2
7961; 1
7966; 2
7968; 1
7973; 2
7981; 1
7986; 2
7986; 1
7991; 2
7990; 1
7996; 2
8004; 1
8009; 2
8058; 1
8063; 2
8074; 1
8080; 2
8096; 1
8101; 2
8159; 1
8164; 2
8166; 1
8171; 2
8211; 1
8216; 2
8245; 1
8250; 2
8247; 1
8252; 2
8271; 1
8277; 2
8287; 1
8292; 2
8290; 1
8295; 2
8307; 1
8312; 2
8318; 1
8323; 2
8318; 1
8323; 2
8347; 1
8352; 2
8347; 1
8353; 2
8373; 1
8378; 2
8378; 1
8383; 2
8389; 1
8395; 2
8415; 1
8420; 2
8465; 1
8470; 2
8501; 1
8506; 2
8516; 1
8521; 2
8529; 1
8534; 2
8544; 1
8550; 2
8545; 1
8550; 2
8605; 1
8610; 2
8644; 1
8649; 2
8683; 1
8688; 2
8691; 1
8696; 2
8724; 1
8729; 2
8743; 1
8748; 2
8772; 1
8777; 2
8775; 1
8781; 2
8812; 1
8817; 2
8831; 1
8837; 2
8860; 1
8865; 2
8885; 1
8890; 2
8911; 1
8916; 2
8919; 1
8925; 2
8958; 1
8965; 2
8961; 1
8966; 2
8970; 1
8977; 2
8985; 1
8991; 2
9002; 1
9007; 2
9007; 1
9012; 2
9019; 1
9024; 2
9029; 1
9034; 2
9051; 1
9056; 2
9071; 1
9076; 2
9080; 1
9085; 2
9096; 1
9101; 2
9175; 1
9180; 2
9179; 1
9185; 2
9182; 1
9187; 2
9184; 1
9189; 2
9185; 1
9190; 2
9247; 1
9252; 2
9252; 1
9257; 2
9261; 1
9266; 2
9276; 1
9282; 2
9281; 1
9286; 2
9289; 1
9294; 2
9302; 1
9308; 2
9306; 1
9312; 2
9324; 1
9330; 2
9329; 1
9334; 2
9351; 1
9356; 2
9365; 1
9371; 2
9401; 1
9406; 2
9432; 1
9437; 2
9506; 1
9511; 2
9512; 1
9517; 2
9514; 1
9520; 2
9516; 1
9521; 2
9549; 1
9554; 2
9554; 1
9559; 2
9594; 1
9599; 2
9618; 1
9623; 2
9631; 1
9636; 2
9662; 1
9668; 2
9669; 1
9674; 2
9673; 1
9678; 2
9699; 1
9704; 2
9701; 1
9706; 2
9709; 1
9715; 2
9711; 1
9717; 2
9716; 1
9721; 2
9742; 1
9747; 2
9753; 1
9759; 2
9754; 1
9759; 2
9763; 1
9768; 2
9772; 1
9778; 2
9772; 1
9778; 2
9781; 1
9786; 2
9787; 1
9792; 2
9844; 1
9849; 2
9857; 1
9862; 2
9875; 1
9880; 2
9887; 1
9892; 2
9894; 1
9899; 2
9925; 1
9930; 2
9932; 1
9937; 2
9996; 1
10002; 2
10027; 1
10033; 2
10034; 1
10039; 2
10095; 1
10101; 2
