Sequence of timestamped events V1.0
Stream 7
Id =7
Name = Camera_7
Tbegin = 0
Tend = 10000
Count = 6000
30; 1
31; 2
32; 1
33; 2
36; 1
37; 2
36; 1
37; 2
37; 1
38; 2
39; 1
40; 2
40; 1
41; 2
41; 1
42; 2
43; 1
44; 2
45; 1
46; 2
45; 1
46; 2
46; 1
47; 2
46; 1
47; 2
46; 1
47; 2
46; 1
47; 2
47; 1
48; 2
48; 1
49; 2
50; 1
51; 2
51; 1
52; 2
53; 1
54; 2
57; 1
58; 2
57; 1
58; 2
60; 1
61; 2
61; 1
62; 2
61; 1
62; 2
61; 1
62; 2
66; 1
67; 2
70; 1
71; 2
70; 1
71; 2
71; 1
72; 2
72; 1
73; 2
74; 1
75; 2
75; 1
76; 2
76; 1
77; 2
76; 1
77; 2
80; 1
81; 2
84; 1
85; 2
88; 1
89; 2
89; 1
90; 2
91; 1
92; 2
92; 1
93; 2
94; 1
95; 2
95; 1
96; 2
97; 1
98; 2
97; 1
98; 2
99; 1
100; 2
99; 1
100; 2
99; 1
100; 2
99; 1
100; 2
99; 1
100; 2
100; 1
101; 2
102; 1
103; 2
103; 1
104; 2
104; 1
105; 2
106; 1
107; 2
107; 1
108; 2
107; 1
108; 2
108; 1
109; 2
112; 1
113; 2
117; 1
118; 2
118; 1
119; 2
119; 1
120; 2
120; 1
121; 2
122; 1
123; 2
124; 1
125; 2
129; 1
130; 2
129; 1
130; 2
133; 1
134; 2
133; 1
134; 2
135; 1
136; 2
135; 1
136; 2
135; 1
136; 2
136; 1
137; 2
138; 1
139; 2
138; 1
139; 2
140; 1
141; 2
141; 1
142; 2
141; 1
142; 2
142; 1
143; 2
143; 1
144; 2
144; 1
145; 2
147; 1
148; 2
147; 1
148; 2
148; 1
149; 2
150; 1
151; 2
151; 1
152; 2
151; 1
152; 2
152; 1
153; 2
154; 1
155; 2
155; 1
156; 2
156; 1
157; 2
158; 1
159; 2
159; 1
160; 2
160; 1
161; 2
160; 1
161; 2
161; 1
162; 2
163; 1
164; 2
164; 1
165; 2
165; 1
166; 2
165; 1
166; 2
166; 1
167; 2
167; 1
168; 2
170; 1
171; 2
170; 1
171; 2
171; 1
172; 2
172; 1
173; 2
172; 1
173; 2
172; 1
173; 2
173; 1
174; 2
173; 1
174; 2
175; 1
176; 2
176; 1
177; 2
176; 1
177; 2
177; 1
178; 2
177; 1
178; 2
178; 1
179; 2
179; 1
180; 2
184; 1
185; 2
184; 1
185; 2
187; 1
188; 2
195; 1
196; 2
196; 1
197; 2
196; 1
197; 2
197; 1
198; 2
201; 1
202; 2
201; 1
202; 2
202; 1
203; 2
203; 1
204; 2
203; 1
204; 2
204; 1
205; 2
206; 1
207; 2
209; 1
210; 2
211; 1
212; 2
212; 1
213; 2
213; 1
214; 2
217; 1
218; 2
217; 1
218; 2
217; 1
218; 2
218; 1
219; 2
218; 1
219; 2
221; 1
222; 2
222; 1
223; 2
222; 1
223; 2
227; 1
228; 2
228; 1
229; 2
228; 1
229; 2
230; 1
231; 2
230; 1
231; 2
232; 1
233; 2
233; 1
234; 2
234; 1
235; 2
235; 1
236; 2
238; 1
239; 2
241; 1
242; 2
241; 1
242; 2
244; 1
245; 2
244; 1
245; 2
247; 1
248; 2
249; 1
250; 2
251; 1
252; 2
251; 1
252; 2
251; 1
252; 2
252; 1
253; 2
252; 1
253; 2
255; 1
256; 2
256; 1
257; 2
256; 1
257; 2
268; 1
269; 2
270; 1
271; 2
272; 1
273; 2
273; 1
274; 2
275; 1
276; 2
275; 1
276; 2
275; 1
276; 2
287; 1
288; 2
288; 1
289; 2
289; 1
290; 2
291; 1
292; 2
295; 1
296; 2
296; 1
297; 2
296; 1
297; 2
297; 1
298; 2
297; 1
298; 2
299; 1
300; 2
300; 1
301; 2
303; 1
304; 2
309; 1
310; 2
310; 1
311; 2
313; 1
314; 2
314; 1
315; 2
317; 1
318; 2
318; 1
319; 2
326; 1
327; 2
327; 1
328; 2
330; 1
331; 2
330; 1
331; 2
332; 1
333; 2
333; 1
334; 2
339; 1
340; 2
347; 1
348; 2
348; 1
349; 2
351; 1
352; 2
351; 1
352; 2
351; 1
352; 2
362; 1
363; 2
364; 1
365; 2
365; 1
366; 2
368; 1
369; 2
374; 1
375; 2
378; 1
379; 2
382; 1
383; 2
382; 1
383; 2
383; 1
384; 2
384; 1
385; 2
387; 1
388; 2
391; 1
392; 2
392; 1
393; 2
398; 1
399; 2
402; 1
403; 2
404; 1
405; 2
405; 1
406; 2
410; 1
411; 2
411; 1
412; 2
413; 1
414; 2
415; 1
416; 2
416; 1
417; 2
416; 1
417; 2
417; 1
418; 2
418; 1
419; 2
424; 1
425; 2
427; 1
428; 2
430; 1
431; 2
431; 1
432; 2
436; 1
437; 2
437; 1
438; 2
441; 1
442; 2
441; 1
442; 2
442; 1
443; 2
443; 1
444; 2
447; 1
448; 2
447; 1
448; 2
451; 1
452; 2
452; 1
453; 2
453; 1
454; 2
454; 1
455; 2
454; 1
455; 2
455; 1
456; 2
457; 1
458; 2
464; 1
465; 2
467; 1
468; 2
467; 1
468; 2
469; 1
470; 2
470; 1
471; 2
471; 1
472; 2
478; 1
479; 2
482; 1
483; 2
483; 1
484; 2
484; 1
485; 2
485; 1
486; 2
486; 1
487; 2
486; 1
487; 2
486; 1
487; 2
487; 1
488; 2
488; 1
489; 2
488; 1
489; 2
489; 1
490; 2
491; 1
492; 2
494; 1
495; 2
497; 1
498; 2
497; 1
498; 2
498; 1
499; 2
503; 1
504; 2
504; 1
505; 2
505; 1
506; 2
506; 1
507; 2
507; 1
508; 2
513; 1
514; 2
514; 1
515; 2
516; 1
517; 2
520; 1
521; 2
521; 1
522; 2
521; 1
522; 2
522; 1
523; 2
524; 1
525; 2
528; 1
529; 2
529; 1
530; 2
531; 1
532; 2
533; 1
534; 2
537; 1
538; 2
538; 1
539; 2
542; 1
543; 2
544; 1
545; 2
544; 1
545; 2
545; 1
546; 2
545; 1
546; 2
548; 1
549; 2
552; 1
553; 2
552; 1
553; 2
553; 1
554; 2
554; 1
555; 2
557; 1
558; 2
557; 1
558; 2
557; 1
558; 2
558; 1
559; 2
558; 1
559; 2
563; 1
564; 2
563; 1
564; 2
565; 1
566; 2
566; 1
567; 2
567; 1
568; 2
570; 1
571; 2
570; 1
571; 2
570; 1
571; 2
571; 1
572; 2
572; 1
573; 2
575; 1
576; 2
579; 1
580; 2
582; 1
583; 2
583; 1
584; 2
586; 1
587; 2
586; 1
587; 2
589; 1
590; 2
590; 1
591; 2
591; 1
592; 2
593; 1
594; 2
595; 1
596; 2
598; 1
599; 2
598; 1
599; 2
598; 1
599; 2
599; 1
600; 2
600; 1
601; 2
603; 1
604; 2
605; 1
606; 2
605; 1
606; 2
607; 1
608; 2
607; 1
608; 2
607; 1
608; 2
609; 1
610; 2
612; 1
613; 2
613; 1
614; 2
614; 1
615; 2
615; 1
616; 2
615; 1
616; 2
616; 1
617; 2
616; 1
617; 2
616; 1
617; 2
617; 1
618; 2
618; 1
619; 2
620; 1
621; 2
622; 1
623; 2
625; 1
626; 2
625; 1
626; 2
626; 1
627; 2
629; 1
630; 2
635; 1
636; 2
638; 1
639; 2
639; 1
640; 2
639; 1
640; 2
641; 1
642; 2
643; 1
644; 2
643; 1
644; 2
646; 1
647; 2
649; 1
650; 2
649; 1
650; 2
651; 1
652; 2
654; 1
655; 2
654; 1
655; 2
655; 1
656; 2
661; 1
662; 2
663; 1
664; 2
664; 1
665; 2
664; 1
665; 2
666; 1
667; 2
666; 1
667; 2
668; 1
669; 2
668; 1
669; 2
670; 1
671; 2
670; 1
671; 2
672; 1
673; 2
679; 1
680; 2
680; 1
681; 2
681; 1
682; 2
683; 1
684; 2
684; 1
685; 2
686; 1
687; 2
686; 1
687; 2
694; 1
695; 2
695; 1
696; 2
697; 1
698; 2
697; 1
698; 2
699; 1
700; 2
701; 1
702; 2
704; 1
705; 2
705; 1
706; 2
705; 1
706; 2
706; 1
707; 2
706; 1
707; 2
707; 1
708; 2
707; 1
708; 2
707; 1
708; 2
707; 1
708; 2
707; 1
708; 2
709; 1
710; 2
709; 1
710; 2
712; 1
713; 2
713; 1
714; 2
715; 1
716; 2
716; 1
717; 2
717; 1
718; 2
719; 1
720; 2
724; 1
725; 2
726; 1
727; 2
735; 1
736; 2
738; 1
739; 2
741; 1
742; 2
741; 1
742; 2
743; 1
744; 2
744; 1
745; 2
746; 1
747; 2
746; 1
747; 2
748; 1
749; 2
749; 1
750; 2
749; 1
750; 2
750; 1
751; 2
755; 1
756; 2
755; 1
756; 2
756; 1
757; 2
757; 1
758; 2
760; 1
761; 2
761; 1
762; 2
763; 1
764; 2
765; 1
766; 2
765; 1
766; 2
767; 1
768; 2
768; 1
769; 2
773; 1
774; 2
777; 1
778; 2
777; 1
778; 2
779; 1
780; 2
782; 1
783; 2
784; 1
785; 2
786; 1
787; 2
786; 1
787; 2
788; 1
789; 2
789; 1
790; 2
789; 1
790; 2
790; 1
791; 2
790; 1
791; 2
792; 1
793; 2
793; 1
794; 2
793; 1
794; 2
797; 1
798; 2
800; 1
801; 2
802; 1
803; 2
802; 1
803; 2
802; 1
803; 2
803; 1
804; 2
803; 1
804; 2
803; 1
804; 2
811; 1
812; 2
811; 1
812; 2
813; 1
814; 2
814; 1
815; 2
816; 1
817; 2
816; 1
817; 2
820; 1
821; 2
822; 1
823; 2
822; 1
823; 2
826; 1
827; 2
828; 1
829; 2
828; 1
829; 2
830; 1
831; 2
831; 1
832; 2
832; 1
833; 2
832; 1
833; 2
833; 1
834; 2
839; 1
840; 2
839; 1
840; 2
840; 1
841; 2
842; 1
843; 2
843; 1
844; 2
843; 1
844; 2
843; 1
844; 2
844; 1
845; 2
845; 1
846; 2
845; 1
846; 2
847; 1
848; 2
849; 1
850; 2
850; 1
851; 2
851; 1
852; 2
856; 1
857; 2
858; 1
859; 2
859; 1
860; 2
860; 1
861; 2
864; 1
865; 2
869; 1
870; 2
872; 1
873; 2
874; 1
875; 2
874; 1
875; 2
874; 1
875; 2
875; 1
876; 2
876; 1
877; 2
880; 1
881; 2
880; 1
881; 2
880; 1
881; 2
881; 1
882; 2
886; 1
887; 2
888; 1
889; 2
889; 1
890; 2
891; 1
892; 2
893; 1
894; 2
894; 1
895; 2
895; 1
896; 2
903; 1
904; 2
909; 1
910; 2
909; 1
910; 2
909; 1
910; 2
912; 1
913; 2
914; 1
915; 2
915; 1
916; 2
916; 1
917; 2
919; 1
920; 2
923; 1
924; 2
924; 1
925; 2
924; 1
925; 2
927; 1
928; 2
930; 1
931; 2
931; 1
932; 2
934; 1
935; 2
935; 1
936; 2
936; 1
937; 2
938; 1
939; 2
942; 1
943; 2
944; 1
945; 2
944; 1
945; 2
945; 1
946; 2
946; 1
947; 2
947; 1
948; 2
947; 1
948; 2
948; 1
949; 2
949; 1
950; 2
949; 1
950; 2
949; 1
950; 2
950; 1
951; 2
952; 1
953; 2
955; 1
956; 2
955; 1
956; 2
955; 1
956; 2
956; 1
957; 2
958; 1
959; 2
958; 1
959; 2
958; 1
959; 2
961; 1
962; 2
961; 1
962; 2
964; 1
965; 2
967; 1
968; 2
967; 1
968; 2
969; 1
970; 2
969; 1
970; 2
971; 1
972; 2
973; 1
974; 2
976; 1
977; 2
977; 1
978; 2
978; 1
979; 2
978; 1
979; 2
981; 1
982; 2
982; 1
983; 2
983; 1
984; 2
985; 1
986; 2
986; 1
987; 2
988; 1
989; 2
988; 1
989; 2
991; 1
992; 2
993; 1
994; 2
999; 1
1000; 2
1002; 1
1003; 2
1002; 1
1003; 2
1003; 1
1004; 2
1004; 1
1005; 2
1009; 1
1010; 2
1012; 1
1013; 2
1012; 1
1013; 2
1015; 1
1016; 2
1015; 1
1016; 2
1016; 1
1017; 2
1017; 1
1018; 2
1017; 1
1018; 2
1019; 1
1020; 2
1020; 1
1021; 2
1021; 1
1022; 2
1021; 1
1022; 2
1023; 1
1024; 2
1023; 1
1024; 2
1026; 1
1027; 2
1027; 1
1028; 2
1030; 1
1031; 2
1030; 1
1031; 2
1032; 1
1033; 2
1034; 1
1035; 2
1036; 1
1037; 2
1037; 1
1038; 2
1039; 1
1040; 2
1042; 1
1043; 2
1043; 1
1044; 2
1044; 1
1045; 2
1048; 1
1049; 2
1052; 1
1053; 2
1055; 1
1056; 2
1055; 1
1056; 2
1059; 1
1060; 2
1059; 1
1060; 2
1062; 1
1063; 2
1062; 1
1063; 2
1063; 1
1064; 2
1064; 1
1065; 2
1064; 1
1065; 2
1069; 1
1070; 2
1069; 1
1070; 2
1071; 1
1072; 2
1078; 1
1079; 2
1079; 1
1080; 2
1079; 1
1080; 2
1082; 1
1083; 2
1082; 1
1083; 2
1084; 1
1085; 2
1087; 1
1088; 2
1092; 1
1093; 2
1094; 1
1095; 2
1094; 1
1095; 2
1095; 1
1096; 2
1104; 1
1105; 2
1105; 1
1106; 2
1106; 1
1107; 2
1108; 1
1109; 2
1108; 1
1109; 2
1109; 1
1110; 2
1111; 1
1112; 2
1111; 1
1112; 2
1111; 1
1112; 2
1115; 1
1116; 2
1116; 1
1117; 2
1117; 1
1118; 2
1121; 1
1122; 2
1122; 1
1123; 2
1125; 1
1126; 2
1128; 1
1129; 2
1131; 1
1132; 2
1133; 1
1134; 2
1135; 1
1136; 2
1139; 1
1140; 2
1140; 1
1141; 2
1142; 1
1143; 2
1144; 1
1145; 2
1147; 1
1148; 2
1150; 1
1151; 2
1150; 1
1151; 2
1153; 1
1154; 2
1154; 1
1155; 2
1158; 1
1159; 2
1164; 1
1165; 2
1164; 1
1165; 2
1165; 1
1166; 2
1168; 1
1169; 2
1170; 1
1171; 2
1170; 1
1171; 2
1171; 1
1172; 2
1172; 1
1173; 2
1174; 1
1175; 2
1174; 1
1175; 2
1176; 1
1177; 2
1177; 1
1178; 2
1178; 1
1179; 2
1178; 1
1179; 2
1180; 1
1181; 2
1181; 1
1182; 2
1184; 1
1185; 2
1184; 1
1185; 2
1185; 1
1186; 2
1187; 1
1188; 2
1189; 1
1190; 2
1191; 1
1192; 2
1191; 1
1192; 2
1192; 1
1193; 2
1192; 1
1193; 2
1192; 1
1193; 2
1194; 1
1195; 2
1195; 1
1196; 2
1196; 1
1197; 2
1197; 1
1198; 2
1199; 1
1200; 2
1201; 1
1202; 2
1201; 1
1202; 2
1206; 1
1207; 2
1208; 1
1209; 2
1209; 1
1210; 2
1209; 1
1210; 2
1210; 1
1211; 2
1215; 1
1216; 2
1215; 1
1216; 2
1217; 1
1218; 2
1218; 1
1219; 2
1219; 1
1220; 2
1220; 1
1221; 2
1222; 1
1223; 2
1222; 1
1223; 2
1222; 1
1223; 2
1222; 1
1223; 2
1223; 1
1224; 2
1224; 1
1225; 2
1225; 1
1226; 2
1225; 1
1226; 2
1226; 1
1227; 2
1227; 1
1228; 2
1228; 1
1229; 2
1238; 1
1239; 2
1242; 1
1243; 2
1244; 1
1245; 2
1247; 1
1248; 2
1249; 1
1250; 2
1251; 1
1252; 2
1253; 1
1254; 2
1258; 1
1259; 2
1259; 1
1260; 2
1262; 1
1263; 2
1263; 1
1264; 2
1263; 1
1264; 2
1263; 1
1264; 2
1265; 1
1266; 2
1266; 1
1267; 2
1266; 1
1267; 2
1267; 1
1268; 2
1269; 1
1270; 2
1270; 1
1271; 2
1271; 1
1272; 2
1271; 1
1272; 2
1273; 1
1274; 2
1276; 1
1277; 2
1276; 1
1277; 2
1277; 1
1278; 2
1277; 1
1278; 2
1278; 1
1279; 2
1278; 1
1279; 2
1278; 1
1279; 2
1279; 1
1280; 2
1280; 1
1281; 2
1281; 1
1282; 2
1281; 1
1282; 2
1281; 1
1282; 2
1285; 1
1286; 2
1285; 1
1286; 2
1287; 1
1288; 2
1289; 1
1290; 2
1290; 1
1291; 2
1291; 1
1292; 2
1292; 1
1293; 2
1294; 1
1295; 2
1295; 1
1296; 2
1295; 1
1296; 2
1296; 1
1297; 2
1297; 1
1298; 2
1300; 1
1301; 2
1305; 1
1306; 2
1305; 1
1306; 2
1305; 1
1306; 2
1308; 1
1309; 2
1310; 1
1311; 2
1310; 1
1311; 2
1314; 1
1315; 2
1315; 1
1316; 2
1317; 1
1318; 2
1318; 1
1319; 2
1321; 1
1322; 2
1323; 1
1324; 2
1323; 1
1324; 2
1323; 1
1324; 2
1325; 1
1326; 2
1330; 1
1331; 2
1330; 1
1331; 2
1330; 1
1331; 2
1330; 1
1331; 2
1334; 1
1335; 2
1334; 1
1335; 2
1337; 1
1338; 2
1338; 1
1339; 2
1339; 1
1340; 2
1340; 1
1341; 2
1341; 1
1342; 2
1343; 1
1344; 2
1344; 1
1345; 2
1345; 1
1346; 2
1346; 1
1347; 2
1347; 1
1348; 2
1347; 1
1348; 2
1348; 1
1349; 2
1348; 1
1349; 2
1348; 1
1349; 2
1348; 1
1349; 2
1349; 1
1350; 2
1349; 1
1350; 2
1350; 1
1351; 2
1352; 1
1353; 2
1353; 1
1354; 2
1358; 1
1359; 2
1359; 1
1360; 2
1361; 1
1362; 2
1362; 1
1363; 2
1363; 1
1364; 2
1363; 1
1364; 2
1364; 1
1365; 2
1364; 1
1365; 2
1364; 1
1365; 2
1366; 1
1367; 2
1366; 1
1367; 2
1367; 1
1368; 2
1367; 1
1368; 2
1373; 1
1374; 2
1374; 1
1375; 2
1375; 1
1376; 2
1376; 1
1377; 2
1376; 1
1377; 2
1377; 1
1378; 2
1377; 1
1378; 2
1379; 1
1380; 2
1380; 1
1381; 2
1381; 1
1382; 2
1382; 1
1383; 2
1384; 1
1385; 2
1386; 1
1387; 2
1387; 1
1388; 2
1387; 1
1388; 2
1387; 1
1388; 2
1389; 1
1390; 2
1390; 1
1391; 2
1393; 1
1394; 2
1394; 1
1395; 2
1395; 1
1396; 2
1396; 1
1397; 2
1396; 1
1397; 2
1400; 1
1401; 2
1402; 1
1403; 2
1404; 1
1405; 2
1406; 1
1407; 2
1406; 1
1407; 2
1408; 1
1409; 2
1411; 1
1412; 2
1411; 1
1412; 2
1413; 1
1414; 2
1414; 1
1415; 2
1416; 1
1417; 2
1417; 1
1418; 2
1417; 1
1418; 2
1417; 1
1418; 2
1419; 1
1420; 2
1421; 1
1422; 2
1421; 1
1422; 2
1424; 1
1425; 2
1427; 1
1428; 2
1427; 1
1428; 2
1428; 1
1429; 2
1429; 1
1430; 2
1434; 1
1435; 2
1437; 1
1438; 2
1447; 1
1448; 2
1449; 1
1450; 2
1449; 1
1450; 2
1450; 1
1451; 2
1452; 1
1453; 2
1454; 1
1455; 2
1454; 1
1455; 2
1455; 1
1456; 2
1456; 1
1457; 2
1457; 1
1458; 2
1459; 1
1460; 2
1460; 1
1461; 2
1461; 1
1462; 2
1462; 1
1463; 2
1462; 1
1463; 2
1463; 1
1464; 2
1467; 1
1468; 2
1468; 1
1469; 2
1474; 1
1475; 2
1475; 1
1476; 2
1475; 1
1476; 2
1476; 1
1477; 2
1477; 1
1478; 2
1478; 1
1479; 2
1481; 1
1482; 2
1483; 1
1484; 2
1483; 1
1484; 2
1486; 1
1487; 2
1486; 1
1487; 2
1488; 1
1489; 2
1491; 1
1492; 2
1491; 1
1492; 2
1493; 1
1494; 2
1494; 1
1495; 2
1495; 1
1496; 2
1496; 1
1497; 2
1496; 1
1497; 2
1497; 1
1498; 2
1497; 1
1498; 2
1499; 1
1500; 2
1499; 1
1500; 2
1500; 1
1501; 2
1501; 1
1502; 2
1501; 1
1502; 2
1502; 1
1503; 2
1503; 1
1504; 2
1505; 1
1506; 2
1509; 1
1510; 2
1510; 1
1511; 2
1510; 1
1511; 2
1512; 1
1513; 2
1513; 1
1514; 2
1516; 1
1517; 2
1517; 1
1518; 2
1518; 1
1519; 2
1518; 1
1519; 2
1520; 1
1521; 2
1524; 1
1525; 2
1526; 1
1527; 2
1527; 1
1528; 2
1530; 1
1531; 2
1532; 1
1533; 2
1532; 1
1533; 2
1533; 1
1534; 2
1535; 1
1536; 2
1537; 1
1538; 2
1537; 1
1538; 2
1539; 1
1540; 2
1546; 1
1547; 2
1547; 1
1548; 2
1548; 1
1549; 2
1549; 1
1550; 2
1549; 1
1550; 2
1552; 1
1553; 2
1556; 1
1557; 2
1560; 1
1561; 2
1560; 1
1561; 2
1570; 1
1571; 2
1572; 1
1573; 2
1576; 1
1577; 2
1577; 1
1578; 2
1577; 1
1578; 2
1578; 1
1579; 2
1579; 1
1580; 2
1579; 1
1580; 2
1580; 1
1581; 2
1583; 1
1584; 2
1584; 1
1585; 2
1584; 1
1585; 2
1591; 1
1592; 2
1592; 1
1593; 2
1592; 1
1593; 2
1593; 1
1594; 2
1597; 1
1598; 2
1601; 1
1602; 2
1602; 1
1603; 2
1605; 1
1606; 2
1605; 1
1606; 2
1605; 1
1606; 2
1605; 1
1606; 2
1606; 1
1607; 2
1608; 1
1609; 2
1611; 1
1612; 2
1612; 1
1613; 2
1612; 1
1613; 2
1614; 1
1615; 2
1614; 1
1615; 2
1614; 1
1615; 2
1616; 1
1617; 2
1616; 1
1617; 2
1617; 1
1618; 2
1620; 1
1621; 2
1625; 1
1626; 2
1625; 1
1626; 2
1630; 1
1631; 2
1630; 1
1631; 2
1631; 1
1632; 2
1636; 1
1637; 2
1638; 1
1639; 2
1638; 1
1639; 2
1639; 1
1640; 2
1640; 1
1641; 2
1642; 1
1643; 2
1642; 1
1643; 2
1642; 1
1643; 2
1648; 1
1649; 2
1654; 1
1655; 2
1655; 1
1656; 2
1656; 1
1657; 2
1657; 1
1658; 2
1658; 1
1659; 2
1660; 1
1661; 2
1660; 1
1661; 2
1661; 1
1662; 2
1662; 1
1663; 2
1662; 1
1663; 2
1663; 1
1664; 2
1666; 1
1667; 2
1669; 1
1670; 2
1670; 1
1671; 2
1671; 1
1672; 2
1671; 1
1672; 2
1671; 1
1672; 2
1673; 1
1674; 2
1673; 1
1674; 2
1673; 1
1674; 2
1674; 1
1675; 2
1676; 1
1677; 2
1676; 1
1677; 2
1677; 1
1678; 2
1677; 1
1678; 2
1680; 1
1681; 2
1681; 1
1682; 2
1682; 1
1683; 2
1682; 1
1683; 2
1683; 1
1684; 2
1683; 1
1684; 2
1685; 1
1686; 2
1686; 1
1687; 2
1687; 1
1688; 2
1688; 1
1689; 2
1689; 1
1690; 2
1694; 1
1695; 2
1695; 1
1696; 2
1697; 1
1698; 2
1699; 1
1700; 2
1702; 1
1703; 2
1704; 1
1705; 2
1708; 1
1709; 2
1712; 1
1713; 2
1712; 1
1713; 2
1714; 1
1715; 2
1716; 1
1717; 2
1717; 1
1718; 2
1718; 1
1719; 2
1718; 1
1719; 2
1718; 1
1719; 2
1719; 1
1720; 2
1720; 1
1721; 2
1720; 1
1721; 2
1720; 1
1721; 2
1723; 1
1724; 2
1725; 1
1726; 2
1725; 1
1726; 2
1727; 1
1728; 2
1731; 1
1732; 2
1732; 1
1733; 2
1732; 1
1733; 2
1732; 1
1733; 2
1734; 1
1735; 2
1735; 1
1736; 2
1735; 1
1736; 2
1736; 1
1737; 2
1737; 1
1738; 2
1739; 1
1740; 2
1739; 1
1740; 2
1740; 1
1741; 2
1742; 1
1743; 2
1743; 1
1744; 2
1743; 1
1744; 2
1744; 1
1745; 2
1747; 1
1748; 2
1750; 1
1751; 2
1750; 1
1751; 2
1751; 1
1752; 2
1752; 1
1753; 2
1752; 1
1753; 2
1753; 1
1754; 2
1760; 1
1761; 2
1761; 1
1762; 2
1764; 1
1765; 2
1764; 1
1765; 2
1765; 1
1766; 2
1765; 1
1766; 2
1769; 1
1770; 2
1783; 1
1784; 2
1783; 1
1784; 2
1783; 1
1784; 2
1784; 1
1785; 2
1784; 1
1785; 2
1786; 1
1787; 2
1787; 1
1788; 2
1790; 1
1791; 2
1791; 1
1792; 2
1792; 1
1793; 2
1793; 1
1794; 2
1798; 1
1799; 2
1799; 1
1800; 2
1799; 1
1800; 2
1800; 1
1801; 2
1802; 1
1803; 2
1802; 1
1803; 2
1803; 1
1804; 2
1803; 1
1804; 2
1807; 1
1808; 2
1810; 1
1811; 2
1815; 1
1816; 2
1817; 1
1818; 2
1817; 1
1818; 2
1817; 1
1818; 2
1817; 1
1818; 2
1818; 1
1819; 2
1819; 1
1820; 2
1823; 1
1824; 2
1824; 1
1825; 2
1824; 1
1825; 2
1825; 1
1826; 2
1829; 1
1830; 2
1838; 1
1839; 2
1839; 1
1840; 2
1839; 1
1840; 2
1841; 1
1842; 2
1842; 1
1843; 2
1843; 1
1844; 2
1845; 1
1846; 2
1848; 1
1849; 2
1848; 1
1849; 2
1852; 1
1853; 2
1858; 1
1859; 2
1859; 1
1860; 2
1860; 1
1861; 2
1860; 1
1861; 2
1864; 1
1865; 2
1864; 1
1865; 2
1866; 1
1867; 2
1867; 1
1868; 2
1867; 1
1868; 2
1869; 1
1870; 2
1870; 1
1871; 2
1872; 1
1873; 2
1873; 1
1874; 2
1873; 1
1874; 2
1875; 1
1876; 2
1877; 1
1878; 2
1880; 1
1881; 2
1880; 1
1881; 2
1881; 1
1882; 2
1883; 1
1884; 2
1883; 1
1884; 2
1887; 1
1888; 2
1888; 1
1889; 2
1890; 1
1891; 2
1892; 1
1893; 2
1895; 1
1896; 2
1895; 1
1896; 2
1898; 1
1899; 2
1899; 1
1900; 2
1900; 1
1901; 2
1902; 1
1903; 2
1903; 1
1904; 2
1909; 1
1910; 2
1910; 1
1911; 2
1913; 1
1914; 2
1914; 1
1915; 2
1914; 1
1915; 2
1916; 1
1917; 2
1916; 1
1917; 2
1918; 1
1919; 2
1920; 1
1921; 2
1923; 1
1924; 2
1924; 1
1925; 2
1926; 1
1927; 2
1926; 1
1927; 2
1928; 1
1929; 2
1931; 1
1932; 2
1932; 1
1933; 2
1932; 1
1933; 2
1932; 1
1933; 2
1933; 1
1934; 2
1933; 1
1934; 2
1933; 1
1934; 2
1933; 1
1934; 2
1934; 1
1935; 2
1935; 1
1936; 2
1936; 1
1937; 2
1936; 1
1937; 2
1937; 1
1938; 2
1938; 1
1939; 2
1942; 1
1943; 2
1944; 1
1945; 2
1945; 1
1946; 2
1948; 1
1949; 2
1949; 1
1950; 2
1952; 1
1953; 2
1960; 1
1961; 2
1961; 1
1962; 2
1965; 1
1966; 2
1966; 1
1967; 2
1967; 1
1968; 2
1967; 1
1968; 2
1967; 1
1968; 2
1967; 1
1968; 2
1972; 1
1973; 2
1972; 1
1973; 2
1976; 1
1977; 2
1977; 1
1978; 2
1977; 1
1978; 2
1980; 1
1981; 2
1981; 1
1982; 2
1985; 1
1986; 2
1985; 1
1986; 2
1987; 1
1988; 2
1988; 1
1989; 2
1988; 1
1989; 2
1988; 1
1989; 2
1990; 1
1991; 2
1994; 1
1995; 2
1997; 1
1998; 2
2001; 1
2002; 2
2001; 1
2002; 2
2008; 1
2009; 2
2009; 1
2010; 2
2011; 1
2012; 2
2011; 1
2012; 2
2013; 1
2014; 2
2014; 1
2015; 2
2015; 1
2016; 2
2015; 1
2016; 2
2016; 1
2017; 2
2017; 1
2018; 2
2017; 1
2018; 2
2023; 1
2024; 2
2024; 1
2025; 2
2024; 1
2025; 2
2024; 1
2025; 2
2025; 1
2026; 2
2034; 1
2035; 2
2036; 1
2037; 2
2037; 1
2038; 2
2037; 1
2038; 2
2037; 1
2038; 2
2040; 1
2041; 2
2041; 1
2042; 2
2042; 1
2043; 2
2046; 1
2047; 2
2049; 1
2050; 2
2050; 1
2051; 2
2050; 1
2051; 2
2053; 1
2054; 2
2054; 1
2055; 2
2055; 1
2056; 2
2055; 1
2056; 2
2056; 1
2057; 2
2058; 1
2059; 2
2058; 1
2059; 2
2059; 1
2060; 2
2059; 1
2060; 2
2061; 1
2062; 2
2065; 1
2066; 2
2065; 1
2066; 2
2065; 1
2066; 2
2066; 1
2067; 2
2067; 1
2068; 2
2069; 1
2070; 2
2073; 1
2074; 2
2074; 1
2075; 2
2075; 1
2076; 2
2075; 1
2076; 2
2077; 1
2078; 2
2078; 1
2079; 2
2081; 1
2082; 2
2083; 1
2084; 2
2084; 1
2085; 2
2085; 1
2086; 2
2086; 1
2087; 2
2086; 1
2087; 2
2087; 1
2088; 2
2088; 1
2089; 2
2088; 1
2089; 2
2089; 1
2090; 2
2089; 1
2090; 2
2093; 1
2094; 2
2097; 1
2098; 2
2100; 1
2101; 2
2100; 1
2101; 2
2101; 1
2102; 2
2104; 1
2105; 2
2105; 1
2106; 2
2105; 1
2106; 2
2105; 1
2106; 2
2106; 1
2107; 2
2109; 1
2110; 2
2110; 1
2111; 2
2114; 1
2115; 2
2119; 1
2120; 2
2121; 1
2122; 2
2124; 1
2125; 2
2129; 1
2130; 2
2134; 1
2135; 2
2135; 1
2136; 2
2138; 1
2139; 2
2139; 1
2140; 2
2139; 1
2140; 2
2142; 1
2143; 2
2143; 1
2144; 2
2144; 1
2145; 2
2145; 1
2146; 2
2148; 1
2149; 2
2148; 1
2149; 2
2149; 1
2150; 2
2151; 1
2152; 2
2152; 1
2153; 2
2152; 1
2153; 2
2153; 1
2154; 2
2164; 1
2165; 2
2166; 1
2167; 2
2168; 1
2169; 2
2168; 1
2169; 2
2169; 1
2170; 2
2169; 1
2170; 2
2169; 1
2170; 2
2169; 1
2170; 2
2170; 1
2171; 2
2174; 1
2175; 2
2178; 1
2179; 2
2178; 1
2179; 2
2180; 1
2181; 2
2180; 1
2181; 2
2181; 1
2182; 2
2182; 1
2183; 2
2186; 1
2187; 2
2188; 1
2189; 2
2192; 1
2193; 2
2197; 1
2198; 2
2197; 1
2198; 2
2200; 1
2201; 2
2200; 1
2201; 2
2200; 1
2201; 2
2201; 1
2202; 2
2203; 1
2204; 2
2203; 1
2204; 2
2204; 1
2205; 2
2204; 1
2205; 2
2204; 1
2205; 2
2207; 1
2208; 2
2208; 1
2209; 2
2212; 1
2213; 2
2213; 1
2214; 2
2213; 1
2214; 2
2215; 1
2216; 2
2215; 1
2216; 2
2215; 1
2216; 2
2217; 1
2218; 2
2218; 1
2219; 2
2218; 1
2219; 2
2220; 1
2221; 2
2222; 1
2223; 2
2227; 1
2228; 2
2227; 1
2228; 2
2228; 1
2229; 2
2228; 1
2229; 2
2231; 1
2232; 2
2231; 1
2232; 2
2232; 1
2233; 2
2233; 1
2234; 2
2235; 1
2236; 2
2240; 1
2241; 2
2242; 1
2243; 2
2242; 1
2243; 2
2243; 1
2244; 2
2244; 1
2245; 2
2245; 1
2246; 2
2246; 1
2247; 2
2247; 1
2248; 2
2248; 1
2249; 2
2248; 1
2249; 2
2253; 1
2254; 2
2255; 1
2256; 2
2259; 1
2260; 2
2260; 1
2261; 2
2263; 1
2264; 2
2264; 1
2265; 2
2264; 1
2265; 2
2265; 1
2266; 2
2267; 1
2268; 2
2268; 1
2269; 2
2272; 1
2273; 2
2274; 1
2275; 2
2275; 1
2276; 2
2276; 1
2277; 2
2278; 1
2279; 2
2280; 1
2281; 2
2281; 1
2282; 2
2281; 1
2282; 2
2284; 1
2285; 2
2285; 1
2286; 2
2286; 1
2287; 2
2287; 1
2288; 2
2288; 1
2289; 2
2288; 1
2289; 2
2288; 1
2289; 2
2289; 1
2290; 2
2289; 1
2290; 2
2291; 1
2292; 2
2292; 1
2293; 2
2292; 1
2293; 2
2294; 1
2295; 2
2295; 1
2296; 2
2295; 1
2296; 2
2296; 1
2297; 2
2296; 1
2297; 2
2297; 1
2298; 2
2298; 1
2299; 2
2298; 1
2299; 2
2302; 1
2303; 2
2302; 1
2303; 2
2303; 1
2304; 2
2304; 1
2305; 2
2305; 1
2306; 2
2306; 1
2307; 2
2307; 1
2308; 2
2308; 1
2309; 2
2316; 1
2317; 2
2318; 1
2319; 2
2319; 1
2320; 2
2319; 1
2320; 2
2320; 1
2321; 2
2321; 1
2322; 2
2325; 1
2326; 2
2326; 1
2327; 2
2326; 1
2327; 2
2328; 1
2329; 2
2330; 1
2331; 2
2333; 1
2334; 2
2335; 1
2336; 2
2335; 1
2336; 2
2338; 1
2339; 2
2338; 1
2339; 2
2340; 1
2341; 2
2342; 1
2343; 2
2342; 1
2343; 2
2345; 1
2346; 2
2350; 1
2351; 2
2351; 1
2352; 2
2353; 1
2354; 2
2354; 1
2355; 2
2360; 1
2361; 2
2360; 1
2361; 2
2362; 1
2363; 2
2364; 1
2365; 2
2367; 1
2368; 2
2367; 1
2368; 2
2373; 1
2374; 2
2377; 1
2378; 2
2379; 1
2380; 2
2381; 1
2382; 2
2381; 1
2382; 2
2383; 1
2384; 2
2384; 1
2385; 2
2388; 1
2389; 2
2389; 1
2390; 2
2391; 1
2392; 2
2393; 1
2394; 2
2399; 1
2400; 2
2399; 1
2400; 2
2400; 1
2401; 2
2401; 1
2402; 2
2401; 1
2402; 2
2404; 1
2405; 2
2405; 1
2406; 2
2408; 1
2409; 2
2408; 1
2409; 2
2410; 1
2411; 2
2412; 1
2413; 2
2413; 1
2414; 2
2413; 1
2414; 2
2418; 1
2419; 2
2420; 1
2421; 2
2421; 1
2422; 2
2422; 1
2423; 2
2426; 1
2427; 2
2428; 1
2429; 2
2428; 1
2429; 2
2428; 1
2429; 2
2429; 1
2430; 2
2433; 1
2434; 2
2433; 1
2434; 2
2435; 1
2436; 2
2437; 1
2438; 2
2437; 1
2438; 2
2440; 1
2441; 2
2441; 1
2442; 2
2441; 1
2442; 2
2446; 1
2447; 2
2447; 1
2448; 2
2448; 1
2449; 2
2448; 1
2449; 2
2449; 1
2450; 2
2450; 1
2451; 2
2452; 1
2453; 2
2453; 1
2454; 2
2455; 1
2456; 2
2456; 1
2457; 2
2460; 1
2461; 2
2460; 1
2461; 2
2465; 1
2466; 2
2470; 1
2471; 2
2472; 1
2473; 2
2472; 1
2473; 2
2476; 1
2477; 2
2477; 1
2478; 2
2479; 1
2480; 2
2481; 1
2482; 2
2485; 1
2486; 2
2485; 1
2486; 2
2491; 1
2492; 2
2492; 1
2493; 2
2493; 1
2494; 2
2493; 1
2494; 2
2493; 1
2494; 2
2494; 1
2495; 2
2495; 1
2496; 2
2496; 1
2497; 2
2496; 1
2497; 2
2497; 1
2498; 2
2498; 1
2499; 2
2498; 1
2499; 2
2498; 1
2499; 2
2504; 1
2505; 2
2504; 1
2505; 2
2504; 1
2505; 2
2507; 1
2508; 2
2507; 1
2508; 2
2508; 1
2509; 2
2509; 1
2510; 2
2514; 1
2515; 2
2517; 1
2518; 2
2517; 1
2518; 2
2521; 1
2522; 2
2521; 1
2522; 2
2525; 1
2526; 2
2527; 1
2528; 2
2529; 1
2530; 2
2529; 1
2530; 2
2532; 1
2533; 2
2532; 1
2533; 2
2532; 1
2533; 2
2534; 1
2535; 2
2535; 1
2536; 2
2535; 1
2536; 2
2537; 1
2538; 2
2538; 1
2539; 2
2539; 1
2540; 2
2541; 1
2542; 2
2542; 1
2543; 2
2545; 1
2546; 2
2546; 1
2547; 2
2548; 1
2549; 2
2549; 1
2550; 2
2551; 1
2552; 2
2554; 1
2555; 2
2554; 1
2555; 2
2556; 1
2557; 2
2559; 1
2560; 2
2560; 1
2561; 2
2560; 1
2561; 2
2562; 1
2563; 2
2564; 1
2565; 2
2569; 1
2570; 2
2570; 1
2571; 2
2573; 1
2574; 2
2574; 1
2575; 2
2580; 1
2581; 2
2580; 1
2581; 2
2581; 1
2582; 2
2583; 1
2584; 2
2586; 1
2587; 2
2586; 1
2587; 2
2587; 1
2588; 2
2589; 1
2590; 2
2590; 1
2591; 2
2591; 1
2592; 2
2592; 1
2593; 2
2593; 1
2594; 2
2593; 1
2594; 2
2597; 1
2598; 2
2599; 1
2600; 2
2599; 1
2600; 2
2601; 1
2602; 2
2602; 1
2603; 2
2602; 1
2603; 2
2604; 1
2605; 2
2605; 1
2606; 2
2607; 1
2608; 2
2610; 1
2611; 2
2613; 1
2614; 2
2614; 1
2615; 2
2615; 1
2616; 2
2616; 1
2617; 2
2616; 1
2617; 2
2619; 1
2620; 2
2619; 1
2620; 2
2620; 1
2621; 2
2629; 1
2630; 2
2631; 1
2632; 2
2633; 1
2634; 2
2633; 1
2634; 2
2634; 1
2635; 2
2637; 1
2638; 2
2638; 1
2639; 2
2640; 1
2641; 2
2643; 1
2644; 2
2644; 1
2645; 2
2645; 1
2646; 2
2645; 1
2646; 2
2647; 1
2648; 2
2649; 1
2650; 2
2652; 1
2653; 2
2653; 1
2654; 2
2657; 1
2658; 2
2660; 1
2661; 2
2661; 1
2662; 2
2662; 1
2663; 2
2662; 1
2663; 2
2663; 1
2664; 2
2665; 1
2666; 2
2669; 1
2670; 2
2670; 1
2671; 2
2671; 1
2672; 2
2672; 1
2673; 2
2676; 1
2677; 2
2679; 1
2680; 2
2680; 1
2681; 2
2687; 1
2688; 2
2688; 1
2689; 2
2689; 1
2690; 2
2690; 1
2691; 2
2692; 1
2693; 2
2694; 1
2695; 2
2696; 1
2697; 2
2697; 1
2698; 2
2697; 1
2698; 2
2704; 1
2705; 2
2705; 1
2706; 2
2710; 1
2711; 2
2711; 1
2712; 2
2713; 1
2714; 2
2714; 1
2715; 2
2715; 1
2716; 2
2718; 1
2719; 2
2720; 1
2721; 2
2724; 1
2725; 2
2724; 1
2725; 2
2729; 1
2730; 2
2730; 1
2731; 2
2731; 1
2732; 2
2734; 1
2735; 2
2734; 1
2735; 2
2734; 1
2735; 2
2739; 1
2740; 2
2741; 1
2742; 2
2741; 1
2742; 2
2742; 1
2743; 2
2742; 1
2743; 2
2742; 1
2743; 2
2742; 1
2743; 2
2744; 1
2745; 2
2746; 1
2747; 2
2747; 1
2748; 2
2749; 1
2750; 2
2750; 1
2751; 2
2752; 1
2753; 2
2752; 1
2753; 2
2755; 1
2756; 2
2755; 1
2756; 2
2762; 1
2763; 2
2763; 1
2764; 2
2767; 1
2768; 2
2767; 1
2768; 2
2767; 1
2768; 2
2768; 1
2769; 2
2768; 1
2769; 2
2773; 1
2774; 2
2776; 1
2777; 2
2779; 1
2780; 2
2780; 1
2781; 2
2782; 1
2783; 2
2786; 1
2787; 2
2787; 1
2788; 2
2787; 1
2788; 2
2791; 1
2792; 2
2795; 1
2796; 2
2798; 1
2799; 2
2799; 1
2800; 2
2799; 1
2800; 2
2801; 1
2802; 2
2804; 1
2805; 2
2804; 1
2805; 2
2805; 1
2806; 2
2807; 1
2808; 2
2808; 1
2809; 2
2814; 1
2815; 2
2814; 1
2815; 2
2815; 1
2816; 2
2816; 1
2817; 2
2817; 1
2818; 2
2817; 1
2818; 2
2818; 1
2819; 2
2819; 1
2820; 2
2822; 1
2823; 2
2824; 1
2825; 2
2825; 1
2826; 2
2827; 1
2828; 2
2828; 1
2829; 2
2828; 1
2829; 2
2829; 1
2830; 2
2832; 1
2833; 2
2836; 1
2837; 2
2836; 1
2837; 2
2839; 1
2840; 2
2839; 1
2840; 2
2840; 1
2841; 2
2840; 1
2841; 2
2840; 1
2841; 2
2841; 1
2842; 2
2841; 1
2842; 2
2844; 1
2845; 2
2844; 1
2845; 2
2846; 1
2847; 2
2850; 1
2851; 2
2854; 1
2855; 2
2854; 1
2855; 2
2854; 1
2855; 2
2858; 1
2859; 2
2858; 1
2859; 2
2859; 1
2860; 2
2859; 1
2860; 2
2861; 1
2862; 2
2862; 1
2863; 2
2863; 1
2864; 2
2866; 1
2867; 2
2869; 1
2870; 2
2871; 1
2872; 2
2872; 1
2873; 2
2873; 1
2874; 2
2874; 1
2875; 2
2878; 1
2879; 2
2879; 1
2880; 2
2880; 1
2881; 2
2881; 1
2882; 2
2881; 1
2882; 2
2881; 1
2882; 2
2883; 1
2884; 2
2884; 1
2885; 2
2887; 1
2888; 2
2892; 1
2893; 2
2893; 1
2894; 2
2895; 1
2896; 2
2898; 1
2899; 2
2899; 1
2900; 2
2904; 1
2905; 2
2905; 1
2906; 2
2905; 1
2906; 2
2909; 1
2910; 2
2910; 1
2911; 2
2911; 1
2912; 2
2911; 1
2912; 2
2914; 1
2915; 2
2916; 1
2917; 2
2917; 1
2918; 2
2919; 1
2920; 2
2919; 1
2920; 2
2922; 1
2923; 2
2922; 1
2923; 2
2922; 1
2923; 2
2923; 1
2924; 2
2924; 1
2925; 2
2924; 1
2925; 2
2926; 1
2927; 2
2926; 1
2927; 2
2928; 1
2929; 2
2928; 1
2929; 2
2930; 1
2931; 2
2930; 1
2931; 2
2931; 1
2932; 2
2933; 1
2934; 2
2934; 1
2935; 2
2935; 1
2936; 2
2935; 1
2936; 2
2936; 1
2937; 2
2937; 1
2938; 2
2945; 1
2946; 2
2947; 1
2948; 2
2947; 1
2948; 2
2947; 1
2948; 2
2948; 1
2949; 2
2951; 1
2952; 2
2951; 1
2952; 2
2953; 1
2954; 2
2958; 1
2959; 2
2965; 1
2966; 2
2965; 1
2966; 2
2965; 1
2966; 2
2968; 1
2969; 2
2968; 1
2969; 2
2969; 1
2970; 2
2969; 1
2970; 2
2971; 1
2972; 2
2971; 1
2972; 2
2971; 1
2972; 2
2972; 1
2973; 2
2975; 1
2976; 2
2976; 1
2977; 2
2981; 1
2982; 2
2981; 1
2982; 2
2984; 1
2985; 2
2988; 1
2989; 2
2993; 1
2994; 2
2995; 1
2996; 2
2996; 1
2997; 2
2999; 1
3000; 2
3000; 1
3001; 2
3000; 1
3001; 2
3002; 1
3003; 2
3006; 1
3007; 2
3008; 1
3009; 2
3009; 1
3010; 2
3015; 1
3016; 2
3015; 1
3016; 2
3016; 1
3017; 2
3017; 1
3018; 2
3019; 1
3020; 2
3020; 1
3021; 2
3020; 1
3021; 2
3024; 1
3025; 2
3025; 1
3026; 2
3026; 1
3027; 2
3030; 1
3031; 2
3031; 1
3032; 2
3034; 1
3035; 2
3035; 1
3036; 2
3035; 1
3036; 2
3037; 1
3038; 2
3037; 1
3038; 2
3037; 1
3038; 2
3038; 1
3039; 2
3039; 1
3040; 2
3040; 1
3041; 2
3041; 1
3042; 2
3045; 1
3046; 2
3046; 1
3047; 2
3050; 1
3051; 2
3050; 1
3051; 2
3053; 1
3054; 2
3057; 1
3058; 2
3058; 1
3059; 2
3063; 1
3064; 2
3063; 1
3064; 2
3064; 1
3065; 2
3065; 1
3066; 2
3065; 1
3066; 2
3067; 1
3068; 2
3067; 1
3068; 2
3068; 1
3069; 2
3068; 1
3069; 2
3068; 1
3069; 2
3069; 1
3070; 2
3070; 1
3071; 2
3074; 1
3075; 2
3077; 1
3078; 2
3080; 1
3081; 2
3082; 1
3083; 2
3083; 1
3084; 2
3084; 1
3085; 2
3084; 1
3085; 2
3089; 1
3090; 2
3093; 1
3094; 2
3096; 1
3097; 2
3097; 1
3098; 2
3097; 1
3098; 2
3098; 1
3099; 2
3098; 1
3099; 2
3098; 1
3099; 2
3099; 1
3100; 2
3099; 1
3100; 2
3101; 1
3102; 2
3103; 1
3104; 2
3104; 1
3105; 2
3105; 1
3106; 2
3108; 1
3109; 2
3111; 1
3112; 2
3112; 1
3113; 2
3113; 1
3114; 2
3113; 1
3114; 2
3114; 1
3115; 2
3115; 1
3116; 2
3123; 1
3124; 2
3126; 1
3127; 2
3126; 1
3127; 2
3126; 1
3127; 2
3128; 1
3129; 2
3129; 1
3130; 2
3129; 1
3130; 2
3131; 1
3132; 2
3131; 1
3132; 2
3131; 1
3132; 2
3132; 1
3133; 2
3133; 1
3134; 2
3134; 1
3135; 2
3134; 1
3135; 2
3135; 1
3136; 2
3136; 1
3137; 2
3137; 1
3138; 2
3138; 1
3139; 2
3139; 1
3140; 2
3140; 1
3141; 2
3143; 1
3144; 2
3145; 1
3146; 2
3148; 1
3149; 2
3149; 1
3150; 2
3150; 1
3151; 2
3151; 1
3152; 2
3156; 1
3157; 2
3157; 1
3158; 2
3157; 1
3158; 2
3157; 1
3158; 2
3159; 1
3160; 2
3159; 1
3160; 2
3160; 1
3161; 2
3161; 1
3162; 2
3161; 1
3162; 2
3164; 1
3165; 2
3165; 1
3166; 2
3166; 1
3167; 2
3167; 1
3168; 2
3167; 1
3168; 2
3167; 1
3168; 2
3167; 1
3168; 2
3168; 1
3169; 2
3168; 1
3169; 2
3169; 1
3170; 2
3170; 1
3171; 2
3171; 1
3172; 2
3174; 1
3175; 2
3176; 1
3177; 2
3179; 1
3180; 2
3181; 1
3182; 2
3183; 1
3184; 2
3183; 1
3184; 2
3184; 1
3185; 2
3186; 1
3187; 2
3187; 1
3188; 2
3190; 1
3191; 2
3191; 1
3192; 2
3194; 1
3195; 2
3195; 1
3196; 2
3196; 1
3197; 2
3197; 1
3198; 2
3198; 1
3199; 2
3199; 1
3200; 2
3200; 1
3201; 2
3201; 1
3202; 2
3202; 1
3203; 2
3204; 1
3205; 2
3204; 1
3205; 2
3205; 1
3206; 2
3206; 1
3207; 2
3210; 1
3211; 2
3210; 1
3211; 2
3213; 1
3214; 2
3214; 1
3215; 2
3216; 1
3217; 2
3221; 1
3222; 2
3222; 1
3223; 2
3223; 1
3224; 2
3223; 1
3224; 2
3226; 1
3227; 2
3227; 1
3228; 2
3228; 1
3229; 2
3228; 1
3229; 2
3235; 1
3236; 2
3236; 1
3237; 2
3238; 1
3239; 2
3241; 1
3242; 2
3243; 1
3244; 2
3243; 1
3244; 2
3245; 1
3246; 2
3245; 1
3246; 2
3249; 1
3250; 2
3250; 1
3251; 2
3251; 1
3252; 2
3252; 1
3253; 2
3252; 1
3253; 2
3253; 1
3254; 2
3253; 1
3254; 2
3255; 1
3256; 2
3257; 1
3258; 2
3257; 1
3258; 2
3259; 1
3260; 2
3260; 1
3261; 2
3261; 1
3262; 2
3262; 1
3263; 2
3262; 1
3263; 2
3263; 1
3264; 2
3266; 1
3267; 2
3267; 1
3268; 2
3270; 1
3271; 2
3270; 1
3271; 2
3271; 1
3272; 2
3271; 1
3272; 2
3274; 1
3275; 2
3276; 1
3277; 2
3283; 1
3284; 2
3284; 1
3285; 2
3285; 1
3286; 2
3285; 1
3286; 2
3286; 1
3287; 2
3290; 1
3291; 2
3290; 1
3291; 2
3291; 1
3292; 2
3291; 1
3292; 2
3293; 1
3294; 2
3293; 1
3294; 2
3296; 1
3297; 2
3299; 1
3300; 2
3299; 1
3300; 2
3301; 1
3302; 2
3301; 1
3302; 2
3302; 1
3303; 2
3303; 1
3304; 2
3304; 1
3305; 2
3307; 1
3308; 2
3308; 1
3309; 2
3310; 1
3311; 2
3312; 1
3313; 2
3316; 1
3317; 2
3318; 1
3319; 2
3320; 1
3321; 2
3320; 1
3321; 2
3321; 1
3322; 2
3322; 1
3323; 2
3323; 1
3324; 2
3323; 1
3324; 2
3323; 1
3324; 2
3326; 1
3327; 2
3326; 1
3327; 2
3328; 1
3329; 2
3330; 1
3331; 2
3335; 1
3336; 2
3338; 1
3339; 2
3338; 1
3339; 2
3339; 1
3340; 2
3339; 1
3340; 2
3340; 1
3341; 2
3340; 1
3341; 2
3340; 1
3341; 2
3343; 1
3344; 2
3344; 1
3345; 2
3346; 1
3347; 2
3346; 1
3347; 2
3347; 1
3348; 2
3349; 1
3350; 2
3349; 1
3350; 2
3351; 1
3352; 2
3353; 1
3354; 2
3354; 1
3355; 2
3355; 1
3356; 2
3356; 1
3357; 2
3358; 1
3359; 2
3358; 1
3359; 2
3362; 1
3363; 2
3363; 1
3364; 2
3367; 1
3368; 2
3369; 1
3370; 2
3369; 1
3370; 2
3370; 1
3371; 2
3370; 1
3371; 2
3371; 1
3372; 2
3372; 1
3373; 2
3373; 1
3374; 2
3373; 1
3374; 2
3373; 1
3374; 2
3380; 1
3381; 2
3381; 1
3382; 2
3382; 1
3383; 2
3383; 1
3384; 2
3385; 1
3386; 2
3385; 1
3386; 2
3387; 1
3388; 2
3388; 1
3389; 2
3388; 1
3389; 2
3389; 1
3390; 2
3390; 1
3391; 2
3391; 1
3392; 2
3392; 1
3393; 2
3393; 1
3394; 2
3394; 1
3395; 2
3394; 1
3395; 2
3396; 1
3397; 2
3401; 1
3402; 2
3401; 1
3402; 2
3402; 1
3403; 2
3403; 1
3404; 2
3409; 1
3410; 2
3410; 1
3411; 2
3410; 1
3411; 2
3411; 1
3412; 2
3413; 1
3414; 2
3415; 1
3416; 2
3415; 1
3416; 2
3420; 1
3421; 2
3425; 1
3426; 2
3425; 1
3426; 2
3428; 1
3429; 2
3428; 1
3429; 2
3429; 1
3430; 2
3430; 1
3431; 2
3432; 1
3433; 2
3432; 1
3433; 2
3435; 1
3436; 2
3442; 1
3443; 2
3443; 1
3444; 2
3443; 1
3444; 2
3444; 1
3445; 2
3446; 1
3447; 2
3448; 1
3449; 2
3450; 1
3451; 2
3453; 1
3454; 2
3455; 1
3456; 2
3455; 1
3456; 2
3456; 1
3457; 2
3458; 1
3459; 2
3460; 1
3461; 2
3460; 1
3461; 2
3461; 1
3462; 2
3461; 1
3462; 2
3464; 1
3465; 2
3464; 1
3465; 2
3466; 1
3467; 2
3468; 1
3469; 2
3473; 1
3474; 2
3474; 1
3475; 2
3480; 1
3481; 2
3482; 1
3483; 2
3482; 1
3483; 2
3484; 1
3485; 2
3484; 1
3485; 2
3487; 1
3488; 2
3490; 1
3491; 2
3492; 1
3493; 2
3494; 1
3495; 2
3495; 1
3496; 2
3496; 1
3497; 2
3498; 1
3499; 2
3498; 1
3499; 2
3499; 1
3500; 2
3500; 1
3501; 2
3501; 1
3502; 2
3502; 1
3503; 2
3503; 1
3504; 2
3504; 1
3505; 2
3504; 1
3505; 2
3505; 1
3506; 2
3505; 1
3506; 2
3506; 1
3507; 2
3511; 1
3512; 2
3511; 1
3512; 2
3517; 1
3518; 2
3521; 1
3522; 2
3521; 1
3522; 2
3522; 1
3523; 2
3523; 1
3524; 2
3524; 1
3525; 2
3524; 1
3525; 2
3524; 1
3525; 2
3524; 1
3525; 2
3526; 1
3527; 2
3527; 1
3528; 2
3530; 1
3531; 2
3531; 1
3532; 2
3532; 1
3533; 2
3534; 1
3535; 2
3536; 1
3537; 2
3537; 1
3538; 2
3539; 1
3540; 2
3540; 1
3541; 2
3540; 1
3541; 2
3543; 1
3544; 2
3544; 1
3545; 2
3544; 1
3545; 2
3546; 1
3547; 2
3548; 1
3549; 2
3550; 1
3551; 2
3551; 1
3552; 2
3552; 1
3553; 2
3552; 1
3553; 2
3554; 1
3555; 2
3555; 1
3556; 2
3556; 1
3557; 2
3558; 1
3559; 2
3560; 1
3561; 2
3561; 1
3562; 2
3565; 1
3566; 2
3566; 1
3567; 2
3569; 1
3570; 2
3572; 1
3573; 2
3573; 1
3574; 2
3575; 1
3576; 2
3575; 1
3576; 2
3577; 1
3578; 2
3579; 1
3580; 2
3579; 1
3580; 2
3582; 1
3583; 2
3585; 1
3586; 2
3585; 1
3586; 2
3586; 1
3587; 2
3591; 1
3592; 2
3596; 1
3597; 2
3597; 1
3598; 2
3599; 1
3600; 2
3599; 1
3600; 2
3601; 1
3602; 2
3603; 1
3604; 2
3603; 1
3604; 2
3604; 1
3605; 2
3606; 1
3607; 2
3607; 1
3608; 2
3608; 1
3609; 2
3613; 1
3614; 2
3614; 1
3615; 2
3614; 1
3615; 2
3614; 1
3615; 2
3615; 1
3616; 2
3616; 1
3617; 2
3619; 1
3620; 2
3620; 1
3621; 2
3622; 1
3623; 2
3625; 1
3626; 2
3625; 1
3626; 2
3628; 1
3629; 2
3630; 1
3631; 2
3632; 1
3633; 2
3632; 1
3633; 2
3632; 1
3633; 2
3633; 1
3634; 2
3637; 1
3638; 2
3638; 1
3639; 2
3639; 1
3640; 2
3639; 1
3640; 2
3642; 1
3643; 2
3644; 1
3645; 2
3645; 1
3646; 2
3646; 1
3647; 2
3646; 1
3647; 2
3647; 1
3648; 2
3647; 1
3648; 2
3649; 1
3650; 2
3650; 1
3651; 2
3652; 1
3653; 2
3655; 1
3656; 2
3659; 1
3660; 2
3660; 1
3661; 2
3662; 1
3663; 2
3664; 1
3665; 2
3666; 1
3667; 2
3666; 1
3667; 2
3666; 1
3667; 2
3673; 1
3674; 2
3675; 1
3676; 2
3680; 1
3681; 2
3681; 1
3682; 2
3684; 1
3685; 2
3685; 1
3686; 2
3687; 1
3688; 2
3688; 1
3689; 2
3689; 1
3690; 2
3691; 1
3692; 2
3696; 1
3697; 2
3698; 1
3699; 2
3701; 1
3702; 2
3702; 1
3703; 2
3703; 1
3704; 2
3705; 1
3706; 2
3706; 1
3707; 2
3706; 1
3707; 2
3707; 1
3708; 2
3707; 1
3708; 2
3707; 1
3708; 2
3708; 1
3709; 2
3711; 1
3712; 2
3718; 1
3719; 2
3721; 1
3722; 2
3721; 1
3722; 2
3723; 1
3724; 2
3731; 1
3732; 2
3732; 1
3733; 2
3740; 1
3741; 2
3740; 1
3741; 2
3741; 1
3742; 2
3743; 1
3744; 2
3750; 1
3751; 2
3750; 1
3751; 2
3750; 1
3751; 2
3752; 1
3753; 2
3752; 1
3753; 2
3753; 1
3754; 2
3754; 1
3755; 2
3755; 1
3756; 2
3755; 1
3756; 2
3755; 1
3756; 2
3755; 1
3756; 2
3757; 1
3758; 2
3758; 1
3759; 2
3759; 1
3760; 2
3759; 1
3760; 2
3762; 1
3763; 2
3763; 1
3764; 2
3766; 1
3767; 2
3767; 1
3768; 2
3769; 1
3770; 2
3776; 1
3777; 2
3779; 1
3780; 2
3781; 1
3782; 2
3781; 1
3782; 2
3784; 1
3785; 2
3785; 1
3786; 2
3788; 1
3789; 2
3789; 1
3790; 2
3791; 1
3792; 2
3799; 1
3800; 2
3800; 1
3801; 2
3801; 1
3802; 2
3808; 1
3809; 2
3811; 1
3812; 2
3811; 1
3812; 2
3812; 1
3813; 2
3812; 1
3813; 2
3812; 1
3813; 2
3815; 1
3816; 2
3816; 1
3817; 2
3816; 1
3817; 2
3817; 1
3818; 2
3817; 1
3818; 2
3823; 1
3824; 2
3824; 1
3825; 2
3824; 1
3825; 2
3825; 1
3826; 2
3831; 1
3832; 2
3833; 1
3834; 2
3833; 1
3834; 2
3836; 1
3837; 2
3838; 1
3839; 2
3839; 1
3840; 2
3839; 1
3840; 2
3841; 1
3842; 2
3842; 1
3843; 2
3843; 1
3844; 2
3844; 1
3845; 2
3846; 1
3847; 2
3847; 1
3848; 2
3848; 1
3849; 2
3851; 1
3852; 2
3852; 1
3853; 2
3856; 1
3857; 2
3859; 1
3860; 2
3861; 1
3862; 2
3863; 1
3864; 2
3864; 1
3865; 2
3865; 1
3866; 2
3867; 1
3868; 2
3869; 1
3870; 2
3871; 1
3872; 2
3874; 1
3875; 2
3875; 1
3876; 2
3878; 1
3879; 2
3878; 1
3879; 2
3879; 1
3880; 2
3882; 1
3883; 2
3883; 1
3884; 2
3883; 1
3884; 2
3886; 1
3887; 2
3887; 1
3888; 2
3888; 1
3889; 2
3888; 1
3889; 2
3890; 1
3891; 2
3894; 1
3895; 2
3897; 1
3898; 2
3898; 1
3899; 2
3898; 1
3899; 2
3901; 1
3902; 2
3902; 1
3903; 2
3903; 1
3904; 2
3904; 1
3905; 2
3904; 1
3905; 2
3906; 1
3907; 2
3909; 1
3910; 2
3911; 1
3912; 2
3912; 1
3913; 2
3912; 1
3913; 2
3914; 1
3915; 2
3914; 1
3915; 2
3915; 1
3916; 2
3917; 1
3918; 2
3918; 1
3919; 2
3918; 1
3919; 2
3918; 1
3919; 2
3923; 1
3924; 2
3930; 1
3931; 2
3931; 1
3932; 2
3931; 1
3932; 2
3932; 1
3933; 2
3932; 1
3933; 2
3937; 1
3938; 2
3938; 1
3939; 2
3938; 1
3939; 2
3940; 1
3941; 2
3940; 1
3941; 2
3941; 1
3942; 2
3941; 1
3942; 2
3942; 1
3943; 2
3945; 1
3946; 2
3946; 1
3947; 2
3948; 1
3949; 2
3949; 1
3950; 2
3950; 1
3951; 2
3951; 1
3952; 2
3952; 1
3953; 2
3954; 1
3955; 2
3954; 1
3955; 2
3957; 1
3958; 2
3958; 1
3959; 2
3959; 1
3960; 2
3960; 1
3961; 2
3963; 1
3964; 2
3965; 1
3966; 2
3965; 1
3966; 2
3968; 1
3969; 2
3970; 1
3971; 2
3971; 1
3972; 2
3972; 1
3973; 2
3974; 1
3975; 2
3977; 1
3978; 2
3979; 1
3980; 2
3980; 1
3981; 2
3980; 1
3981; 2
3982; 1
3983; 2
3983; 1
3984; 2
3983; 1
3984; 2
3986; 1
3987; 2
3987; 1
3988; 2
3992; 1
3993; 2
4000; 1
4001; 2
4002; 1
4003; 2
4002; 1
4003; 2
4003; 1
4004; 2
4003; 1
4004; 2
4007; 1
4008; 2
4007; 1
4008; 2
4007; 1
4008; 2
4011; 1
4012; 2
4011; 1
4012; 2
4017; 1
4018; 2
4017; 1
4018; 2
4018; 1
4019; 2
4018; 1
4019; 2
4020; 1
4021; 2
4021; 1
4022; 2
4022; 1
4023; 2
4023; 1
4024; 2
4024; 1
4025; 2
4025; 1
4026; 2
4027; 1
4028; 2
4036; 1
4037; 2
4037; 1
4038; 2
4042; 1
4043; 2
4045; 1
4046; 2
4047; 1
4048; 2
4047; 1
4048; 2
4048; 1
4049; 2
4048; 1
4049; 2
4054; 1
4055; 2
4057; 1
4058; 2
4057; 1
4058; 2
4058; 1
4059; 2
4060; 1
4061; 2
4064; 1
4065; 2
4065; 1
4066; 2
4067; 1
4068; 2
4068; 1
4069; 2
4073; 1
4074; 2
4075; 1
4076; 2
4083; 1
4084; 2
4084; 1
4085; 2
4088; 1
4089; 2
4089; 1
4090; 2
4093; 1
4094; 2
4093; 1
4094; 2
4093; 1
4094; 2
4094; 1
4095; 2
4096; 1
4097; 2
4098; 1
4099; 2
4100; 1
4101; 2
4101; 1
4102; 2
4103; 1
4104; 2
4103; 1
4104; 2
4104; 1
4105; 2
4107; 1
4108; 2
4109; 1
4110; 2
4114; 1
4115; 2
4115; 1
4116; 2
4115; 1
4116; 2
4116; 1
4117; 2
4117; 1
4118; 2
4118; 1
4119; 2
4120; 1
4121; 2
4123; 1
4124; 2
4123; 1
4124; 2
4127; 1
4128; 2
4127; 1
4128; 2
4129; 1
4130; 2
4131; 1
4132; 2
4132; 1
4133; 2
4133; 1
4134; 2
4134; 1
4135; 2
4134; 1
4135; 2
4137; 1
4138; 2
4140; 1
4141; 2
4142; 1
4143; 2
4145; 1
4146; 2
4146; 1
4147; 2
4147; 1
4148; 2
4149; 1
4150; 2
4152; 1
4153; 2
4155; 1
4156; 2
4161; 1
4162; 2
4162; 1
4163; 2
4163; 1
4164; 2
4163; 1
4164; 2
4170; 1
4171; 2
4175; 1
4176; 2
4179; 1
4180; 2
4181; 1
4182; 2
4181; 1
4182; 2
4186; 1
4187; 2
4186; 1
4187; 2
4186; 1
4187; 2
4187; 1
4188; 2
4187; 1
4188; 2
4189; 1
4190; 2
4190; 1
4191; 2
4193; 1
4194; 2
4196; 1
4197; 2
4196; 1
4197; 2
4197; 1
4198; 2
4198; 1
4199; 2
4201; 1
4202; 2
4202; 1
4203; 2
4202; 1
4203; 2
4204; 1
4205; 2
4205; 1
4206; 2
4205; 1
4206; 2
4208; 1
4209; 2
4209; 1
4210; 2
4210; 1
4211; 2
4213; 1
4214; 2
4214; 1
4215; 2
4217; 1
4218; 2
4220; 1
4221; 2
4222; 1
4223; 2
4223; 1
4224; 2
4224; 1
4225; 2
4225; 1
4226; 2
4227; 1
4228; 2
4227; 1
4228; 2
4232; 1
4233; 2
4232; 1
4233; 2
4234; 1
4235; 2
4235; 1
4236; 2
4236; 1
4237; 2
4239; 1
4240; 2
4243; 1
4244; 2
4246; 1
4247; 2
4247; 1
4248; 2
4249; 1
4250; 2
4252; 1
4253; 2
4252; 1
4253; 2
4258; 1
4259; 2
4259; 1
4260; 2
4260; 1
4261; 2
4261; 1
4262; 2
4261; 1
4262; 2
4262; 1
4263; 2
4262; 1
4263; 2
4263; 1
4264; 2
4265; 1
4266; 2
4265; 1
4266; 2
4266; 1
4267; 2
4267; 1
4268; 2
4268; 1
4269; 2
4268; 1
4269; 2
4268; 1
4269; 2
4270; 1
4271; 2
4271; 1
4272; 2
4273; 1
4274; 2
4274; 1
4275; 2
4274; 1
4275; 2
4275; 1
4276; 2
4277; 1
4278; 2
4281; 1
4282; 2
4285; 1
4286; 2
4290; 1
4291; 2
4292; 1
4293; 2
4293; 1
4294; 2
4296; 1
4297; 2
4296; 1
4297; 2
4296; 1
4297; 2
4298; 1
4299; 2
4298; 1
4299; 2
4299; 1
4300; 2
4300; 1
4301; 2
4301; 1
4302; 2
4302; 1
4303; 2
4303; 1
4304; 2
4304; 1
4305; 2
4305; 1
4306; 2
4309; 1
4310; 2
4311; 1
4312; 2
4311; 1
4312; 2
4314; 1
4315; 2
4319; 1
4320; 2
4319; 1
4320; 2
4321; 1
4322; 2
4325; 1
4326; 2
4325; 1
4326; 2
4326; 1
4327; 2
4327; 1
4328; 2
4327; 1
4328; 2
4329; 1
4330; 2
4331; 1
4332; 2
4335; 1
4336; 2
4336; 1
4337; 2
4336; 1
4337; 2
4339; 1
4340; 2
4340; 1
4341; 2
4346; 1
4347; 2
4350; 1
4351; 2
4350; 1
4351; 2
4352; 1
4353; 2
4353; 1
4354; 2
4355; 1
4356; 2
4357; 1
4358; 2
4360; 1
4361; 2
4361; 1
4362; 2
4363; 1
4364; 2
4366; 1
4367; 2
4368; 1
4369; 2
4368; 1
4369; 2
4371; 1
4372; 2
4373; 1
4374; 2
4375; 1
4376; 2
4378; 1
4379; 2
4380; 1
4381; 2
4382; 1
4383; 2
4383; 1
4384; 2
4383; 1
4384; 2
4388; 1
4389; 2
4392; 1
4393; 2
4393; 1
4394; 2
4398; 1
4399; 2
4399; 1
4400; 2
4399; 1
4400; 2
4399; 1
4400; 2
4400; 1
4401; 2
4400; 1
4401; 2
4402; 1
4403; 2
4402; 1
4403; 2
4404; 1
4405; 2
4404; 1
4405; 2
4407; 1
4408; 2
4407; 1
4408; 2
4407; 1
4408; 2
4409; 1
4410; 2
4410; 1
4411; 2
4410; 1
4411; 2
4410; 1
4411; 2
4410; 1
4411; 2
4411; 1
4412; 2
4412; 1
4413; 2
4416; 1
4417; 2
4416; 1
4417; 2
4418; 1
4419; 2
4419; 1
4420; 2
4424; 1
4425; 2
4424; 1
4425; 2
4424; 1
4425; 2
4425; 1
4426; 2
4427; 1
4428; 2
4429; 1
4430; 2
4430; 1
4431; 2
4431; 1
4432; 2
4431; 1
4432; 2
4431; 1
4432; 2
4432; 1
4433; 2
4434; 1
4435; 2
4435; 1
4436; 2
4436; 1
4437; 2
4438; 1
4439; 2
4439; 1
4440; 2
4440; 1
4441; 2
4446; 1
4447; 2
4448; 1
4449; 2
4448; 1
4449; 2
4449; 1
4450; 2
4450; 1
4451; 2
4450; 1
4451; 2
4454; 1
4455; 2
4457; 1
4458; 2
4458; 1
4459; 2
4460; 1
4461; 2
4460; 1
4461; 2
4460; 1
4461; 2
4465; 1
4466; 2
4467; 1
4468; 2
4467; 1
4468; 2
4474; 1
4475; 2
4475; 1
4476; 2
4476; 1
4477; 2
4477; 1
4478; 2
4477; 1
4478; 2
4478; 1
4479; 2
4478; 1
4479; 2
4478; 1
4479; 2
4481; 1
4482; 2
4485; 1
4486; 2
4491; 1
4492; 2
4492; 1
4493; 2
4494; 1
4495; 2
4495; 1
4496; 2
4496; 1
4497; 2
4499; 1
4500; 2
4500; 1
4501; 2
4500; 1
4501; 2
4501; 1
4502; 2
4502; 1
4503; 2
4503; 1
4504; 2
4504; 1
4505; 2
4505; 1
4506; 2
4506; 1
4507; 2
4508; 1
4509; 2
4508; 1
4509; 2
4508; 1
4509; 2
4509; 1
4510; 2
4511; 1
4512; 2
4512; 1
4513; 2
4514; 1
4515; 2
4514; 1
4515; 2
4518; 1
4519; 2
4521; 1
4522; 2
4521; 1
4522; 2
4523; 1
4524; 2
4525; 1
4526; 2
4526; 1
4527; 2
4527; 1
4528; 2
4529; 1
4530; 2
4531; 1
4532; 2
4532; 1
4533; 2
4532; 1
4533; 2
4533; 1
4534; 2
4535; 1
4536; 2
4535; 1
4536; 2
4542; 1
4543; 2
4547; 1
4548; 2
4547; 1
4548; 2
4548; 1
4549; 2
4549; 1
4550; 2
4554; 1
4555; 2
4559; 1
4560; 2
4561; 1
4562; 2
4562; 1
4563; 2
4565; 1
4566; 2
4565; 1
4566; 2
4566; 1
4567; 2
4566; 1
4567; 2
4568; 1
4569; 2
4569; 1
4570; 2
4570; 1
4571; 2
4571; 1
4572; 2
4572; 1
4573; 2
4575; 1
4576; 2
4575; 1
4576; 2
4576; 1
4577; 2
4584; 1
4585; 2
4584; 1
4585; 2
4586; 1
4587; 2
4587; 1
4588; 2
4589; 1
4590; 2
4593; 1
4594; 2
4595; 1
4596; 2
4601; 1
4602; 2
4601; 1
4602; 2
4601; 1
4602; 2
4601; 1
4602; 2
4603; 1
4604; 2
4607; 1
4608; 2
4609; 1
4610; 2
4610; 1
4611; 2
4613; 1
4614; 2
4614; 1
4615; 2
4616; 1
4617; 2
4618; 1
4619; 2
4618; 1
4619; 2
4619; 1
4620; 2
4620; 1
4621; 2
4622; 1
4623; 2
4625; 1
4626; 2
4629; 1
4630; 2
4633; 1
4634; 2
4633; 1
4634; 2
4634; 1
4635; 2
4635; 1
4636; 2
4636; 1
4637; 2
4638; 1
4639; 2
4639; 1
4640; 2
4641; 1
4642; 2
4642; 1
4643; 2
4643; 1
4644; 2
4644; 1
4645; 2
4646; 1
4647; 2
4649; 1
4650; 2
4650; 1
4651; 2
4652; 1
4653; 2
4654; 1
4655; 2
4655; 1
4656; 2
4656; 1
4657; 2
4658; 1
4659; 2
4658; 1
4659; 2
4660; 1
4661; 2
4660; 1
4661; 2
4660; 1
4661; 2
4660; 1
4661; 2
4660; 1
4661; 2
4663; 1
4664; 2
4664; 1
4665; 2
4664; 1
4665; 2
4666; 1
4667; 2
4667; 1
4668; 2
4668; 1
4669; 2
4673; 1
4674; 2
4674; 1
4675; 2
4677; 1
4678; 2
4677; 1
4678; 2
4678; 1
4679; 2
4678; 1
4679; 2
4682; 1
4683; 2
4682; 1
4683; 2
4684; 1
4685; 2
4686; 1
4687; 2
4690; 1
4691; 2
4691; 1
4692; 2
4693; 1
4694; 2
4694; 1
4695; 2
4695; 1
4696; 2
4697; 1
4698; 2
4697; 1
4698; 2
4697; 1
4698; 2
4698; 1
4699; 2
4698; 1
4699; 2
4699; 1
4700; 2
4699; 1
4700; 2
4699; 1
4700; 2
4700; 1
4701; 2
4700; 1
4701; 2
4701; 1
4702; 2
4704; 1
4705; 2
4704; 1
4705; 2
4707; 1
4708; 2
4708; 1
4709; 2
4710; 1
4711; 2
4712; 1
4713; 2
4714; 1
4715; 2
4714; 1
4715; 2
4717; 1
4718; 2
4722; 1
4723; 2
4723; 1
4724; 2
4724; 1
4725; 2
4724; 1
4725; 2
4725; 1
4726; 2
4725; 1
4726; 2
4725; 1
4726; 2
4727; 1
4728; 2
4727; 1
4728; 2
4727; 1
4728; 2
4728; 1
4729; 2
4730; 1
4731; 2
4731; 1
4732; 2
4732; 1
4733; 2
4733; 1
4734; 2
4737; 1
4738; 2
4737; 1
4738; 2
4745; 1
4746; 2
4753; 1
4754; 2
4755; 1
4756; 2
4756; 1
4757; 2
4757; 1
4758; 2
4759; 1
4760; 2
4761; 1
4762; 2
4761; 1
4762; 2
4763; 1
4764; 2
4766; 1
4767; 2
4766; 1
4767; 2
4768; 1
4769; 2
4769; 1
4770; 2
4773; 1
4774; 2
4774; 1
4775; 2
4774; 1
4775; 2
4775; 1
4776; 2
4779; 1
4780; 2
4779; 1
4780; 2
4780; 1
4781; 2
4782; 1
4783; 2
4783; 1
4784; 2
4783; 1
4784; 2
4784; 1
4785; 2
4784; 1
4785; 2
4786; 1
4787; 2
4787; 1
4788; 2
4787; 1
4788; 2
4787; 1
4788; 2
4788; 1
4789; 2
4791; 1
4792; 2
4792; 1
4793; 2
4796; 1
4797; 2
4799; 1
4800; 2
4805; 1
4806; 2
4806; 1
4807; 2
4807; 1
4808; 2
4807; 1
4808; 2
4808; 1
4809; 2
4809; 1
4810; 2
4810; 1
4811; 2
4814; 1
4815; 2
4814; 1
4815; 2
4816; 1
4817; 2
4818; 1
4819; 2
4819; 1
4820; 2
4819; 1
4820; 2
4819; 1
4820; 2
4820; 1
4821; 2
4820; 1
4821; 2
4821; 1
4822; 2
4825; 1
4826; 2
4825; 1
4826; 2
4828; 1
4829; 2
4831; 1
4832; 2
4834; 1
4835; 2
4834; 1
4835; 2
4837; 1
4838; 2
4838; 1
4839; 2
4839; 1
4840; 2
4841; 1
4842; 2
4843; 1
4844; 2
4844; 1
4845; 2
4845; 1
4846; 2
4846; 1
4847; 2
4847; 1
4848; 2
4847; 1
4848; 2
4847; 1
4848; 2
4847; 1
4848; 2
4850; 1
4851; 2
4850; 1
4851; 2
4853; 1
4854; 2
4854; 1
4855; 2
4854; 1
4855; 2
4859; 1
4860; 2
4862; 1
4863; 2
4864; 1
4865; 2
4865; 1
4866; 2
4871; 1
4872; 2
4874; 1
4875; 2
4874; 1
4875; 2
4875; 1
4876; 2
4876; 1
4877; 2
4876; 1
4877; 2
4877; 1
4878; 2
4878; 1
4879; 2
4882; 1
4883; 2
4887; 1
4888; 2
4895; 1
4896; 2
4897; 1
4898; 2
4900; 1
4901; 2
4900; 1
4901; 2
4903; 1
4904; 2
4903; 1
4904; 2
4906; 1
4907; 2
4907; 1
4908; 2
4908; 1
4909; 2
4908; 1
4909; 2
4911; 1
4912; 2
4914; 1
4915; 2
4916; 1
4917; 2
4917; 1
4918; 2
4918; 1
4919; 2
4918; 1
4919; 2
4918; 1
4919; 2
4919; 1
4920; 2
4921; 1
4922; 2
4922; 1
4923; 2
4922; 1
4923; 2
4923; 1
4924; 2
4923; 1
4924; 2
4925; 1
4926; 2
4926; 1
4927; 2
4929; 1
4930; 2
4932; 1
4933; 2
4932; 1
4933; 2
4934; 1
4935; 2
4936; 1
4937; 2
4938; 1
4939; 2
4938; 1
4939; 2
4939; 1
4940; 2
4941; 1
4942; 2
4942; 1
4943; 2
4945; 1
4946; 2
4945; 1
4946; 2
4949; 1
4950; 2
4949; 1
4950; 2
4951; 1
4952; 2
4954; 1
4955; 2
4956; 1
4957; 2
4958; 1
4959; 2
4958; 1
4959; 2
4958; 1
4959; 2
4960; 1
4961; 2
4961; 1
4962; 2
4961; 1
4962; 2
4962; 1
4963; 2
4963; 1
4964; 2
4963; 1
4964; 2
4964; 1
4965; 2
4965; 1
4966; 2
4966; 1
4967; 2
4968; 1
4969; 2
4970; 1
4971; 2
4970; 1
4971; 2
4974; 1
4975; 2
4974; 1
4975; 2
4974; 1
4975; 2
4974; 1
4975; 2
4975; 1
4976; 2
4976; 1
4977; 2
4979; 1
4980; 2
4979; 1
4980; 2
4980; 1
4981; 2
4984; 1
4985; 2
4986; 1
4987; 2
4989; 1
4990; 2
4989; 1
4990; 2
4990; 1
4991; 2
4990; 1
4991; 2
4991; 1
4992; 2
4992; 1
4993; 2
4993; 1
4994; 2
4994; 1
4995; 2
4996; 1
4997; 2
4997; 1
4998; 2
4998; 1
4999; 2
5000; 1
5001; 2
5000; 1
5001; 2
5000; 1
5001; 2
5001; 1
5002; 2
5002; 1
5003; 2
5002; 1
5003; 2
5002; 1
5003; 2
5005; 1
5006; 2
5006; 1
5007; 2
5008; 1
5009; 2
5009; 1
5010; 2
5011; 1
5012; 2
5015; 1
5016; 2
5018; 1
5019; 2
5018; 1
5019; 2
5022; 1
5023; 2
5022; 1
5023; 2
5023; 1
5024; 2
5025; 1
5026; 2
5031; 1
5032; 2
5031; 1
5032; 2
5034; 1
5035; 2
5035; 1
5036; 2
5035; 1
5036; 2
5037; 1
5038; 2
5040; 1
5041; 2
5042; 1
5043; 2
5043; 1
5044; 2
5044; 1
5045; 2
5047; 1
5048; 2
5051; 1
5052; 2
5059; 1
5060; 2
5063; 1
5064; 2
5068; 1
5069; 2
5069; 1
5070; 2
5070; 1
5071; 2
5073; 1
5074; 2
5074; 1
5075; 2
5074; 1
5075; 2
5075; 1
5076; 2
5076; 1
5077; 2
5077; 1
5078; 2
5079; 1
5080; 2
5084; 1
5085; 2
5084; 1
5085; 2
5086; 1
5087; 2
5086; 1
5087; 2
5087; 1
5088; 2
5087; 1
5088; 2
5090; 1
5091; 2
5092; 1
5093; 2
5096; 1
5097; 2
5099; 1
5100; 2
5100; 1
5101; 2
5107; 1
5108; 2
5107; 1
5108; 2
5107; 1
5108; 2
5108; 1
5109; 2
5109; 1
5110; 2
5112; 1
5113; 2
5113; 1
5114; 2
5113; 1
5114; 2
5115; 1
5116; 2
5123; 1
5124; 2
5124; 1
5125; 2
5125; 1
5126; 2
5126; 1
5127; 2
5127; 1
5128; 2
5128; 1
5129; 2
5130; 1
5131; 2
5132; 1
5133; 2
5132; 1
5133; 2
5133; 1
5134; 2
5133; 1
5134; 2
5134; 1
5135; 2
5136; 1
5137; 2
5136; 1
5137; 2
5138; 1
5139; 2
5144; 1
5145; 2
5146; 1
5147; 2
5146; 1
5147; 2
5148; 1
5149; 2
5148; 1
5149; 2
5149; 1
5150; 2
5150; 1
5151; 2
5153; 1
5154; 2
5153; 1
5154; 2
5161; 1
5162; 2
5162; 1
5163; 2
5164; 1
5165; 2
5165; 1
5166; 2
5168; 1
5169; 2
5170; 1
5171; 2
5173; 1
5174; 2
5174; 1
5175; 2
5174; 1
5175; 2
5178; 1
5179; 2
5180; 1
5181; 2
5180; 1
5181; 2
5180; 1
5181; 2
5180; 1
5181; 2
5180; 1
5181; 2
5184; 1
5185; 2
5185; 1
5186; 2
5185; 1
5186; 2
5186; 1
5187; 2
5186; 1
5187; 2
5190; 1
5191; 2
5190; 1
5191; 2
5190; 1
5191; 2
5191; 1
5192; 2
5193; 1
5194; 2
5195; 1
5196; 2
5197; 1
5198; 2
5206; 1
5207; 2
5206; 1
5207; 2
5207; 1
5208; 2
5210; 1
5211; 2
5210; 1
5211; 2
5214; 1
5215; 2
5218; 1
5219; 2
5218; 1
5219; 2
5218; 1
5219; 2
5219; 1
5220; 2
5220; 1
5221; 2
5221; 1
5222; 2
5224; 1
5225; 2
5226; 1
5227; 2
5231; 1
5232; 2
5232; 1
5233; 2
5240; 1
5241; 2
5240; 1
5241; 2
5244; 1
5245; 2
5245; 1
5246; 2
5247; 1
5248; 2
5247; 1
5248; 2
5248; 1
5249; 2
5249; 1
5250; 2
5249; 1
5250; 2
5250; 1
5251; 2
5250; 1
5251; 2
5250; 1
5251; 2
5251; 1
5252; 2
5259; 1
5260; 2
5260; 1
5261; 2
5265; 1
5266; 2
5267; 1
5268; 2
5268; 1
5269; 2
5269; 1
5270; 2
5270; 1
5271; 2
5272; 1
5273; 2
5273; 1
5274; 2
5273; 1
5274; 2
5274; 1
5275; 2
5276; 1
5277; 2
5278; 1
5279; 2
5279; 1
5280; 2
5279; 1
5280; 2
5280; 1
5281; 2
5281; 1
5282; 2
5284; 1
5285; 2
5284; 1
5285; 2
5288; 1
5289; 2
5288; 1
5289; 2
5288; 1
5289; 2
5294; 1
5295; 2
5295; 1
5296; 2
5296; 1
5297; 2
5298; 1
5299; 2
5299; 1
5300; 2
5299; 1
5300; 2
5302; 1
5303; 2
5302; 1
5303; 2
5302; 1
5303; 2
5305; 1
5306; 2
5309; 1
5310; 2
5309; 1
5310; 2
5309; 1
5310; 2
5310; 1
5311; 2
5312; 1
5313; 2
5312; 1
5313; 2
5317; 1
5318; 2
5327; 1
5328; 2
5327; 1
5328; 2
5328; 1
5329; 2
5330; 1
5331; 2
5330; 1
5331; 2
5332; 1
5333; 2
5332; 1
5333; 2
5334; 1
5335; 2
5337; 1
5338; 2
5338; 1
5339; 2
5338; 1
5339; 2
5342; 1
5343; 2
5342; 1
5343; 2
5344; 1
5345; 2
5353; 1
5354; 2
5359; 1
5360; 2
5361; 1
5362; 2
5364; 1
5365; 2
5368; 1
5369; 2
5368; 1
5369; 2
5370; 1
5371; 2
5373; 1
5374; 2
5374; 1
5375; 2
5380; 1
5381; 2
5381; 1
5382; 2
5382; 1
5383; 2
5389; 1
5390; 2
5394; 1
5395; 2
5397; 1
5398; 2
5400; 1
5401; 2
5401; 1
5402; 2
5404; 1
5405; 2
5405; 1
5406; 2
5405; 1
5406; 2
5405; 1
5406; 2
5405; 1
5406; 2
5407; 1
5408; 2
5408; 1
5409; 2
5408; 1
5409; 2
5409; 1
5410; 2
5409; 1
5410; 2
5411; 1
5412; 2
5411; 1
5412; 2
5412; 1
5413; 2
5421; 1
5422; 2
5424; 1
5425; 2
5425; 1
5426; 2
5426; 1
5427; 2
5426; 1
5427; 2
5428; 1
5429; 2
5432; 1
5433; 2
5436; 1
5437; 2
5437; 1
5438; 2
5438; 1
5439; 2
5439; 1
5440; 2
5439; 1
5440; 2
5441; 1
5442; 2
5443; 1
5444; 2
5444; 1
5445; 2
5444; 1
5445; 2
5446; 1
5447; 2
5447; 1
5448; 2
5449; 1
5450; 2
5450; 1
5451; 2
5451; 1
5452; 2
5451; 1
5452; 2
5454; 1
5455; 2
5455; 1
5456; 2
5457; 1
5458; 2
5459; 1
5460; 2
5461; 1
5462; 2
5461; 1
5462; 2
5464; 1
5465; 2
5469; 1
5470; 2
5469; 1
5470; 2
5471; 1
5472; 2
5472; 1
5473; 2
5473; 1
5474; 2
5473; 1
5474; 2
5473; 1
5474; 2
5475; 1
5476; 2
5476; 1
5477; 2
5477; 1
5478; 2
5478; 1
5479; 2
5479; 1
5480; 2
5482; 1
5483; 2
5483; 1
5484; 2
5483; 1
5484; 2
5483; 1
5484; 2
5484; 1
5485; 2
5485; 1
5486; 2
5487; 1
5488; 2
5491; 1
5492; 2
5493; 1
5494; 2
5501; 1
5502; 2
5505; 1
5506; 2
5505; 1
5506; 2
5506; 1
5507; 2
5508; 1
5509; 2
5512; 1
5513; 2
5516; 1
5517; 2
5516; 1
5517; 2
5518; 1
5519; 2
5518; 1
5519; 2
5519; 1
5520; 2
5521; 1
5522; 2
5523; 1
5524; 2
5527; 1
5528; 2
5529; 1
5530; 2
5531; 1
5532; 2
5532; 1
5533; 2
5532; 1
5533; 2
5536; 1
5537; 2
5546; 1
5547; 2
5547; 1
5548; 2
5547; 1
5548; 2
5550; 1
5551; 2
5552; 1
5553; 2
5553; 1
5554; 2
5554; 1
5555; 2
5557; 1
5558; 2
5558; 1
5559; 2
5559; 1
5560; 2
5560; 1
5561; 2
5563; 1
5564; 2
5563; 1
5564; 2
5564; 1
5565; 2
5565; 1
5566; 2
5567; 1
5568; 2
5567; 1
5568; 2
5567; 1
5568; 2
5573; 1
5574; 2
5574; 1
5575; 2
5574; 1
5575; 2
5574; 1
5575; 2
5575; 1
5576; 2
5580; 1
5581; 2
5584; 1
5585; 2
5585; 1
5586; 2
5585; 1
5586; 2
5586; 1
5587; 2
5586; 1
5587; 2
5589; 1
5590; 2
5589; 1
5590; 2
5590; 1
5591; 2
5592; 1
5593; 2
5592; 1
5593; 2
5593; 1
5594; 2
5595; 1
5596; 2
5598; 1
5599; 2
5598; 1
5599; 2
5598; 1
5599; 2
5603; 1
5604; 2
5605; 1
5606; 2
5607; 1
5608; 2
5607; 1
5608; 2
5608; 1
5609; 2
5608; 1
5609; 2
5610; 1
5611; 2
5614; 1
5615; 2
5615; 1
5616; 2
5616; 1
5617; 2
5617; 1
5618; 2
5618; 1
5619; 2
5618; 1
5619; 2
5620; 1
5621; 2
5623; 1
5624; 2
5627; 1
5628; 2
5628; 1
5629; 2
5629; 1
5630; 2
5629; 1
5630; 2
5629; 1
5630; 2
5630; 1
5631; 2
5631; 1
5632; 2
5632; 1
5633; 2
5632; 1
5633; 2
5633; 1
5634; 2
5634; 1
5635; 2
5634; 1
5635; 2
5634; 1
5635; 2
5634; 1
5635; 2
5634; 1
5635; 2
5637; 1
5638; 2
5637; 1
5638; 2
5638; 1
5639; 2
5639; 1
5640; 2
5640; 1
5641; 2
5640; 1
5641; 2
5642; 1
5643; 2
5643; 1
5644; 2
5649; 1
5650; 2
5652; 1
5653; 2
5653; 1
5654; 2
5655; 1
5656; 2
5655; 1
5656; 2
5656; 1
5657; 2
5658; 1
5659; 2
5658; 1
5659; 2
5664; 1
5665; 2
5666; 1
5667; 2
5667; 1
5668; 2
5667; 1
5668; 2
5669; 1
5670; 2
5679; 1
5680; 2
5680; 1
5681; 2
5685; 1
5686; 2
5685; 1
5686; 2
5687; 1
5688; 2
5687; 1
5688; 2
5688; 1
5689; 2
5689; 1
5690; 2
5691; 1
5692; 2
5691; 1
5692; 2
5694; 1
5695; 2
5698; 1
5699; 2
5698; 1
5699; 2
5698; 1
5699; 2
5705; 1
5706; 2
5705; 1
5706; 2
5707; 1
5708; 2
5708; 1
5709; 2
5708; 1
5709; 2
5709; 1
5710; 2
5710; 1
5711; 2
5713; 1
5714; 2
5715; 1
5716; 2
5715; 1
5716; 2
5720; 1
5721; 2
5724; 1
5725; 2
5724; 1
5725; 2
5725; 1
5726; 2
5726; 1
5727; 2
5727; 1
5728; 2
5728; 1
5729; 2
5730; 1
5731; 2
5730; 1
5731; 2
5731; 1
5732; 2
5733; 1
5734; 2
5733; 1
5734; 2
5738; 1
5739; 2
5739; 1
5740; 2
5740; 1
5741; 2
5740; 1
5741; 2
5740; 1
5741; 2
5744; 1
5745; 2
5745; 1
5746; 2
5746; 1
5747; 2
5747; 1
5748; 2
5748; 1
5749; 2
5749; 1
5750; 2
5751; 1
5752; 2
5752; 1
5753; 2
5753; 1
5754; 2
5754; 1
5755; 2
5755; 1
5756; 2
5755; 1
5756; 2
5757; 1
5758; 2
5757; 1
5758; 2
5761; 1
5762; 2
5761; 1
5762; 2
5764; 1
5765; 2
5767; 1
5768; 2
5770; 1
5771; 2
5771; 1
5772; 2
5772; 1
5773; 2
5772; 1
5773; 2
5773; 1
5774; 2
5773; 1
5774; 2
5773; 1
5774; 2
5775; 1
5776; 2
5775; 1
5776; 2
5776; 1
5777; 2
5776; 1
5777; 2
5778; 1
5779; 2
5782; 1
5783; 2
5784; 1
5785; 2
5786; 1
5787; 2
5786; 1
5787; 2
5786; 1
5787; 2
5789; 1
5790; 2
5789; 1
5790; 2
5796; 1
5797; 2
5802; 1
5803; 2
5804; 1
5805; 2
5811; 1
5812; 2
5811; 1
5812; 2
5812; 1
5813; 2
5814; 1
5815; 2
5815; 1
5816; 2
5815; 1
5816; 2
5821; 1
5822; 2
5823; 1
5824; 2
5825; 1
5826; 2
5828; 1
5829; 2
5831; 1
5832; 2
5833; 1
5834; 2
5834; 1
5835; 2
5838; 1
5839; 2
5839; 1
5840; 2
5841; 1
5842; 2
5841; 1
5842; 2
5843; 1
5844; 2
5844; 1
5845; 2
5845; 1
5846; 2
5846; 1
5847; 2
5846; 1
5847; 2
5849; 1
5850; 2
5850; 1
5851; 2
5850; 1
5851; 2
5857; 1
5858; 2
5858; 1
5859; 2
5861; 1
5862; 2
5865; 1
5866; 2
5867; 1
5868; 2
5869; 1
5870; 2
5869; 1
5870; 2
5869; 1
5870; 2
5869; 1
5870; 2
5870; 1
5871; 2
5870; 1
5871; 2
5871; 1
5872; 2
5877; 1
5878; 2
5877; 1
5878; 2
5879; 1
5880; 2
5879; 1
5880; 2
5879; 1
5880; 2
5880; 1
5881; 2
5886; 1
5887; 2
5891; 1
5892; 2
5892; 1
5893; 2
5894; 1
5895; 2
5898; 1
5899; 2
5900; 1
5901; 2
5902; 1
5903; 2
5904; 1
5905; 2
5909; 1
5910; 2
5910; 1
5911; 2
5914; 1
5915; 2
5915; 1
5916; 2
5916; 1
5917; 2
5917; 1
5918; 2
5920; 1
5921; 2
5922; 1
5923; 2
5924; 1
5925; 2
5928; 1
5929; 2
5928; 1
5929; 2
5929; 1
5930; 2
5938; 1
5939; 2
5939; 1
5940; 2
5944; 1
5945; 2
5945; 1
5946; 2
5951; 1
5952; 2
5952; 1
5953; 2
5955; 1
5956; 2
5955; 1
5956; 2
5955; 1
5956; 2
5962; 1
5963; 2
5963; 1
5964; 2
5970; 1
5971; 2
5971; 1
5972; 2
5973; 1
5974; 2
5978; 1
5979; 2
5982; 1
5983; 2
5985; 1
5986; 2
5987; 1
5988; 2
5989; 1
5990; 2
5990; 1
5991; 2
5991; 1
5992; 2
5992; 1
5993; 2
5992; 1
5993; 2
5995; 1
5996; 2
5997; 1
5998; 2
5998; 1
5999; 2
5999; 1
6000; 2
6000; 1
6001; 2
6001; 1
6002; 2
6002; 1
6003; 2
6002; 1
6003; 2
6002; 1
6003; 2
6005; 1
6006; 2
6006; 1
6007; 2
6009; 1
6010; 2
6012; 1
6013; 2
6012; 1
6013; 2
6013; 1
6014; 2
6016; 1
6017; 2
6016; 1
6017; 2
6016; 1
6017; 2
6017; 1
6018; 2
6026; 1
6027; 2
6026; 1
6027; 2
6027; 1
6028; 2
6027; 1
6028; 2
6028; 1
6029; 2
6031; 1
6032; 2
6034; 1
6035; 2
6036; 1
6037; 2
6037; 1
6038; 2
6039; 1
6040; 2
6042; 1
6043; 2
6044; 1
6045; 2
6045; 1
6046; 2
6045; 1
6046; 2
6046; 1
6047; 2
6047; 1
6048; 2
6050; 1
6051; 2
6051; 1
6052; 2
6052; 1
6053; 2
6053; 1
6054; 2
6057; 1
6058; 2
6057; 1
6058; 2
6064; 1
6065; 2
6065; 1
6066; 2
6068; 1
6069; 2
6070; 1
6071; 2
6071; 1
6072; 2
6072; 1
6073; 2
6072; 1
6073; 2
6073; 1
6074; 2
6074; 1
6075; 2
6084; 1
6085; 2
6084; 1
6085; 2
6091; 1
6092; 2
6093; 1
6094; 2
6094; 1
6095; 2
6095; 1
6096; 2
6097; 1
6098; 2
6097; 1
6098; 2
6101; 1
6102; 2
6101; 1
6102; 2
6102; 1
6103; 2
6103; 1
6104; 2
6106; 1
6107; 2
6107; 1
6108; 2
6114; 1
6115; 2
6115; 1
6116; 2
6115; 1
6116; 2
6117; 1
6118; 2
6118; 1
6119; 2
6121; 1
6122; 2
6122; 1
6123; 2
6122; 1
6123; 2
6126; 1
6127; 2
6128; 1
6129; 2
6129; 1
6130; 2
6134; 1
6135; 2
6135; 1
6136; 2
6136; 1
6137; 2
6137; 1
6138; 2
6141; 1
6142; 2
6146; 1
6147; 2
6146; 1
6147; 2
6147; 1
6148; 2
6148; 1
6149; 2
6150; 1
6151; 2
6151; 1
6152; 2
6153; 1
6154; 2
6154; 1
6155; 2
6155; 1
6156; 2
6156; 1
6157; 2
6157; 1
6158; 2
6163; 1
6164; 2
6163; 1
6164; 2
6165; 1
6166; 2
6167; 1
6168; 2
6167; 1
6168; 2
6169; 1
6170; 2
6169; 1
6170; 2
6173; 1
6174; 2
6173; 1
6174; 2
6173; 1
6174; 2
6179; 1
6180; 2
6181; 1
6182; 2
6183; 1
6184; 2
6185; 1
6186; 2
6185; 1
6186; 2
6188; 1
6189; 2
6189; 1
6190; 2
6191; 1
6192; 2
6191; 1
6192; 2
6191; 1
6192; 2
6191; 1
6192; 2
6196; 1
6197; 2
6197; 1
6198; 2
6197; 1
6198; 2
6200; 1
6201; 2
6201; 1
6202; 2
6201; 1
6202; 2
6203; 1
6204; 2
6204; 1
6205; 2
6214; 1
6215; 2
6217; 1
6218; 2
6223; 1
6224; 2
6223; 1
6224; 2
6224; 1
6225; 2
6224; 1
6225; 2
6226; 1
6227; 2
6230; 1
6231; 2
6231; 1
6232; 2
6232; 1
6233; 2
6234; 1
6235; 2
6236; 1
6237; 2
6237; 1
6238; 2
6240; 1
6241; 2
6242; 1
6243; 2
6245; 1
6246; 2
6250; 1
6251; 2
6253; 1
6254; 2
6253; 1
6254; 2
6254; 1
6255; 2
6265; 1
6266; 2
6267; 1
6268; 2
6273; 1
6274; 2
6281; 1
6282; 2
6281; 1
6282; 2
6284; 1
6285; 2
6285; 1
6286; 2
6289; 1
6290; 2
6291; 1
6292; 2
6292; 1
6293; 2
6294; 1
6295; 2
6296; 1
6297; 2
6297; 1
6298; 2
6297; 1
6298; 2
6300; 1
6301; 2
6300; 1
6301; 2
6301; 1
6302; 2
6303; 1
6304; 2
6306; 1
6307; 2
6307; 1
6308; 2
6310; 1
6311; 2
6315; 1
6316; 2
6315; 1
6316; 2
6318; 1
6319; 2
6323; 1
6324; 2
6326; 1
6327; 2
6327; 1
6328; 2
6327; 1
6328; 2
6334; 1
6335; 2
6335; 1
6336; 2
6335; 1
6336; 2
6337; 1
6338; 2
6341; 1
6342; 2
6342; 1
6343; 2
6343; 1
6344; 2
6345; 1
6346; 2
6347; 1
6348; 2
6348; 1
6349; 2
6357; 1
6358; 2
6357; 1
6358; 2
6359; 1
6360; 2
6360; 1
6361; 2
6365; 1
6366; 2
6366; 1
6367; 2
6366; 1
6367; 2
6366; 1
6367; 2
6368; 1
6369; 2
6372; 1
6373; 2
6372; 1
6373; 2
6379; 1
6380; 2
6382; 1
6383; 2
6382; 1
6383; 2
6383; 1
6384; 2
6383; 1
6384; 2
6385; 1
6386; 2
6385; 1
6386; 2
6388; 1
6389; 2
6389; 1
6390; 2
6390; 1
6391; 2
6390; 1
6391; 2
6391; 1
6392; 2
6393; 1
6394; 2
6394; 1
6395; 2
6394; 1
6395; 2
6398; 1
6399; 2
6400; 1
6401; 2
6400; 1
6401; 2
6401; 1
6402; 2
6402; 1
6403; 2
6403; 1
6404; 2
6407; 1
6408; 2
6411; 1
6412; 2
6413; 1
6414; 2
6413; 1
6414; 2
6415; 1
6416; 2
6416; 1
6417; 2
6416; 1
6417; 2
6416; 1
6417; 2
6416; 1
6417; 2
6419; 1
6420; 2
6419; 1
6420; 2
6425; 1
6426; 2
6426; 1
6427; 2
6428; 1
6429; 2
6429; 1
6430; 2
6429; 1
6430; 2
6430; 1
6431; 2
6430; 1
6431; 2
6430; 1
6431; 2
6431; 1
6432; 2
6435; 1
6436; 2
6436; 1
6437; 2
6437; 1
6438; 2
6437; 1
6438; 2
6438; 1
6439; 2
6439; 1
6440; 2
6441; 1
6442; 2
6446; 1
6447; 2
6448; 1
6449; 2
6448; 1
6449; 2
6449; 1
6450; 2
6449; 1
6450; 2
6449; 1
6450; 2
6453; 1
6454; 2
6454; 1
6455; 2
6455; 1
6456; 2
6456; 1
6457; 2
6456; 1
6457; 2
6457; 1
6458; 2
6461; 1
6462; 2
6464; 1
6465; 2
6467; 1
6468; 2
6468; 1
6469; 2
6470; 1
6471; 2
6470; 1
6471; 2
6470; 1
6471; 2
6472; 1
6473; 2
6474; 1
6475; 2
6476; 1
6477; 2
6476; 1
6477; 2
6477; 1
6478; 2
6478; 1
6479; 2
6481; 1
6482; 2
6482; 1
6483; 2
6484; 1
6485; 2
6484; 1
6485; 2
6486; 1
6487; 2
6487; 1
6488; 2
6488; 1
6489; 2
6493; 1
6494; 2
6495; 1
6496; 2
6499; 1
6500; 2
6500; 1
6501; 2
6507; 1
6508; 2
6507; 1
6508; 2
6508; 1
6509; 2
6508; 1
6509; 2
6511; 1
6512; 2
6520; 1
6521; 2
6520; 1
6521; 2
6520; 1
6521; 2
6522; 1
6523; 2
6526; 1
6527; 2
6527; 1
6528; 2
6527; 1
6528; 2
6528; 1
6529; 2
6528; 1
6529; 2
6534; 1
6535; 2
6536; 1
6537; 2
6537; 1
6538; 2
6539; 1
6540; 2
6539; 1
6540; 2
6539; 1
6540; 2
6540; 1
6541; 2
6541; 1
6542; 2
6541; 1
6542; 2
6548; 1
6549; 2
6551; 1
6552; 2
6552; 1
6553; 2
6554; 1
6555; 2
6554; 1
6555; 2
6558; 1
6559; 2
6559; 1
6560; 2
6560; 1
6561; 2
6564; 1
6565; 2
6564; 1
6565; 2
6566; 1
6567; 2
6567; 1
6568; 2
6567; 1
6568; 2
6568; 1
6569; 2
6569; 1
6570; 2
6573; 1
6574; 2
6573; 1
6574; 2
6575; 1
6576; 2
6575; 1
6576; 2
6578; 1
6579; 2
6580; 1
6581; 2
6586; 1
6587; 2
6587; 1
6588; 2
6588; 1
6589; 2
6592; 1
6593; 2
6592; 1
6593; 2
6593; 1
6594; 2
6597; 1
6598; 2
6598; 1
6599; 2
6600; 1
6601; 2
6603; 1
6604; 2
6606; 1
6607; 2
6607; 1
6608; 2
6609; 1
6610; 2
6610; 1
6611; 2
6610; 1
6611; 2
6611; 1
6612; 2
6611; 1
6612; 2
6613; 1
6614; 2
6613; 1
6614; 2
6614; 1
6615; 2
6615; 1
6616; 2
6615; 1
6616; 2
6616; 1
6617; 2
6616; 1
6617; 2
6619; 1
6620; 2
6619; 1
6620; 2
6621; 1
6622; 2
6622; 1
6623; 2
6631; 1
6632; 2
6633; 1
6634; 2
6634; 1
6635; 2
6636; 1
6637; 2
6636; 1
6637; 2
6642; 1
6643; 2
6645; 1
6646; 2
6646; 1
6647; 2
6648; 1
6649; 2
6651; 1
6652; 2
6652; 1
6653; 2
6654; 1
6655; 2
6655; 1
6656; 2
6655; 1
6656; 2
6656; 1
6657; 2
6659; 1
6660; 2
6659; 1
6660; 2
6661; 1
6662; 2
6661; 1
6662; 2
6663; 1
6664; 2
6664; 1
6665; 2
6665; 1
6666; 2
6666; 1
6667; 2
6668; 1
6669; 2
6670; 1
6671; 2
6671; 1
6672; 2
6673; 1
6674; 2
6674; 1
6675; 2
6677; 1
6678; 2
6677; 1
6678; 2
6679; 1
6680; 2
6680; 1
6681; 2
6681; 1
6682; 2
6683; 1
6684; 2
6684; 1
6685; 2
6686; 1
6687; 2
6690; 1
6691; 2
6691; 1
6692; 2
6691; 1
6692; 2
6695; 1
6696; 2
6699; 1
6700; 2
6699; 1
6700; 2
6700; 1
6701; 2
6705; 1
6706; 2
6708; 1
6709; 2
6708; 1
6709; 2
6710; 1
6711; 2
6711; 1
6712; 2
6713; 1
6714; 2
6713; 1
6714; 2
6714; 1
6715; 2
6717; 1
6718; 2
6718; 1
6719; 2
6724; 1
6725; 2
6730; 1
6731; 2
6730; 1
6731; 2
6731; 1
6732; 2
6731; 1
6732; 2
6732; 1
6733; 2
6733; 1
6734; 2
6733; 1
6734; 2
6734; 1
6735; 2
6737; 1
6738; 2
6738; 1
6739; 2
6739; 1
6740; 2
6739; 1
6740; 2
6747; 1
6748; 2
6753; 1
6754; 2
6754; 1
6755; 2
6754; 1
6755; 2
6758; 1
6759; 2
6758; 1
6759; 2
6761; 1
6762; 2
6769; 1
6770; 2
6769; 1
6770; 2
6774; 1
6775; 2
6776; 1
6777; 2
6777; 1
6778; 2
6778; 1
6779; 2
6778; 1
6779; 2
6779; 1
6780; 2
6783; 1
6784; 2
6784; 1
6785; 2
6784; 1
6785; 2
6785; 1
6786; 2
6786; 1
6787; 2
6788; 1
6789; 2
6789; 1
6790; 2
6790; 1
6791; 2
6790; 1
6791; 2
6797; 1
6798; 2
6797; 1
6798; 2
6798; 1
6799; 2
6798; 1
6799; 2
6799; 1
6800; 2
6799; 1
6800; 2
6801; 1
6802; 2
6802; 1
6803; 2
6807; 1
6808; 2
6807; 1
6808; 2
6807; 1
6808; 2
6808; 1
6809; 2
6808; 1
6809; 2
6810; 1
6811; 2
6811; 1
6812; 2
6816; 1
6817; 2
6816; 1
6817; 2
6818; 1
6819; 2
6825; 1
6826; 2
6827; 1
6828; 2
6831; 1
6832; 2
6837; 1
6838; 2
6837; 1
6838; 2
6837; 1
6838; 2
6839; 1
6840; 2
6839; 1
6840; 2
6840; 1
6841; 2
6841; 1
6842; 2
6841; 1
6842; 2
6843; 1
6844; 2
6844; 1
6845; 2
6845; 1
6846; 2
6848; 1
6849; 2
6850; 1
6851; 2
6851; 1
6852; 2
6851; 1
6852; 2
6858; 1
6859; 2
6858; 1
6859; 2
6860; 1
6861; 2
6860; 1
6861; 2
6862; 1
6863; 2
6865; 1
6866; 2
6866; 1
6867; 2
6866; 1
6867; 2
6869; 1
6870; 2
6870; 1
6871; 2
6871; 1
6872; 2
6875; 1
6876; 2
6876; 1
6877; 2
6877; 1
6878; 2
6884; 1
6885; 2
6884; 1
6885; 2
6886; 1
6887; 2
6891; 1
6892; 2
6891; 1
6892; 2
6894; 1
6895; 2
6896; 1
6897; 2
6897; 1
6898; 2
6898; 1
6899; 2
6899; 1
6900; 2
6900; 1
6901; 2
6904; 1
6905; 2
6908; 1
6909; 2
6912; 1
6913; 2
6914; 1
6915; 2
6916; 1
6917; 2
6921; 1
6922; 2
6922; 1
6923; 2
6922; 1
6923; 2
6927; 1
6928; 2
6931; 1
6932; 2
6931; 1
6932; 2
6935; 1
6936; 2
6937; 1
6938; 2
6940; 1
6941; 2
6941; 1
6942; 2
6945; 1
6946; 2
6946; 1
6947; 2
6946; 1
6947; 2
6947; 1
6948; 2
6947; 1
6948; 2
6949; 1
6950; 2
6949; 1
6950; 2
6949; 1
6950; 2
6950; 1
6951; 2
6952; 1
6953; 2
6953; 1
6954; 2
6954; 1
6955; 2
6955; 1
6956; 2
6956; 1
6957; 2
6957; 1
6958; 2
6962; 1
6963; 2
6964; 1
6965; 2
6966; 1
6967; 2
6967; 1
6968; 2
6968; 1
6969; 2
6968; 1
6969; 2
6969; 1
6970; 2
6969; 1
6970; 2
6970; 1
6971; 2
6973; 1
6974; 2
6973; 1
6974; 2
6974; 1
6975; 2
6977; 1
6978; 2
6978; 1
6979; 2
6979; 1
6980; 2
6984; 1
6985; 2
6984; 1
6985; 2
6985; 1
6986; 2
6985; 1
6986; 2
6985; 1
6986; 2
6986; 1
6987; 2
6987; 1
6988; 2
6988; 1
6989; 2
6990; 1
6991; 2
6992; 1
6993; 2
6993; 1
6994; 2
6995; 1
6996; 2
6997; 1
6998; 2
6998; 1
6999; 2
6999; 1
7000; 2
6999; 1
7000; 2
7001; 1
7002; 2
7002; 1
7003; 2
7002; 1
7003; 2
7002; 1
7003; 2
7003; 1
7004; 2
7003; 1
7004; 2
7004; 1
7005; 2
7006; 1
7007; 2
7007; 1
7008; 2
7007; 1
7008; 2
7008; 1
7009; 2
7009; 1
7010; 2
7010; 1
7011; 2
7011; 1
7012; 2
7011; 1
7012; 2
7012; 1
7013; 2
7013; 1
7014; 2
7013; 1
7014; 2
7014; 1
7015; 2
7014; 1
7015; 2
7015; 1
7016; 2
7016; 1
7017; 2
7017; 1
7018; 2
7018; 1
7019; 2
7019; 1
7020; 2
7021; 1
7022; 2
7023; 1
7024; 2
7027; 1
7028; 2
7028; 1
7029; 2
7028; 1
7029; 2
7034; 1
7035; 2
7035; 1
7036; 2
7038; 1
7039; 2
7040; 1
7041; 2
7041; 1
7042; 2
7045; 1
7046; 2
7046; 1
7047; 2
7046; 1
7047; 2
7046; 1
7047; 2
7051; 1
7052; 2
7052; 1
7053; 2
7054; 1
7055; 2
7054; 1
7055; 2
7054; 1
7055; 2
7056; 1
7057; 2
7061; 1
7062; 2
7062; 1
7063; 2
7067; 1
7068; 2
7067; 1
7068; 2
7069; 1
7070; 2
7070; 1
7071; 2
7070; 1
7071; 2
7071; 1
7072; 2
7071; 1
7072; 2
7072; 1
7073; 2
7077; 1
7078; 2
7080; 1
7081; 2
7084; 1
7085; 2
7085; 1
7086; 2
7086; 1
7087; 2
7088; 1
7089; 2
7088; 1
7089; 2
7090; 1
7091; 2
7091; 1
7092; 2
7094; 1
7095; 2
7094; 1
7095; 2
7099; 1
7100; 2
7100; 1
7101; 2
7101; 1
7102; 2
7101; 1
7102; 2
7103; 1
7104; 2
7105; 1
7106; 2
7105; 1
7106; 2
7106; 1
7107; 2
7111; 1
7112; 2
7113; 1
7114; 2
7113; 1
7114; 2
7114; 1
7115; 2
7114; 1
7115; 2
7116; 1
7117; 2
7116; 1
7117; 2
7118; 1
7119; 2
7119; 1
7120; 2
7120; 1
7121; 2
7121; 1
7122; 2
7121; 1
7122; 2
7123; 1
7124; 2
7124; 1
7125; 2
7126; 1
7127; 2
7126; 1
7127; 2
7128; 1
7129; 2
7129; 1
7130; 2
7129; 1
7130; 2
7131; 1
7132; 2
7134; 1
7135; 2
7136; 1
7137; 2
7137; 1
7138; 2
7140; 1
7141; 2
7140; 1
7141; 2
7142; 1
7143; 2
7142; 1
7143; 2
7142; 1
7143; 2
7143; 1
7144; 2
7143; 1
7144; 2
7147; 1
7148; 2
7147; 1
7148; 2
7148; 1
7149; 2
7149; 1
7150; 2
7151; 1
7152; 2
7151; 1
7152; 2
7153; 1
7154; 2
7154; 1
7155; 2
7155; 1
7156; 2
7156; 1
7157; 2
7161; 1
7162; 2
7162; 1
7163; 2
7162; 1
7163; 2
7162; 1
7163; 2
7164; 1
7165; 2
7165; 1
7166; 2
7167; 1
7168; 2
7168; 1
7169; 2
7170; 1
7171; 2
7171; 1
7172; 2
7174; 1
7175; 2
7175; 1
7176; 2
7177; 1
7178; 2
7177; 1
7178; 2
7178; 1
7179; 2
7182; 1
7183; 2
7183; 1
7184; 2
7183; 1
7184; 2
7184; 1
7185; 2
7184; 1
7185; 2
7188; 1
7189; 2
7190; 1
7191; 2
7194; 1
7195; 2
7194; 1
7195; 2
7196; 1
7197; 2
7198; 1
7199; 2
7201; 1
7202; 2
7201; 1
7202; 2
7202; 1
7203; 2
7202; 1
7203; 2
7202; 1
7203; 2
7203; 1
7204; 2
7204; 1
7205; 2
7206; 1
7207; 2
7208; 1
7209; 2
7208; 1
7209; 2
7209; 1
7210; 2
7210; 1
7211; 2
7211; 1
7212; 2
7211; 1
7212; 2
7216; 1
7217; 2
7221; 1
7222; 2
7224; 1
7225; 2
7228; 1
7229; 2
7229; 1
7230; 2
7231; 1
7232; 2
7232; 1
7233; 2
7233; 1
7234; 2
7233; 1
7234; 2
7233; 1
7234; 2
7234; 1
7235; 2
7238; 1
7239; 2
7241; 1
7242; 2
7241; 1
7242; 2
7244; 1
7245; 2
7245; 1
7246; 2
7247; 1
7248; 2
7249; 1
7250; 2
7250; 1
7251; 2
7252; 1
7253; 2
7252; 1
7253; 2
7253; 1
7254; 2
7254; 1
7255; 2
7254; 1
7255; 2
7255; 1
7256; 2
7257; 1
7258; 2
7257; 1
7258; 2
7258; 1
7259; 2
7260; 1
7261; 2
7269; 1
7270; 2
7271; 1
7272; 2
7272; 1
7273; 2
7272; 1
7273; 2
7276; 1
7277; 2
7276; 1
7277; 2
7278; 1
7279; 2
7279; 1
7280; 2
7280; 1
7281; 2
7281; 1
7282; 2
7282; 1
7283; 2
7283; 1
7284; 2
7286; 1
7287; 2
7292; 1
7293; 2
7296; 1
7297; 2
7297; 1
7298; 2
7297; 1
7298; 2
7300; 1
7301; 2
7300; 1
7301; 2
7301; 1
7302; 2
7306; 1
7307; 2
7306; 1
7307; 2
7306; 1
7307; 2
7310; 1
7311; 2
7311; 1
7312; 2
7312; 1
7313; 2
7313; 1
7314; 2
7314; 1
7315; 2
7317; 1
7318; 2
7319; 1
7320; 2
7321; 1
7322; 2
7322; 1
7323; 2
7324; 1
7325; 2
7324; 1
7325; 2
7325; 1
7326; 2
7325; 1
7326; 2
7327; 1
7328; 2
7330; 1
7331; 2
7331; 1
7332; 2
7331; 1
7332; 2
7333; 1
7334; 2
7334; 1
7335; 2
7335; 1
7336; 2
7337; 1
7338; 2
7339; 1
7340; 2
7344; 1
7345; 2
7347; 1
7348; 2
7347; 1
7348; 2
7348; 1
7349; 2
7353; 1
7354; 2
7353; 1
7354; 2
7354; 1
7355; 2
7356; 1
7357; 2
7360; 1
7361; 2
7361; 1
7362; 2
7362; 1
7363; 2
7364; 1
7365; 2
7365; 1
7366; 2
7366; 1
7367; 2
7367; 1
7368; 2
7369; 1
7370; 2
7370; 1
7371; 2
7372; 1
7373; 2
7374; 1
7375; 2
7374; 1
7375; 2
7375; 1
7376; 2
7376; 1
7377; 2
7381; 1
7382; 2
7384; 1
7385; 2
7386; 1
7387; 2
7390; 1
7391; 2
7390; 1
7391; 2
7391; 1
7392; 2
7392; 1
7393; 2
7394; 1
7395; 2
7396; 1
7397; 2
7397; 1
7398; 2
7397; 1
7398; 2
7400; 1
7401; 2
7400; 1
7401; 2
7403; 1
7404; 2
7403; 1
7404; 2
7404; 1
7405; 2
7405; 1
7406; 2
7406; 1
7407; 2
7413; 1
7414; 2
7415; 1
7416; 2
7416; 1
7417; 2
7417; 1
7418; 2
7421; 1
7422; 2
7422; 1
7423; 2
7423; 1
7424; 2
7425; 1
7426; 2
7425; 1
7426; 2
7426; 1
7427; 2
7426; 1
7427; 2
7426; 1
7427; 2
7427; 1
7428; 2
7427; 1
7428; 2
7428; 1
7429; 2
7435; 1
7436; 2
7436; 1
7437; 2
7436; 1
7437; 2
7440; 1
7441; 2
7441; 1
7442; 2
7441; 1
7442; 2
7441; 1
7442; 2
7444; 1
7445; 2
7445; 1
7446; 2
7446; 1
7447; 2
7447; 1
7448; 2
7449; 1
7450; 2
7449; 1
7450; 2
7450; 1
7451; 2
7451; 1
7452; 2
7453; 1
7454; 2
7458; 1
7459; 2
7464; 1
7465; 2
7466; 1
7467; 2
7472; 1
7473; 2
7475; 1
7476; 2
7486; 1
7487; 2
7486; 1
7487; 2
7487; 1
7488; 2
7487; 1
7488; 2
7487; 1
7488; 2
7489; 1
7490; 2
7492; 1
7493; 2
7493; 1
7494; 2
7494; 1
7495; 2
7494; 1
7495; 2
7496; 1
7497; 2
7498; 1
7499; 2
7499; 1
7500; 2
7499; 1
7500; 2
7500; 1
7501; 2
7500; 1
7501; 2
7503; 1
7504; 2
7504; 1
7505; 2
7505; 1
7506; 2
7508; 1
7509; 2
7509; 1
7510; 2
7510; 1
7511; 2
7512; 1
7513; 2
7514; 1
7515; 2
7515; 1
7516; 2
7518; 1
7519; 2
7520; 1
7521; 2
7522; 1
7523; 2
7527; 1
7528; 2
7530; 1
7531; 2
7530; 1
7531; 2
7535; 1
7536; 2
7535; 1
7536; 2
7537; 1
7538; 2
7539; 1
7540; 2
7539; 1
7540; 2
7539; 1
7540; 2
7540; 1
7541; 2
7540; 1
7541; 2
7541; 1
7542; 2
7542; 1
7543; 2
7544; 1
7545; 2
7546; 1
7547; 2
7551; 1
7552; 2
7557; 1
7558; 2
7562; 1
7563; 2
7562; 1
7563; 2
7567; 1
7568; 2
7568; 1
7569; 2
7569; 1
7570; 2
7569; 1
7570; 2
7576; 1
7577; 2
7581; 1
7582; 2
7582; 1
7583; 2
7587; 1
7588; 2
7587; 1
7588; 2
7589; 1
7590; 2
7590; 1
7591; 2
7591; 1
7592; 2
7596; 1
7597; 2
7596; 1
7597; 2
7596; 1
7597; 2
7598; 1
7599; 2
7598; 1
7599; 2
7600; 1
7601; 2
7600; 1
7601; 2
7603; 1
7604; 2
7604; 1
7605; 2
7605; 1
7606; 2
7609; 1
7610; 2
7610; 1
7611; 2
7612; 1
7613; 2
7612; 1
7613; 2
7613; 1
7614; 2
7614; 1
7615; 2
7614; 1
7615; 2
7618; 1
7619; 2
7624; 1
7625; 2
7624; 1
7625; 2
7630; 1
7631; 2
7633; 1
7634; 2
7635; 1
7636; 2
7637; 1
7638; 2
7640; 1
7641; 2
7640; 1
7641; 2
7641; 1
7642; 2
7643; 1
7644; 2
7645; 1
7646; 2
7647; 1
7648; 2
7651; 1
7652; 2
7651; 1
7652; 2
7653; 1
7654; 2
7657; 1
7658; 2
7657; 1
7658; 2
7661; 1
7662; 2
7662; 1
7663; 2
7663; 1
7664; 2
7663; 1
7664; 2
7664; 1
7665; 2
7664; 1
7665; 2
7665; 1
7666; 2
7667; 1
7668; 2
7673; 1
7674; 2
7675; 1
7676; 2
7677; 1
7678; 2
7678; 1
7679; 2
7680; 1
7681; 2
7681; 1
7682; 2
7682; 1
7683; 2
7683; 1
7684; 2
7683; 1
7684; 2
7684; 1
7685; 2
7686; 1
7687; 2
7689; 1
7690; 2
7692; 1
7693; 2
7694; 1
7695; 2
7696; 1
7697; 2
7699; 1
7700; 2
7704; 1
7705; 2
7708; 1
7709; 2
7709; 1
7710; 2
7710; 1
7711; 2
7715; 1
7716; 2
7716; 1
7717; 2
7717; 1
7718; 2
7717; 1
7718; 2
7719; 1
7720; 2
7719; 1
7720; 2
7719; 1
7720; 2
7723; 1
7724; 2
7726; 1
7727; 2
7732; 1
7733; 2
7734; 1
7735; 2
7734; 1
7735; 2
7742; 1
7743; 2
7742; 1
7743; 2
7743; 1
7744; 2
7753; 1
7754; 2
7756; 1
7757; 2
7757; 1
7758; 2
7758; 1
7759; 2
7759; 1
7760; 2
7761; 1
7762; 2
7762; 1
7763; 2
7763; 1
7764; 2
7768; 1
7769; 2
7770; 1
7771; 2
7771; 1
7772; 2
7771; 1
7772; 2
7771; 1
7772; 2
7774; 1
7775; 2
7775; 1
7776; 2
7778; 1
7779; 2
7779; 1
7780; 2
7779; 1
7780; 2
7781; 1
7782; 2
7781; 1
7782; 2
7784; 1
7785; 2
7786; 1
7787; 2
7787; 1
7788; 2
7789; 1
7790; 2
7791; 1
7792; 2
7792; 1
7793; 2
7793; 1
7794; 2
7794; 1
7795; 2
7794; 1
7795; 2
7802; 1
7803; 2
7805; 1
7806; 2
7807; 1
7808; 2
7807; 1
7808; 2
7807; 1
7808; 2
7807; 1
7808; 2
7807; 1
7808; 2
7809; 1
7810; 2
7811; 1
7812; 2
7812; 1
7813; 2
7813; 1
7814; 2
7814; 1
7815; 2
7818; 1
7819; 2
7820; 1
7821; 2
7820; 1
7821; 2
7825; 1
7826; 2
7825; 1
7826; 2
7826; 1
7827; 2
7832; 1
7833; 2
7834; 1
7835; 2
7834; 1
7835; 2
7834; 1
7835; 2
7839; 1
7840; 2
7840; 1
7841; 2
7844; 1
7845; 2
7845; 1
7846; 2
7847; 1
7848; 2
7849; 1
7850; 2
7853; 1
7854; 2
7853; 1
7854; 2
7854; 1
7855; 2
7856; 1
7857; 2
7856; 1
7857; 2
7857; 1
7858; 2
7860; 1
7861; 2
7861; 1
7862; 2
7862; 1
7863; 2
7863; 1
7864; 2
7868; 1
7869; 2
7869; 1
7870; 2
7870; 1
7871; 2
7875; 1
7876; 2
7876; 1
7877; 2
7876; 1
7877; 2
7880; 1
7881; 2
7882; 1
7883; 2
7885; 1
7886; 2
7886; 1
7887; 2
7887; 1
7888; 2
7887; 1
7888; 2
7888; 1
7889; 2
7889; 1
7890; 2
7889; 1
7890; 2
7891; 1
7892; 2
7891; 1
7892; 2
7892; 1
7893; 2
7894; 1
7895; 2
7894; 1
7895; 2
7896; 1
7897; 2
7901; 1
7902; 2
7901; 1
7902; 2
7902; 1
7903; 2
7904; 1
7905; 2
7905; 1
7906; 2
7910; 1
7911; 2
7913; 1
7914; 2
7917; 1
7918; 2
7923; 1
7924; 2
7923; 1
7924; 2
7925; 1
7926; 2
7926; 1
7927; 2
7928; 1
7929; 2
7929; 1
7930; 2
7930; 1
7931; 2
7931; 1
7932; 2
7934; 1
7935; 2
7935; 1
7936; 2
7937; 1
7938; 2
7938; 1
7939; 2
7941; 1
7942; 2
7942; 1
7943; 2
7945; 1
7946; 2
7945; 1
7946; 2
7946; 1
7947; 2
7946; 1
7947; 2
7947; 1
7948; 2
7947; 1
7948; 2
7947; 1
7948; 2
7947; 1
7948; 2
7950; 1
7951; 2
7952; 1
7953; 2
7954; 1
7955; 2
7954; 1
7955; 2
7954; 1
7955; 2
7955; 1
7956; 2
7957; 1
7958; 2
7964; 1
7965; 2
7964; 1
7965; 2
7967; 1
7968; 2
7967; 1
7968; 2
7968; 1
7969; 2
7972; 1
7973; 2
7973; 1
7974; 2
7973; 1
7974; 2
7975; 1
7976; 2
7975; 1
7976; 2
7975; 1
7976; 2
7976; 1
7977; 2
7978; 1
7979; 2
7981; 1
7982; 2
7983; 1
7984; 2
7985; 1
7986; 2
7986; 1
7987; 2
7989; 1
7990; 2
7993; 1
7994; 2
7995; 1
7996; 2
7997; 1
7998; 2
8000; 1
8001; 2
8002; 1
8003; 2
8005; 1
8006; 2
8005; 1
8006; 2
8006; 1
8007; 2
8008; 1
8009; 2
8008; 1
8009; 2
8009; 1
8010; 2
8011; 1
8012; 2
8018; 1
8019; 2
8020; 1
8021; 2
8022; 1
8023; 2
8022; 1
8023; 2
8022; 1
8023; 2
8023; 1
8024; 2
8024; 1
8025; 2
8026; 1
8027; 2
8026; 1
8027; 2
8030; 1
8031; 2
8031; 1
8032; 2
8034; 1
8035; 2
8040; 1
8041; 2
8043; 1
8044; 2
8045; 1
8046; 2
8047; 1
8048; 2
8049; 1
8050; 2
8049; 1
8050; 2
8051; 1
8052; 2
8052; 1
8053; 2
8052; 1
8053; 2
8053; 1
8054; 2
8057; 1
8058; 2
8058; 1
8059; 2
8060; 1
8061; 2
8060; 1
8061; 2
8061; 1
8062; 2
8064; 1
8065; 2
8064; 1
8065; 2
8066; 1
8067; 2
8069; 1
8070; 2
8073; 1
8074; 2
8073; 1
8074; 2
8074; 1
8075; 2
8078; 1
8079; 2
8079; 1
8080; 2
8087; 1
8088; 2
8091; 1
8092; 2
8092; 1
8093; 2
8094; 1
8095; 2
8095; 1
8096; 2
8095; 1
8096; 2
8096; 1
8097; 2
8109; 1
8110; 2
8113; 1
8114; 2
8113; 1
8114; 2
8116; 1
8117; 2
8116; 1
8117; 2
8117; 1
8118; 2
8118; 1
8119; 2
8118; 1
8119; 2
8122; 1
8123; 2
8122; 1
8123; 2
8124; 1
8125; 2
8125; 1
8126; 2
8125; 1
8126; 2
8129; 1
8130; 2
8129; 1
8130; 2
8129; 1
8130; 2
8130; 1
8131; 2
8131; 1
8132; 2
8132; 1
8133; 2
8133; 1
8134; 2
8136; 1
8137; 2
8138; 1
8139; 2
8138; 1
8139; 2
8138; 1
8139; 2
8140; 1
8141; 2
8142; 1
8143; 2
8142; 1
8143; 2
8142; 1
8143; 2
8145; 1
8146; 2
8147; 1
8148; 2
8152; 1
8153; 2
8156; 1
8157; 2
8156; 1
8157; 2
8158; 1
8159; 2
8159; 1
8160; 2
8159; 1
8160; 2
8159; 1
8160; 2
8160; 1
8161; 2
8161; 1
8162; 2
8163; 1
8164; 2
8165; 1
8166; 2
8166; 1
8167; 2
8167; 1
8168; 2
8169; 1
8170; 2
8169; 1
8170; 2
8170; 1
8171; 2
8174; 1
8175; 2
8175; 1
8176; 2
8176; 1
8177; 2
8186; 1
8187; 2
8188; 1
8189; 2
8190; 1
8191; 2
8190; 1
8191; 2
8195; 1
8196; 2
8195; 1
8196; 2
8197; 1
8198; 2
8197; 1
8198; 2
8198; 1
8199; 2
8204; 1
8205; 2
8204; 1
8205; 2
8206; 1
8207; 2
8206; 1
8207; 2
8207; 1
8208; 2
8212; 1
8213; 2
8213; 1
8214; 2
8213; 1
8214; 2
8214; 1
8215; 2
8216; 1
8217; 2
8217; 1
8218; 2
8217; 1
8218; 2
8219; 1
8220; 2
8221; 1
8222; 2
8221; 1
8222; 2
8225; 1
8226; 2
8225; 1
8226; 2
8229; 1
8230; 2
8230; 1
8231; 2
8231; 1
8232; 2
8233; 1
8234; 2
8240; 1
8241; 2
8240; 1
8241; 2
8241; 1
8242; 2
8243; 1
8244; 2
8244; 1
8245; 2
8244; 1
8245; 2
8246; 1
8247; 2
8250; 1
8251; 2
8251; 1
8252; 2
8252; 1
8253; 2
8254; 1
8255; 2
8255; 1
8256; 2
8256; 1
8257; 2
8258; 1
8259; 2
8258; 1
8259; 2
8259; 1
8260; 2
8262; 1
8263; 2
8262; 1
8263; 2
8262; 1
8263; 2
8262; 1
8263; 2
8263; 1
8264; 2
8264; 1
8265; 2
8271; 1
8272; 2
8272; 1
8273; 2
8273; 1
8274; 2
8273; 1
8274; 2
8274; 1
8275; 2
8275; 1
8276; 2
8275; 1
8276; 2
8276; 1
8277; 2
8276; 1
8277; 2
8279; 1
8280; 2
8280; 1
8281; 2
8284; 1
8285; 2
8290; 1
8291; 2
8290; 1
8291; 2
8291; 1
8292; 2
8292; 1
8293; 2
8299; 1
8300; 2
8306; 1
8307; 2
8306; 1
8307; 2
8307; 1
8308; 2
8308; 1
8309; 2
8312; 1
8313; 2
8314; 1
8315; 2
8315; 1
8316; 2
8316; 1
8317; 2
8316; 1
8317; 2
8318; 1
8319; 2
8323; 1
8324; 2
8323; 1
8324; 2
8324; 1
8325; 2
8325; 1
8326; 2
8325; 1
8326; 2
8325; 1
8326; 2
8325; 1
8326; 2
8326; 1
8327; 2
8327; 1
8328; 2
8328; 1
8329; 2
8328; 1
8329; 2
8329; 1
8330; 2
8332; 1
8333; 2
8333; 1
8334; 2
8337; 1
8338; 2
8337; 1
8338; 2
8339; 1
8340; 2
8343; 1
8344; 2
8343; 1
8344; 2
8345; 1
8346; 2
8348; 1
8349; 2
8351; 1
8352; 2
8351; 1
8352; 2
8354; 1
8355; 2
8359; 1
8360; 2
8360; 1
8361; 2
8368; 1
8369; 2
8372; 1
8373; 2
8372; 1
8373; 2
8374; 1
8375; 2
8375; 1
8376; 2
8378; 1
8379; 2
8380; 1
8381; 2
8381; 1
8382; 2
8386; 1
8387; 2
8387; 1
8388; 2
8390; 1
8391; 2
8392; 1
8393; 2
8395; 1
8396; 2
8396; 1
8397; 2
8402; 1
8403; 2
8402; 1
8403; 2
8402; 1
8403; 2
8405; 1
8406; 2
8407; 1
8408; 2
8408; 1
8409; 2
8411; 1
8412; 2
8412; 1
8413; 2
8414; 1
8415; 2
8416; 1
8417; 2
8417; 1
8418; 2
8418; 1
8419; 2
8418; 1
8419; 2
8419; 1
8420; 2
8419; 1
8420; 2
8423; 1
8424; 2
8426; 1
8427; 2
8426; 1
8427; 2
8430; 1
8431; 2
8431; 1
8432; 2
8432; 1
8433; 2
8433; 1
8434; 2
8435; 1
8436; 2
8435; 1
8436; 2
8439; 1
8440; 2
8439; 1
8440; 2
8441; 1
8442; 2
8441; 1
8442; 2
8443; 1
8444; 2
8443; 1
8444; 2
8444; 1
8445; 2
8445; 1
8446; 2
8446; 1
8447; 2
8447; 1
8448; 2
8448; 1
8449; 2
8450; 1
8451; 2
8453; 1
8454; 2
8454; 1
8455; 2
8456; 1
8457; 2
8463; 1
8464; 2
8467; 1
8468; 2
8467; 1
8468; 2
8468; 1
8469; 2
8471; 1
8472; 2
8472; 1
8473; 2
8474; 1
8475; 2
8477; 1
8478; 2
8478; 1
8479; 2
8478; 1
8479; 2
8478; 1
8479; 2
8479; 1
8480; 2
8480; 1
8481; 2
8484; 1
8485; 2
8487; 1
8488; 2
8488; 1
8489; 2
8492; 1
8493; 2
8493; 1
8494; 2
8493; 1
8494; 2
8493; 1
8494; 2
8495; 1
8496; 2
8498; 1
8499; 2
8499; 1
8500; 2
8499; 1
8500; 2
8499; 1
8500; 2
8501; 1
8502; 2
8501; 1
8502; 2
8505; 1
8506; 2
8505; 1
8506; 2
8508; 1
8509; 2
8509; 1
8510; 2
8509; 1
8510; 2
8511; 1
8512; 2
8514; 1
8515; 2
8516; 1
8517; 2
8519; 1
8520; 2
8519; 1
8520; 2
8519; 1
8520; 2
8520; 1
8521; 2
8521; 1
8522; 2
8522; 1
8523; 2
8524; 1
8525; 2
8525; 1
8526; 2
8525; 1
8526; 2
8525; 1
8526; 2
8529; 1
8530; 2
8530; 1
8531; 2
8533; 1
8534; 2
8534; 1
8535; 2
8534; 1
8535; 2
8535; 1
8536; 2
8535; 1
8536; 2
8538; 1
8539; 2
8541; 1
8542; 2
8541; 1
8542; 2
8542; 1
8543; 2
8543; 1
8544; 2
8543; 1
8544; 2
8544; 1
8545; 2
8546; 1
8547; 2
8546; 1
8547; 2
8546; 1
8547; 2
8547; 1
8548; 2
8549; 1
8550; 2
8552; 1
8553; 2
8554; 1
8555; 2
8554; 1
8555; 2
8555; 1
8556; 2
8557; 1
8558; 2
8557; 1
8558; 2
8557; 1
8558; 2
8564; 1
8565; 2
8564; 1
8565; 2
8565; 1
8566; 2
8565; 1
8566; 2
8567; 1
8568; 2
8569; 1
8570; 2
8569; 1
8570; 2
8573; 1
8574; 2
8574; 1
8575; 2
8575; 1
8576; 2
8576; 1
8577; 2
8577; 1
8578; 2
8577; 1
8578; 2
8578; 1
8579; 2
8582; 1
8583; 2
8583; 1
8584; 2
8585; 1
8586; 2
8586; 1
8587; 2
8586; 1
8587; 2
8587; 1
8588; 2
8590; 1
8591; 2
8592; 1
8593; 2
8600; 1
8601; 2
8603; 1
8604; 2
8604; 1
8605; 2
8604; 1
8605; 2
8606; 1
8607; 2
8611; 1
8612; 2
8612; 1
8613; 2
8613; 1
8614; 2
8615; 1
8616; 2
8617; 1
8618; 2
8618; 1
8619; 2
8620; 1
8621; 2
8623; 1
8624; 2
8628; 1
8629; 2
8629; 1
8630; 2
8632; 1
8633; 2
8632; 1
8633; 2
8635; 1
8636; 2
8635; 1
8636; 2
8635; 1
8636; 2
8636; 1
8637; 2
8640; 1
8641; 2
8643; 1
8644; 2
8644; 1
8645; 2
8645; 1
8646; 2
8648; 1
8649; 2
8648; 1
8649; 2
8651; 1
8652; 2
8653; 1
8654; 2
8657; 1
8658; 2
8658; 1
8659; 2
8659; 1
8660; 2
8661; 1
8662; 2
8664; 1
8665; 2
8664; 1
8665; 2
8665; 1
8666; 2
8665; 1
8666; 2
8668; 1
8669; 2
8670; 1
8671; 2
8670; 1
8671; 2
8671; 1
8672; 2
8674; 1
8675; 2
8675; 1
8676; 2
8678; 1
8679; 2
8679; 1
8680; 2
8680; 1
8681; 2
8682; 1
8683; 2
8684; 1
8685; 2
8685; 1
8686; 2
8689; 1
8690; 2
8692; 1
8693; 2
8692; 1
8693; 2
8693; 1
8694; 2
8695; 1
8696; 2
8696; 1
8697; 2
8697; 1
8698; 2
8698; 1
8699; 2
8701; 1
8702; 2
8701; 1
8702; 2
8701; 1
8702; 2
8706; 1
8707; 2
8709; 1
8710; 2
8714; 1
8715; 2
8714; 1
8715; 2
8715; 1
8716; 2
8721; 1
8722; 2
8721; 1
8722; 2
8722; 1
8723; 2
8722; 1
8723; 2
8724; 1
8725; 2
8726; 1
8727; 2
8727; 1
8728; 2
8729; 1
8730; 2
8733; 1
8734; 2
8733; 1
8734; 2
8736; 1
8737; 2
8737; 1
8738; 2
8738; 1
8739; 2
8739; 1
8740; 2
8739; 1
8740; 2
8740; 1
8741; 2
8741; 1
8742; 2
8742; 1
8743; 2
8744; 1
8745; 2
8750; 1
8751; 2
8751; 1
8752; 2
8752; 1
8753; 2
8755; 1
8756; 2
8757; 1
8758; 2
8760; 1
8761; 2
8760; 1
8761; 2
8761; 1
8762; 2
8761; 1
8762; 2
8761; 1
8762; 2
8763; 1
8764; 2
8763; 1
8764; 2
8765; 1
8766; 2
8766; 1
8767; 2
8768; 1
8769; 2
8768; 1
8769; 2
8769; 1
8770; 2
8769; 1
8770; 2
8773; 1
8774; 2
8774; 1
8775; 2
8776; 1
8777; 2
8776; 1
8777; 2
8778; 1
8779; 2
8778; 1
8779; 2
8778; 1
8779; 2
8785; 1
8786; 2
8786; 1
8787; 2
8787; 1
8788; 2
8792; 1
8793; 2
8792; 1
8793; 2
8795; 1
8796; 2
8800; 1
8801; 2
8800; 1
8801; 2
8803; 1
8804; 2
8805; 1
8806; 2
8806; 1
8807; 2
8807; 1
8808; 2
8807; 1
8808; 2
8809; 1
8810; 2
8810; 1
8811; 2
8810; 1
8811; 2
8811; 1
8812; 2
8813; 1
8814; 2
8814; 1
8815; 2
8814; 1
8815; 2
8815; 1
8816; 2
8816; 1
8817; 2
8817; 1
8818; 2
8817; 1
8818; 2
8818; 1
8819; 2
8818; 1
8819; 2
8819; 1
8820; 2
8825; 1
8826; 2
8825; 1
8826; 2
8826; 1
8827; 2
8826; 1
8827; 2
8832; 1
8833; 2
8833; 1
8834; 2
8833; 1
8834; 2
8834; 1
8835; 2
8839; 1
8840; 2
8840; 1
8841; 2
8841; 1
8842; 2
8841; 1
8842; 2
8841; 1
8842; 2
8842; 1
8843; 2
8843; 1
8844; 2
8845; 1
8846; 2
8847; 1
8848; 2
8848; 1
8849; 2
8850; 1
8851; 2
8852; 1
8853; 2
8852; 1
8853; 2
8853; 1
8854; 2
8854; 1
8855; 2
8856; 1
8857; 2
8861; 1
8862; 2
8862; 1
8863; 2
8862; 1
8863; 2
8864; 1
8865; 2
8864; 1
8865; 2
8866; 1
8867; 2
8868; 1
8869; 2
8869; 1
8870; 2
8871; 1
8872; 2
8873; 1
8874; 2
8875; 1
8876; 2
8875; 1
8876; 2
8876; 1
8877; 2
8877; 1
8878; 2
8877; 1
8878; 2
8879; 1
8880; 2
8879; 1
8880; 2
8879; 1
8880; 2
8880; 1
8881; 2
8882; 1
8883; 2
8883; 1
8884; 2
8886; 1
8887; 2
8889; 1
8890; 2
8889; 1
8890; 2
8891; 1
8892; 2
8895; 1
8896; 2
8896; 1
8897; 2
8896; 1
8897; 2
8898; 1
8899; 2
8898; 1
8899; 2
8898; 1
8899; 2
8903; 1
8904; 2
8905; 1
8906; 2
8906; 1
8907; 2
8913; 1
8914; 2
8914; 1
8915; 2
8918; 1
8919; 2
8920; 1
8921; 2
8921; 1
8922; 2
8925; 1
8926; 2
8926; 1
8927; 2
8927; 1
8928; 2
8929; 1
8930; 2
8933; 1
8934; 2
8934; 1
8935; 2
8937; 1
8938; 2
8938; 1
8939; 2
8939; 1
8940; 2
8940; 1
8941; 2
8940; 1
8941; 2
8943; 1
8944; 2
8944; 1
8945; 2
8945; 1
8946; 2
8946; 1
8947; 2
8947; 1
8948; 2
8948; 1
8949; 2
8951; 1
8952; 2
8952; 1
8953; 2
8953; 1
8954; 2
8954; 1
8955; 2
8954; 1
8955; 2
8958; 1
8959; 2
8959; 1
8960; 2
8962; 1
8963; 2
8963; 1
8964; 2
8965; 1
8966; 2
8966; 1
8967; 2
8970; 1
8971; 2
8975; 1
8976; 2
8976; 1
8977; 2
8976; 1
8977; 2
8980; 1
8981; 2
8984; 1
8985; 2
8988; 1
8989; 2
8991; 1
8992; 2
8991; 1
8992; 2
8992; 1
8993; 2
8992; 1
8993; 2
8992; 1
8993; 2
8995; 1
8996; 2
8998; 1
8999; 2
9000; 1
9001; 2
9003; 1
9004; 2
9004; 1
9005; 2
9005; 1
9006; 2
9007; 1
9008; 2
9009; 1
9010; 2
9009; 1
9010; 2
9009; 1
9010; 2
9010; 1
9011; 2
9012; 1
9013; 2
9019; 1
9020; 2
9022; 1
9023; 2
9023; 1
9024; 2
9025; 1
9026; 2
9026; 1
9027; 2
9026; 1
9027; 2
9027; 1
9028; 2
9028; 1
9029; 2
9031; 1
9032; 2
9035; 1
9036; 2
9035; 1
9036; 2
9039; 1
9040; 2
9041; 1
9042; 2
9044; 1
9045; 2
9044; 1
9045; 2
9045; 1
9046; 2
9045; 1
9046; 2
9046; 1
9047; 2
9050; 1
9051; 2
9051; 1
9052; 2
9056; 1
9057; 2
9057; 1
9058; 2
9058; 1
9059; 2
9061; 1
9062; 2
9061; 1
9062; 2
9064; 1
9065; 2
9064; 1
9065; 2
9065; 1
9066; 2
9067; 1
9068; 2
9071; 1
9072; 2
9071; 1
9072; 2
9071; 1
9072; 2
9073; 1
9074; 2
9073; 1
9074; 2
9076; 1
9077; 2
9077; 1
9078; 2
9078; 1
9079; 2
9080; 1
9081; 2
9084; 1
9085; 2
9085; 1
9086; 2
9086; 1
9087; 2
9088; 1
9089; 2
9088; 1
9089; 2
9088; 1
9089; 2
9088; 1
9089; 2
9090; 1
9091; 2
9092; 1
9093; 2
9093; 1
9094; 2
9093; 1
9094; 2
9095; 1
9096; 2
9096; 1
9097; 2
9097; 1
9098; 2
9097; 1
9098; 2
9098; 1
9099; 2
9098; 1
9099; 2
9098; 1
9099; 2
9101; 1
9102; 2
9102; 1
9103; 2
9104; 1
9105; 2
9105; 1
9106; 2
9106; 1
9107; 2
9108; 1
9109; 2
9109; 1
9110; 2
9112; 1
9113; 2
9114; 1
9115; 2
9116; 1
9117; 2
9123; 1
9124; 2
9124; 1
9125; 2
9125; 1
9126; 2
9126; 1
9127; 2
9126; 1
9127; 2
9128; 1
9129; 2
9130; 1
9131; 2
9133; 1
9134; 2
9136; 1
9137; 2
9142; 1
9143; 2
9143; 1
9144; 2
9143; 1
9144; 2
9144; 1
9145; 2
9145; 1
9146; 2
9149; 1
9150; 2
9149; 1
9150; 2
9150; 1
9151; 2
9151; 1
9152; 2
9151; 1
9152; 2
9152; 1
9153; 2
9154; 1
9155; 2
9158; 1
9159; 2
9158; 1
9159; 2
9161; 1
9162; 2
9162; 1
9163; 2
9163; 1
9164; 2
9164; 1
9165; 2
9164; 1
9165; 2
9165; 1
9166; 2
9165; 1
9166; 2
9165; 1
9166; 2
9166; 1
9167; 2
9170; 1
9171; 2
9172; 1
9173; 2
9176; 1
9177; 2
9179; 1
9180; 2
9179; 1
9180; 2
9180; 1
9181; 2
9182; 1
9183; 2
9186; 1
9187; 2
9186; 1
9187; 2
9187; 1
9188; 2
9188; 1
9189; 2
9189; 1
9190; 2
9191; 1
9192; 2
9193; 1
9194; 2
9196; 1
9197; 2
9197; 1
9198; 2
9201; 1
9202; 2
9206; 1
9207; 2
9208; 1
9209; 2
9209; 1
9210; 2
9209; 1
9210; 2
9209; 1
9210; 2
9209; 1
9210; 2
9210; 1
9211; 2
9211; 1
9212; 2
9211; 1
9212; 2
9215; 1
9216; 2
9215; 1
9216; 2
9221; 1
9222; 2
9223; 1
9224; 2
9229; 1
9230; 2
9229; 1
9230; 2
9233; 1
9234; 2
9233; 1
9234; 2
9234; 1
9235; 2
9236; 1
9237; 2
9236; 1
9237; 2
9237; 1
9238; 2
9238; 1
9239; 2
9238; 1
9239; 2
9243; 1
9244; 2
9245; 1
9246; 2
9251; 1
9252; 2
9252; 1
9253; 2
9255; 1
9256; 2
9257; 1
9258; 2
9257; 1
9258; 2
9258; 1
9259; 2
9260; 1
9261; 2
9264; 1
9265; 2
9265; 1
9266; 2
9267; 1
9268; 2
9269; 1
9270; 2
9270; 1
9271; 2
9272; 1
9273; 2
9274; 1
9275; 2
9277; 1
9278; 2
9278; 1
9279; 2
9279; 1
9280; 2
9279; 1
9280; 2
9281; 1
9282; 2
9281; 1
9282; 2
9283; 1
9284; 2
9286; 1
9287; 2
9289; 1
9290; 2
9292; 1
9293; 2
9293; 1
9294; 2
9293; 1
9294; 2
9297; 1
9298; 2
9298; 1
9299; 2
9300; 1
9301; 2
9301; 1
9302; 2
9303; 1
9304; 2
9305; 1
9306; 2
9305; 1
9306; 2
9305; 1
9306; 2
9309; 1
9310; 2
9310; 1
9311; 2
9312; 1
9313; 2
9313; 1
9314; 2
9317; 1
9318; 2
9317; 1
9318; 2
9318; 1
9319; 2
9318; 1
9319; 2
9319; 1
9320; 2
9319; 1
9320; 2
9322; 1
9323; 2
9324; 1
9325; 2
9324; 1
9325; 2
9329; 1
9330; 2
9329; 1
9330; 2
9329; 1
9330; 2
9329; 1
9330; 2
9330; 1
9331; 2
9331; 1
9332; 2
9331; 1
9332; 2
9333; 1
9334; 2
9334; 1
9335; 2
9335; 1
9336; 2
9335; 1
9336; 2
9336; 1
9337; 2
9337; 1
9338; 2
9337; 1
9338; 2
9338; 1
9339; 2
9339; 1
9340; 2
9339; 1
9340; 2
9340; 1
9341; 2
9342; 1
9343; 2
9342; 1
9343; 2
9346; 1
9347; 2
9346; 1
9347; 2
9350; 1
9351; 2
9354; 1
9355; 2
9354; 1
9355; 2
9356; 1
9357; 2
9356; 1
9357; 2
9357; 1
9358; 2
9357; 1
9358; 2
9358; 1
9359; 2
9359; 1
9360; 2
9363; 1
9364; 2
9366; 1
9367; 2
9367; 1
9368; 2
9375; 1
9376; 2
9376; 1
9377; 2
9378; 1
9379; 2
9383; 1
9384; 2
9385; 1
9386; 2
9385; 1
9386; 2
9385; 1
9386; 2
9387; 1
9388; 2
9387; 1
9388; 2
9388; 1
9389; 2
9392; 1
9393; 2
9393; 1
9394; 2
9394; 1
9395; 2
9395; 1
9396; 2
9396; 1
9397; 2
9398; 1
9399; 2
9399; 1
9400; 2
9402; 1
9403; 2
9414; 1
9415; 2
9416; 1
9417; 2
9417; 1
9418; 2
9419; 1
9420; 2
9419; 1
9420; 2
9423; 1
9424; 2
9424; 1
9425; 2
9425; 1
9426; 2
9426; 1
9427; 2
9429; 1
9430; 2
9429; 1
9430; 2
9430; 1
9431; 2
9432; 1
9433; 2
9433; 1
9434; 2
9436; 1
9437; 2
9437; 1
9438; 2
9440; 1
9441; 2
9441; 1
9442; 2
9446; 1
9447; 2
9447; 1
9448; 2
9449; 1
9450; 2
9451; 1
9452; 2
9452; 1
9453; 2
9457; 1
9458; 2
9459; 1
9460; 2
9459; 1
9460; 2
9462; 1
9463; 2
9464; 1
9465; 2
9469; 1
9470; 2
9469; 1
9470; 2
9471; 1
9472; 2
9474; 1
9475; 2
9476; 1
9477; 2
9478; 1
9479; 2
9480; 1
9481; 2
9480; 1
9481; 2
9481; 1
9482; 2
9482; 1
9483; 2
9483; 1
9484; 2
9486; 1
9487; 2
9486; 1
9487; 2
9489; 1
9490; 2
9490; 1
9491; 2
9490; 1
9491; 2
9492; 1
9493; 2
9492; 1
9493; 2
9493; 1
9494; 2
9494; 1
9495; 2
9496; 1
9497; 2
9499; 1
9500; 2
9501; 1
9502; 2
9501; 1
9502; 2
9501; 1
9502; 2
9503; 1
9504; 2
9505; 1
9506; 2
9505; 1
9506; 2
9505; 1
9506; 2
9505; 1
9506; 2
9507; 1
9508; 2
9509; 1
9510; 2
9509; 1
9510; 2
9511; 1
9512; 2
9511; 1
9512; 2
9511; 1
9512; 2
9513; 1
9514; 2
9514; 1
9515; 2
9514; 1
9515; 2
9514; 1
9515; 2
9515; 1
9516; 2
9517; 1
9518; 2
9517; 1
9518; 2
9517; 1
9518; 2
9518; 1
9519; 2
9521; 1
9522; 2
9523; 1
9524; 2
9524; 1
9525; 2
9531; 1
9532; 2
9531; 1
9532; 2
9532; 1
9533; 2
9533; 1
9534; 2
9534; 1
9535; 2
9536; 1
9537; 2
9537; 1
9538; 2
9537; 1
9538; 2
9537; 1
9538; 2
9538; 1
9539; 2
9539; 1
9540; 2
9540; 1
9541; 2
9540; 1
9541; 2
9542; 1
9543; 2
9545; 1
9546; 2
9550; 1
9551; 2
9550; 1
9551; 2
9551; 1
9552; 2
9551; 1
9552; 2
9553; 1
9554; 2
9553; 1
9554; 2
9559; 1
9560; 2
9560; 1
9561; 2
9563; 1
9564; 2
9563; 1
9564; 2
9567; 1
9568; 2
9568; 1
9569; 2
9569; 1
9570; 2
9571; 1
9572; 2
9571; 1
9572; 2
9573; 1
9574; 2
9574; 1
9575; 2
9574; 1
9575; 2
9575; 1
9576; 2
9577; 1
9578; 2
9579; 1
9580; 2
9579; 1
9580; 2
9582; 1
9583; 2
9585; 1
9586; 2
9587; 1
9588; 2
9587; 1
9588; 2
9589; 1
9590; 2
9590; 1
9591; 2
9590; 1
9591; 2
9592; 1
9593; 2
9594; 1
9595; 2
9595; 1
9596; 2
9595; 1
9596; 2
9596; 1
9597; 2
9596; 1
9597; 2
9597; 1
9598; 2
9597; 1
9598; 2
9598; 1
9599; 2
9598; 1
9599; 2
9599; 1
9600; 2
9600; 1
9601; 2
9602; 1
9603; 2
9602; 1
9603; 2
9602; 1
9603; 2
9603; 1
9604; 2
9603; 1
9604; 2
9606; 1
9607; 2
9610; 1
9611; 2
9611; 1
9612; 2
9612; 1
9613; 2
9616; 1
9617; 2
9618; 1
9619; 2
9619; 1
9620; 2
9619; 1
9620; 2
9620; 1
9621; 2
9625; 1
9626; 2
9625; 1
9626; 2
9626; 1
9627; 2
9626; 1
9627; 2
9628; 1
9629; 2
9630; 1
9631; 2
9630; 1
9631; 2
9631; 1
9632; 2
9633; 1
9634; 2
9634; 1
9635; 2
9636; 1
9637; 2
9637; 1
9638; 2
9638; 1
9639; 2
9639; 1
9640; 2
9639; 1
9640; 2
9640; 1
9641; 2
9642; 1
9643; 2
9643; 1
9644; 2
9644; 1
9645; 2
9644; 1
9645; 2
9644; 1
9645; 2
9645; 1
9646; 2
9645; 1
9646; 2
9646; 1
9647; 2
9647; 1
9648; 2
9649; 1
9650; 2
9649; 1
9650; 2
9653; 1
9654; 2
9655; 1
9656; 2
9663; 1
9664; 2
9664; 1
9665; 2
9666; 1
9667; 2
9666; 1
9667; 2
9667; 1
9668; 2
9667; 1
9668; 2
9669; 1
9670; 2
9670; 1
9671; 2
9672; 1
9673; 2
9673; 1
9674; 2
9675; 1
9676; 2
9676; 1
9677; 2
9676; 1
9677; 2
9677; 1
9678; 2
9682; 1
9683; 2
9686; 1
9687; 2
9686; 1
9687; 2
9687; 1
9688; 2
9688; 1
9689; 2
9689; 1
9690; 2
9695; 1
9696; 2
9699; 1
9700; 2
9700; 1
9701; 2
9702; 1
9703; 2
9703; 1
9704; 2
9703; 1
9704; 2
9703; 1
9704; 2
9704; 1
9705; 2
9705; 1
9706; 2
9706; 1
9707; 2
9709; 1
9710; 2
9714; 1
9715; 2
9714; 1
9715; 2
9718; 1
9719; 2
9720; 1
9721; 2
9721; 1
9722; 2
9723; 1
9724; 2
9724; 1
9725; 2
9724; 1
9725; 2
9726; 1
9727; 2
9727; 1
9728; 2
9728; 1
9729; 2
9728; 1
9729; 2
9730; 1
9731; 2
9730; 1
9731; 2
9731; 1
9732; 2
9731; 1
9732; 2
9731; 1
9732; 2
9734; 1
9735; 2
9736; 1
9737; 2
9737; 1
9738; 2
9738; 1
9739; 2
9739; 1
9740; 2
9742; 1
9743; 2
9743; 1
9744; 2
9743; 1
9744; 2
9745; 1
9746; 2
9745; 1
9746; 2
9748; 1
9749; 2
9748; 1
9749; 2
9750; 1
9751; 2
9755; 1
9756; 2
9756; 1
9757; 2
9756; 1
9757; 2
9758; 1
9759; 2
9758; 1
9759; 2
9759; 1
9760; 2
9760; 1
9761; 2
9760; 1
9761; 2
9761; 1
9762; 2
9763; 1
9764; 2
9763; 1
9764; 2
9763; 1
9764; 2
9763; 1
9764; 2
9769; 1
9770; 2
9769; 1
9770; 2
9770; 1
9771; 2
9770; 1
9771; 2
9771; 1
9772; 2
9771; 1
9772; 2
9772; 1
9773; 2
9774; 1
9775; 2
9777; 1
9778; 2
9781; 1
9782; 2
9782; 1
9783; 2
9783; 1
9784; 2
9786; 1
9787; 2
9786; 1
9787; 2
9788; 1
9789; 2
9790; 1
9791; 2
9790; 1
9791; 2
9791; 1
9792; 2
9794; 1
9795; 2
9796; 1
9797; 2
9799; 1
9800; 2
9800; 1
9801; 2
9800; 1
9801; 2
9801; 1
9802; 2
9802; 1
9803; 2
9802; 1
9803; 2
9802; 1
9803; 2
9804; 1
9805; 2
9807; 1
9808; 2
9810; 1
9811; 2
9818; 1
9819; 2
9818; 1
9819; 2
9820; 1
9821; 2
9820; 1
9821; 2
9820; 1
9821; 2
9823; 1
9824; 2
9828; 1
9829; 2
9828; 1
9829; 2
9833; 1
9834; 2
9838; 1
9839; 2
9841; 1
9842; 2
9842; 1
9843; 2
9843; 1
9844; 2
9844; 1
9845; 2
9844; 1
9845; 2
9844; 1
9845; 2
9845; 1
9846; 2
9846; 1
9847; 2
9846; 1
9847; 2
9846; 1
9847; 2
9846; 1
9847; 2
9850; 1
9851; 2
9851; 1
9852; 2
9853; 1
9854; 2
9854; 1
9855; 2
9854; 1
9855; 2
9855; 1
9856; 2
9857; 1
9858; 2
9858; 1
9859; 2
9859; 1
9860; 2
9860; 1
9861; 2
9861; 1
9862; 2
9861; 1
9862; 2
9862; 1
9863; 2
9865; 1
9866; 2
9866; 1
9867; 2
9870; 1
9871; 2
9871; 1
9872; 2
9871; 1
9872; 2
9872; 1
9873; 2
9873; 1
9874; 2
9873; 1
9874; 2
9874; 1
9875; 2
9874; 1
9875; 2
9876; 1
9877; 2
9877; 1
9878; 2
9877; 1
9878; 2
9877; 1
9878; 2
9878; 1
9879; 2
9882; 1
9883; 2
9882; 1
9883; 2
9887; 1
9888; 2
9887; 1
9888; 2
9887; 1
9888; 2
9889; 1
9890; 2
9890; 1
9891; 2
9893; 1
9894; 2
9894; 1
9895; 2
9896; 1
9897; 2
9896; 1
9897; 2
9896; 1
9897; 2
9897; 1
9898; 2
9899; 1
9900; 2
9900; 1
9901; 2
9904; 1
9905; 2
9906; 1
9907; 2
9906; 1
9907; 2
9906; 1
9907; 2
9907; 1
9908; 2
9908; 1
9909; 2
9909; 1
9910; 2
9911; 1
9912; 2
9911; 1
9912; 2
9912; 1
9913; 2
9917; 1
9918; 2
9918; 1
9919; 2
9920; 1
9921; 2
9923; 1
9924; 2
9923; 1
9924; 2
9924; 1
9925; 2
9925; 1
9926; 2
9926; 1
9927; 2
9929; 1
9930; 2
9932; 1
9933; 2
9933; 1
9934; 2
9935; 1
9936; 2
9936; 1
9937; 2
9937; 1
9938; 2
9938; 1
9939; 2
9940; 1
9941; 2
9944; 1
9945; 2
9946; 1
9947; 2
9951; 1
9952; 2
9951; 1
9952; 2
9955; 1
9956; 2
9956; 1
9957; 2
9957; 1
9958; 2
9957; 1
9958; 2
9958; 1
9959; 2
9958; 1
9959; 2
9967; 1
9968; 2
9972; 1
9973; 2
9973; 1
9974; 2
9974; 1
9975; 2
9976; 1
9977; 2
9977; 1
9978; 2
9979; 1
9980; 2
9983; 1
9984; 2
9986; 1
9987; 2
9990; 1
9991; 2
9994; 1
9995; 2
9999; 1
10000; 2
10008; 1
10009; 2
10012; 1
10013; 2
10013; 1
10014; 2
10015; 1
10016; 2
10017; 1
10018; 2
10018; 1
10019; 2
10018; 1
10019; 2
10018; 1
10019; 2
10019; 1
10020; 2
10019; 1
10020; 2
10021; 1
10022; 2
10024; 1
10025; 2
10026; 1
10027; 2
