Sequence of timestamped events V1.0
Stream 9
Id =9
Name = Camera_9
Tbegin = 0
Tend = 10000
Count = 6000
37; 1
39; 2
39; 1
41; 2
43; 1
45; 2
43; 1
45; 2
44; 1
46; 2
46; 1
48; 2
47; 1
49; 2
48; 1
50; 2
50; 1
52; 2
52; 1
54; 2
52; 1
54; 2
53; 1
55; 2
53; 1
55; 2
53; 1
55; 2
53; 1
55; 2
54; 1
56; 2
55; 1
57; 2
57; 1
59; 2
58; 1
60; 2
60; 1
62; 2
64; 1
66; 2
64; 1
66; 2
67; 1
69; 2
68; 1
70; 2
68; 1
70; 2
68; 1
70; 2
73; 1
75; 2
77; 1
79; 2
77; 1
79; 2
78; 1
80; 2
79; 1
81; 2
81; 1
83; 2
82; 1
84; 2
83; 1
85; 2
83; 1
85; 2
87; 1
89; 2
91; 1
93; 2
95; 1
97; 2
96; 1
98; 2
98; 1
100; 2
99; 1
101; 2
101; 1
103; 2
102; 1
104; 2
104; 1
106; 2
104; 1
106; 2
106; 1
108; 2
106; 1
108; 2
106; 1
108; 2
106; 1
108; 2
106; 1
108; 2
107; 1
109; 2
109; 1
111; 2
110; 1
112; 2
111; 1
113; 2
113; 1
115; 2
114; 1
116; 2
114; 1
116; 2
115; 1
117; 2
119; 1
121; 2
124; 1
126; 2
125; 1
127; 2
126; 1
128; 2
127; 1
129; 2
129; 1
131; 2
131; 1
133; 2
136; 1
138; 2
136; 1
138; 2
140; 1
142; 2
140; 1
142; 2
142; 1
144; 2
142; 1
144; 2
142; 1
144; 2
143; 1
145; 2
145; 1
147; 2
145; 1
147; 2
147; 1
149; 2
148; 1
150; 2
148; 1
150; 2
149; 1
151; 2
150; 1
152; 2
151; 1
153; 2
154; 1
156; 2
154; 1
156; 2
155; 1
157; 2
157; 1
159; 2
158; 1
160; 2
158; 1
160; 2
159; 1
161; 2
161; 1
163; 2
162; 1
164; 2
163; 1
165; 2
165; 1
167; 2
166; 1
168; 2
167; 1
169; 2
167; 1
169; 2
168; 1
170; 2
170; 1
172; 2
171; 1
173; 2
172; 1
174; 2
172; 1
174; 2
173; 1
175; 2
174; 1
176; 2
177; 1
179; 2
177; 1
179; 2
178; 1
180; 2
179; 1
181; 2
179; 1
181; 2
179; 1
181; 2
180; 1
182; 2
180; 1
182; 2
182; 1
184; 2
183; 1
185; 2
183; 1
185; 2
184; 1
186; 2
184; 1
186; 2
185; 1
187; 2
186; 1
188; 2
191; 1
193; 2
191; 1
193; 2
194; 1
196; 2
202; 1
204; 2
203; 1
205; 2
203; 1
205; 2
204; 1
206; 2
208; 1
210; 2
208; 1
210; 2
209; 1
211; 2
210; 1
212; 2
210; 1
212; 2
211; 1
213; 2
213; 1
215; 2
216; 1
218; 2
218; 1
220; 2
219; 1
221; 2
220; 1
222; 2
224; 1
226; 2
224; 1
226; 2
224; 1
226; 2
225; 1
227; 2
225; 1
227; 2
228; 1
230; 2
229; 1
231; 2
229; 1
231; 2
234; 1
236; 2
235; 1
237; 2
235; 1
237; 2
237; 1
239; 2
237; 1
239; 2
239; 1
241; 2
240; 1
242; 2
241; 1
243; 2
242; 1
244; 2
245; 1
247; 2
248; 1
250; 2
248; 1
250; 2
251; 1
253; 2
251; 1
253; 2
254; 1
256; 2
256; 1
258; 2
258; 1
260; 2
258; 1
260; 2
258; 1
260; 2
259; 1
261; 2
259; 1
261; 2
262; 1
264; 2
263; 1
265; 2
263; 1
265; 2
275; 1
277; 2
277; 1
279; 2
279; 1
281; 2
280; 1
282; 2
282; 1
284; 2
282; 1
284; 2
282; 1
284; 2
294; 1
296; 2
295; 1
297; 2
296; 1
298; 2
298; 1
300; 2
302; 1
304; 2
303; 1
305; 2
303; 1
305; 2
304; 1
306; 2
304; 1
306; 2
306; 1
308; 2
307; 1
309; 2
310; 1
312; 2
316; 1
318; 2
317; 1
319; 2
320; 1
322; 2
321; 1
323; 2
324; 1
326; 2
325; 1
327; 2
333; 1
335; 2
334; 1
336; 2
337; 1
339; 2
337; 1
339; 2
339; 1
341; 2
340; 1
342; 2
346; 1
348; 2
354; 1
356; 2
355; 1
357; 2
358; 1
360; 2
358; 1
360; 2
358; 1
360; 2
369; 1
371; 2
371; 1
373; 2
372; 1
374; 2
375; 1
377; 2
381; 1
383; 2
385; 1
387; 2
389; 1
391; 2
389; 1
391; 2
390; 1
392; 2
391; 1
393; 2
394; 1
396; 2
398; 1
400; 2
399; 1
401; 2
405; 1
407; 2
409; 1
411; 2
411; 1
413; 2
412; 1
414; 2
417; 1
419; 2
418; 1
420; 2
420; 1
422; 2
422; 1
424; 2
423; 1
425; 2
423; 1
425; 2
424; 1
426; 2
425; 1
427; 2
431; 1
433; 2
434; 1
436; 2
437; 1
439; 2
438; 1
440; 2
443; 1
445; 2
444; 1
446; 2
448; 1
450; 2
448; 1
450; 2
449; 1
451; 2
450; 1
452; 2
454; 1
456; 2
454; 1
456; 2
458; 1
460; 2
459; 1
461; 2
460; 1
462; 2
461; 1
463; 2
461; 1
463; 2
462; 1
464; 2
464; 1
466; 2
471; 1
473; 2
474; 1
476; 2
474; 1
476; 2
476; 1
478; 2
477; 1
479; 2
478; 1
480; 2
485; 1
487; 2
489; 1
491; 2
490; 1
492; 2
491; 1
493; 2
492; 1
494; 2
493; 1
495; 2
493; 1
495; 2
493; 1
495; 2
494; 1
496; 2
495; 1
497; 2
495; 1
497; 2
496; 1
498; 2
498; 1
500; 2
501; 1
503; 2
504; 1
506; 2
504; 1
506; 2
505; 1
507; 2
510; 1
512; 2
511; 1
513; 2
512; 1
514; 2
513; 1
515; 2
514; 1
516; 2
520; 1
522; 2
521; 1
523; 2
523; 1
525; 2
527; 1
529; 2
528; 1
530; 2
528; 1
530; 2
529; 1
531; 2
531; 1
533; 2
535; 1
537; 2
536; 1
538; 2
538; 1
540; 2
540; 1
542; 2
544; 1
546; 2
545; 1
547; 2
549; 1
551; 2
551; 1
553; 2
551; 1
553; 2
552; 1
554; 2
552; 1
554; 2
555; 1
557; 2
559; 1
561; 2
559; 1
561; 2
560; 1
562; 2
561; 1
563; 2
564; 1
566; 2
564; 1
566; 2
564; 1
566; 2
565; 1
567; 2
565; 1
567; 2
570; 1
572; 2
570; 1
572; 2
572; 1
574; 2
573; 1
575; 2
574; 1
576; 2
577; 1
579; 2
577; 1
579; 2
577; 1
579; 2
578; 1
580; 2
579; 1
581; 2
582; 1
584; 2
586; 1
588; 2
589; 1
591; 2
590; 1
592; 2
593; 1
595; 2
593; 1
595; 2
596; 1
598; 2
597; 1
599; 2
598; 1
600; 2
600; 1
602; 2
602; 1
604; 2
605; 1
607; 2
605; 1
607; 2
605; 1
607; 2
606; 1
608; 2
607; 1
609; 2
610; 1
612; 2
612; 1
614; 2
612; 1
614; 2
614; 1
616; 2
614; 1
616; 2
614; 1
616; 2
616; 1
618; 2
619; 1
621; 2
620; 1
622; 2
621; 1
623; 2
622; 1
624; 2
622; 1
624; 2
623; 1
625; 2
623; 1
625; 2
623; 1
625; 2
624; 1
626; 2
625; 1
627; 2
627; 1
629; 2
629; 1
631; 2
632; 1
634; 2
632; 1
634; 2
633; 1
635; 2
636; 1
638; 2
642; 1
644; 2
645; 1
647; 2
646; 1
648; 2
646; 1
648; 2
648; 1
650; 2
650; 1
652; 2
650; 1
652; 2
653; 1
655; 2
656; 1
658; 2
656; 1
658; 2
658; 1
660; 2
661; 1
663; 2
661; 1
663; 2
662; 1
664; 2
668; 1
670; 2
670; 1
672; 2
671; 1
673; 2
671; 1
673; 2
673; 1
675; 2
673; 1
675; 2
675; 1
677; 2
675; 1
677; 2
677; 1
679; 2
677; 1
679; 2
679; 1
681; 2
686; 1
688; 2
687; 1
689; 2
688; 1
690; 2
690; 1
692; 2
691; 1
693; 2
693; 1
695; 2
693; 1
695; 2
701; 1
703; 2
702; 1
704; 2
704; 1
706; 2
704; 1
706; 2
706; 1
708; 2
708; 1
710; 2
711; 1
713; 2
712; 1
714; 2
712; 1
714; 2
713; 1
715; 2
713; 1
715; 2
714; 1
716; 2
714; 1
716; 2
714; 1
716; 2
714; 1
716; 2
714; 1
716; 2
716; 1
718; 2
716; 1
718; 2
719; 1
721; 2
720; 1
722; 2
722; 1
724; 2
723; 1
725; 2
724; 1
726; 2
726; 1
728; 2
731; 1
733; 2
733; 1
735; 2
742; 1
744; 2
745; 1
747; 2
748; 1
750; 2
748; 1
750; 2
750; 1
752; 2
751; 1
753; 2
753; 1
755; 2
753; 1
755; 2
755; 1
757; 2
756; 1
758; 2
756; 1
758; 2
757; 1
759; 2
762; 1
764; 2
762; 1
764; 2
763; 1
765; 2
764; 1
766; 2
767; 1
769; 2
768; 1
770; 2
770; 1
772; 2
772; 1
774; 2
772; 1
774; 2
774; 1
776; 2
775; 1
777; 2
780; 1
782; 2
784; 1
786; 2
784; 1
786; 2
786; 1
788; 2
789; 1
791; 2
791; 1
793; 2
793; 1
795; 2
793; 1
795; 2
795; 1
797; 2
796; 1
798; 2
796; 1
798; 2
797; 1
799; 2
797; 1
799; 2
799; 1
801; 2
800; 1
802; 2
800; 1
802; 2
804; 1
806; 2
807; 1
809; 2
809; 1
811; 2
809; 1
811; 2
809; 1
811; 2
810; 1
812; 2
810; 1
812; 2
810; 1
812; 2
818; 1
820; 2
818; 1
820; 2
820; 1
822; 2
821; 1
823; 2
823; 1
825; 2
823; 1
825; 2
827; 1
829; 2
829; 1
831; 2
829; 1
831; 2
833; 1
835; 2
835; 1
837; 2
835; 1
837; 2
837; 1
839; 2
838; 1
840; 2
839; 1
841; 2
839; 1
841; 2
840; 1
842; 2
846; 1
848; 2
846; 1
848; 2
847; 1
849; 2
849; 1
851; 2
850; 1
852; 2
850; 1
852; 2
850; 1
852; 2
851; 1
853; 2
852; 1
854; 2
852; 1
854; 2
854; 1
856; 2
856; 1
858; 2
857; 1
859; 2
858; 1
860; 2
863; 1
865; 2
865; 1
867; 2
866; 1
868; 2
867; 1
869; 2
871; 1
873; 2
876; 1
878; 2
879; 1
881; 2
881; 1
883; 2
881; 1
883; 2
881; 1
883; 2
882; 1
884; 2
883; 1
885; 2
887; 1
889; 2
887; 1
889; 2
887; 1
889; 2
888; 1
890; 2
893; 1
895; 2
895; 1
897; 2
896; 1
898; 2
898; 1
900; 2
900; 1
902; 2
901; 1
903; 2
902; 1
904; 2
910; 1
912; 2
916; 1
918; 2
916; 1
918; 2
916; 1
918; 2
919; 1
921; 2
921; 1
923; 2
922; 1
924; 2
923; 1
925; 2
926; 1
928; 2
930; 1
932; 2
931; 1
933; 2
931; 1
933; 2
934; 1
936; 2
937; 1
939; 2
938; 1
940; 2
941; 1
943; 2
942; 1
944; 2
943; 1
945; 2
945; 1
947; 2
949; 1
951; 2
951; 1
953; 2
951; 1
953; 2
952; 1
954; 2
953; 1
955; 2
954; 1
956; 2
954; 1
956; 2
955; 1
957; 2
956; 1
958; 2
956; 1
958; 2
956; 1
958; 2
957; 1
959; 2
959; 1
961; 2
962; 1
964; 2
962; 1
964; 2
962; 1
964; 2
963; 1
965; 2
965; 1
967; 2
965; 1
967; 2
965; 1
967; 2
968; 1
970; 2
968; 1
970; 2
971; 1
973; 2
974; 1
976; 2
974; 1
976; 2
976; 1
978; 2
976; 1
978; 2
978; 1
980; 2
980; 1
982; 2
983; 1
985; 2
984; 1
986; 2
985; 1
987; 2
985; 1
987; 2
988; 1
990; 2
989; 1
991; 2
990; 1
992; 2
992; 1
994; 2
993; 1
995; 2
995; 1
997; 2
995; 1
997; 2
998; 1
1000; 2
1000; 1
1002; 2
1006; 1
1008; 2
1009; 1
1011; 2
1009; 1
1011; 2
1010; 1
1012; 2
1011; 1
1013; 2
1016; 1
1018; 2
1019; 1
1021; 2
1019; 1
1021; 2
1022; 1
1024; 2
1022; 1
1024; 2
1023; 1
1025; 2
1024; 1
1026; 2
1024; 1
1026; 2
1026; 1
1028; 2
1027; 1
1029; 2
1028; 1
1030; 2
1028; 1
1030; 2
1030; 1
1032; 2
1030; 1
1032; 2
1033; 1
1035; 2
1034; 1
1036; 2
1037; 1
1039; 2
1037; 1
1039; 2
1039; 1
1041; 2
1041; 1
1043; 2
1043; 1
1045; 2
1044; 1
1046; 2
1046; 1
1048; 2
1049; 1
1051; 2
1050; 1
1052; 2
1051; 1
1053; 2
1055; 1
1057; 2
1059; 1
1061; 2
1062; 1
1064; 2
1062; 1
1064; 2
1066; 1
1068; 2
1066; 1
1068; 2
1069; 1
1071; 2
1069; 1
1071; 2
1070; 1
1072; 2
1071; 1
1073; 2
1071; 1
1073; 2
1076; 1
1078; 2
1076; 1
1078; 2
1078; 1
1080; 2
1085; 1
1087; 2
1086; 1
1088; 2
1086; 1
1088; 2
1089; 1
1091; 2
1089; 1
1091; 2
1091; 1
1093; 2
1094; 1
1096; 2
1099; 1
1101; 2
1101; 1
1103; 2
1101; 1
1103; 2
1102; 1
1104; 2
1111; 1
1113; 2
1112; 1
1114; 2
1113; 1
1115; 2
1115; 1
1117; 2
1115; 1
1117; 2
1116; 1
1118; 2
1118; 1
1120; 2
1118; 1
1120; 2
1118; 1
1120; 2
1122; 1
1124; 2
1123; 1
1125; 2
1124; 1
1126; 2
1128; 1
1130; 2
1129; 1
1131; 2
1132; 1
1134; 2
1135; 1
1137; 2
1138; 1
1140; 2
1140; 1
1142; 2
1142; 1
1144; 2
1146; 1
1148; 2
1147; 1
1149; 2
1149; 1
1151; 2
1151; 1
1153; 2
1154; 1
1156; 2
1157; 1
1159; 2
1157; 1
1159; 2
1160; 1
1162; 2
1161; 1
1163; 2
1165; 1
1167; 2
1171; 1
1173; 2
1171; 1
1173; 2
1172; 1
1174; 2
1175; 1
1177; 2
1177; 1
1179; 2
1177; 1
1179; 2
1178; 1
1180; 2
1179; 1
1181; 2
1181; 1
1183; 2
1181; 1
1183; 2
1183; 1
1185; 2
1184; 1
1186; 2
1185; 1
1187; 2
1185; 1
1187; 2
1187; 1
1189; 2
1188; 1
1190; 2
1191; 1
1193; 2
1191; 1
1193; 2
1192; 1
1194; 2
1194; 1
1196; 2
1196; 1
1198; 2
1198; 1
1200; 2
1198; 1
1200; 2
1199; 1
1201; 2
1199; 1
1201; 2
1199; 1
1201; 2
1201; 1
1203; 2
1202; 1
1204; 2
1203; 1
1205; 2
1204; 1
1206; 2
1206; 1
1208; 2
1208; 1
1210; 2
1208; 1
1210; 2
1213; 1
1215; 2
1215; 1
1217; 2
1216; 1
1218; 2
1216; 1
1218; 2
1217; 1
1219; 2
1222; 1
1224; 2
1222; 1
1224; 2
1224; 1
1226; 2
1225; 1
1227; 2
1226; 1
1228; 2
1227; 1
1229; 2
1229; 1
1231; 2
1229; 1
1231; 2
1229; 1
1231; 2
1229; 1
1231; 2
1230; 1
1232; 2
1231; 1
1233; 2
1232; 1
1234; 2
1232; 1
1234; 2
1233; 1
1235; 2
1234; 1
1236; 2
1235; 1
1237; 2
1245; 1
1247; 2
1249; 1
1251; 2
1251; 1
1253; 2
1254; 1
1256; 2
1256; 1
1258; 2
1258; 1
1260; 2
1260; 1
1262; 2
1265; 1
1267; 2
1266; 1
1268; 2
1269; 1
1271; 2
1270; 1
1272; 2
1270; 1
1272; 2
1270; 1
1272; 2
1272; 1
1274; 2
1273; 1
1275; 2
1273; 1
1275; 2
1274; 1
1276; 2
1276; 1
1278; 2
1277; 1
1279; 2
1278; 1
1280; 2
1278; 1
1280; 2
1280; 1
1282; 2
1283; 1
1285; 2
1283; 1
1285; 2
1284; 1
1286; 2
1284; 1
1286; 2
1285; 1
1287; 2
1285; 1
1287; 2
1285; 1
1287; 2
1286; 1
1288; 2
1287; 1
1289; 2
1288; 1
1290; 2
1288; 1
1290; 2
1288; 1
1290; 2
1292; 1
1294; 2
1292; 1
1294; 2
1294; 1
1296; 2
1296; 1
1298; 2
1297; 1
1299; 2
1298; 1
1300; 2
1299; 1
1301; 2
1301; 1
1303; 2
1302; 1
1304; 2
1302; 1
1304; 2
1303; 1
1305; 2
1304; 1
1306; 2
1307; 1
1309; 2
1312; 1
1314; 2
1312; 1
1314; 2
1312; 1
1314; 2
1315; 1
1317; 2
1317; 1
1319; 2
1317; 1
1319; 2
1321; 1
1323; 2
1322; 1
1324; 2
1324; 1
1326; 2
1325; 1
1327; 2
1328; 1
1330; 2
1330; 1
1332; 2
1330; 1
1332; 2
1330; 1
1332; 2
1332; 1
1334; 2
1337; 1
1339; 2
1337; 1
1339; 2
1337; 1
1339; 2
1337; 1
1339; 2
1341; 1
1343; 2
1341; 1
1343; 2
1344; 1
1346; 2
1345; 1
1347; 2
1346; 1
1348; 2
1347; 1
1349; 2
1348; 1
1350; 2
1350; 1
1352; 2
1351; 1
1353; 2
1352; 1
1354; 2
1353; 1
1355; 2
1354; 1
1356; 2
1354; 1
1356; 2
1355; 1
1357; 2
1355; 1
1357; 2
1355; 1
1357; 2
1355; 1
1357; 2
1356; 1
1358; 2
1356; 1
1358; 2
1357; 1
1359; 2
1359; 1
1361; 2
1360; 1
1362; 2
1365; 1
1367; 2
1366; 1
1368; 2
1368; 1
1370; 2
1369; 1
1371; 2
1370; 1
1372; 2
1370; 1
1372; 2
1371; 1
1373; 2
1371; 1
1373; 2
1371; 1
1373; 2
1373; 1
1375; 2
1373; 1
1375; 2
1374; 1
1376; 2
1374; 1
1376; 2
1380; 1
1382; 2
1381; 1
1383; 2
1382; 1
1384; 2
1383; 1
1385; 2
1383; 1
1385; 2
1384; 1
1386; 2
1384; 1
1386; 2
1386; 1
1388; 2
1387; 1
1389; 2
1388; 1
1390; 2
1389; 1
1391; 2
1391; 1
1393; 2
1393; 1
1395; 2
1394; 1
1396; 2
1394; 1
1396; 2
1394; 1
1396; 2
1396; 1
1398; 2
1397; 1
1399; 2
1400; 1
1402; 2
1401; 1
1403; 2
1402; 1
1404; 2
1403; 1
1405; 2
1403; 1
1405; 2
1407; 1
1409; 2
1409; 1
1411; 2
1411; 1
1413; 2
1413; 1
1415; 2
1413; 1
1415; 2
1415; 1
1417; 2
1418; 1
1420; 2
1418; 1
1420; 2
1420; 1
1422; 2
1421; 1
1423; 2
1423; 1
1425; 2
1424; 1
1426; 2
1424; 1
1426; 2
1424; 1
1426; 2
1426; 1
1428; 2
1428; 1
1430; 2
1428; 1
1430; 2
1431; 1
1433; 2
1434; 1
1436; 2
1434; 1
1436; 2
1435; 1
1437; 2
1436; 1
1438; 2
1441; 1
1443; 2
1444; 1
1446; 2
1454; 1
1456; 2
1456; 1
1458; 2
1456; 1
1458; 2
1457; 1
1459; 2
1459; 1
1461; 2
1461; 1
1463; 2
1461; 1
1463; 2
1462; 1
1464; 2
1463; 1
1465; 2
1464; 1
1466; 2
1466; 1
1468; 2
1467; 1
1469; 2
1468; 1
1470; 2
1469; 1
1471; 2
1469; 1
1471; 2
1470; 1
1472; 2
1474; 1
1476; 2
1475; 1
1477; 2
1481; 1
1483; 2
1482; 1
1484; 2
1482; 1
1484; 2
1483; 1
1485; 2
1484; 1
1486; 2
1485; 1
1487; 2
1488; 1
1490; 2
1490; 1
1492; 2
1490; 1
1492; 2
1493; 1
1495; 2
1493; 1
1495; 2
1495; 1
1497; 2
1498; 1
1500; 2
1498; 1
1500; 2
1500; 1
1502; 2
1501; 1
1503; 2
1502; 1
1504; 2
1503; 1
1505; 2
1503; 1
1505; 2
1504; 1
1506; 2
1504; 1
1506; 2
1506; 1
1508; 2
1506; 1
1508; 2
1507; 1
1509; 2
1508; 1
1510; 2
1508; 1
1510; 2
1509; 1
1511; 2
1510; 1
1512; 2
1512; 1
1514; 2
1516; 1
1518; 2
1517; 1
1519; 2
1517; 1
1519; 2
1519; 1
1521; 2
1520; 1
1522; 2
1523; 1
1525; 2
1524; 1
1526; 2
1525; 1
1527; 2
1525; 1
1527; 2
1527; 1
1529; 2
1531; 1
1533; 2
1533; 1
1535; 2
1534; 1
1536; 2
1537; 1
1539; 2
1539; 1
1541; 2
1539; 1
1541; 2
1540; 1
1542; 2
1542; 1
1544; 2
1544; 1
1546; 2
1544; 1
1546; 2
1546; 1
1548; 2
1553; 1
1555; 2
1554; 1
1556; 2
1555; 1
1557; 2
1556; 1
1558; 2
1556; 1
1558; 2
1559; 1
1561; 2
1563; 1
1565; 2
1567; 1
1569; 2
1567; 1
1569; 2
1577; 1
1579; 2
1579; 1
1581; 2
1583; 1
1585; 2
1584; 1
1586; 2
1584; 1
1586; 2
1585; 1
1587; 2
1586; 1
1588; 2
1586; 1
1588; 2
1587; 1
1589; 2
1590; 1
1592; 2
1591; 1
1593; 2
1591; 1
1593; 2
1598; 1
1600; 2
1599; 1
1601; 2
1599; 1
1601; 2
1600; 1
1602; 2
1604; 1
1606; 2
1608; 1
1610; 2
1609; 1
1611; 2
1612; 1
1614; 2
1612; 1
1614; 2
1612; 1
1614; 2
1612; 1
1614; 2
1613; 1
1615; 2
1615; 1
1617; 2
1618; 1
1620; 2
1619; 1
1621; 2
1619; 1
1621; 2
1621; 1
1623; 2
1621; 1
1623; 2
1621; 1
1623; 2
1623; 1
1625; 2
1623; 1
1625; 2
1624; 1
1626; 2
1627; 1
1629; 2
1632; 1
1634; 2
1632; 1
1634; 2
1637; 1
1639; 2
1637; 1
1639; 2
1638; 1
1640; 2
1643; 1
1645; 2
1645; 1
1647; 2
1645; 1
1647; 2
1646; 1
1648; 2
1647; 1
1649; 2
1649; 1
1651; 2
1649; 1
1651; 2
1649; 1
1651; 2
1655; 1
1657; 2
1661; 1
1663; 2
1662; 1
1664; 2
1663; 1
1665; 2
1664; 1
1666; 2
1665; 1
1667; 2
1667; 1
1669; 2
1667; 1
1669; 2
1668; 1
1670; 2
1669; 1
1671; 2
1669; 1
1671; 2
1670; 1
1672; 2
1673; 1
1675; 2
1676; 1
1678; 2
1677; 1
1679; 2
1678; 1
1680; 2
1678; 1
1680; 2
1678; 1
1680; 2
1680; 1
1682; 2
1680; 1
1682; 2
1680; 1
1682; 2
1681; 1
1683; 2
1683; 1
1685; 2
1683; 1
1685; 2
1684; 1
1686; 2
1684; 1
1686; 2
1687; 1
1689; 2
1688; 1
1690; 2
1689; 1
1691; 2
1689; 1
1691; 2
1690; 1
1692; 2
1690; 1
1692; 2
1692; 1
1694; 2
1693; 1
1695; 2
1694; 1
1696; 2
1695; 1
1697; 2
1696; 1
1698; 2
1701; 1
1703; 2
1702; 1
1704; 2
1704; 1
1706; 2
1706; 1
1708; 2
1709; 1
1711; 2
1711; 1
1713; 2
1715; 1
1717; 2
1719; 1
1721; 2
1719; 1
1721; 2
1721; 1
1723; 2
1723; 1
1725; 2
1724; 1
1726; 2
1725; 1
1727; 2
1725; 1
1727; 2
1725; 1
1727; 2
1726; 1
1728; 2
1727; 1
1729; 2
1727; 1
1729; 2
1727; 1
1729; 2
1730; 1
1732; 2
1732; 1
1734; 2
1732; 1
1734; 2
1734; 1
1736; 2
1738; 1
1740; 2
1739; 1
1741; 2
1739; 1
1741; 2
1739; 1
1741; 2
1741; 1
1743; 2
1742; 1
1744; 2
1742; 1
1744; 2
1743; 1
1745; 2
1744; 1
1746; 2
1746; 1
1748; 2
1746; 1
1748; 2
1747; 1
1749; 2
1749; 1
1751; 2
1750; 1
1752; 2
1750; 1
1752; 2
1751; 1
1753; 2
1754; 1
1756; 2
1757; 1
1759; 2
1757; 1
1759; 2
1758; 1
1760; 2
1759; 1
1761; 2
1759; 1
1761; 2
1760; 1
1762; 2
1767; 1
1769; 2
1768; 1
1770; 2
1771; 1
1773; 2
1771; 1
1773; 2
1772; 1
1774; 2
1772; 1
1774; 2
1776; 1
1778; 2
1790; 1
1792; 2
1790; 1
1792; 2
1790; 1
1792; 2
1791; 1
1793; 2
1791; 1
1793; 2
1793; 1
1795; 2
1794; 1
1796; 2
1797; 1
1799; 2
1798; 1
1800; 2
1799; 1
1801; 2
1800; 1
1802; 2
1805; 1
1807; 2
1806; 1
1808; 2
1806; 1
1808; 2
1807; 1
1809; 2
1809; 1
1811; 2
1809; 1
1811; 2
1810; 1
1812; 2
1810; 1
1812; 2
1814; 1
1816; 2
1817; 1
1819; 2
1822; 1
1824; 2
1824; 1
1826; 2
1824; 1
1826; 2
1824; 1
1826; 2
1824; 1
1826; 2
1825; 1
1827; 2
1826; 1
1828; 2
1830; 1
1832; 2
1831; 1
1833; 2
1831; 1
1833; 2
1832; 1
1834; 2
1836; 1
1838; 2
1845; 1
1847; 2
1846; 1
1848; 2
1846; 1
1848; 2
1848; 1
1850; 2
1849; 1
1851; 2
1850; 1
1852; 2
1852; 1
1854; 2
1855; 1
1857; 2
1855; 1
1857; 2
1859; 1
1861; 2
1865; 1
1867; 2
1866; 1
1868; 2
1867; 1
1869; 2
1867; 1
1869; 2
1871; 1
1873; 2
1871; 1
1873; 2
1873; 1
1875; 2
1874; 1
1876; 2
1874; 1
1876; 2
1876; 1
1878; 2
1877; 1
1879; 2
1879; 1
1881; 2
1880; 1
1882; 2
1880; 1
1882; 2
1882; 1
1884; 2
1884; 1
1886; 2
1887; 1
1889; 2
1887; 1
1889; 2
1888; 1
1890; 2
1890; 1
1892; 2
1890; 1
1892; 2
1894; 1
1896; 2
1895; 1
1897; 2
1897; 1
1899; 2
1899; 1
1901; 2
1902; 1
1904; 2
1902; 1
1904; 2
1905; 1
1907; 2
1906; 1
1908; 2
1907; 1
1909; 2
1909; 1
1911; 2
1910; 1
1912; 2
1916; 1
1918; 2
1917; 1
1919; 2
1920; 1
1922; 2
1921; 1
1923; 2
1921; 1
1923; 2
1923; 1
1925; 2
1923; 1
1925; 2
1925; 1
1927; 2
1927; 1
1929; 2
1930; 1
1932; 2
1931; 1
1933; 2
1933; 1
1935; 2
1933; 1
1935; 2
1935; 1
1937; 2
1938; 1
1940; 2
1939; 1
1941; 2
1939; 1
1941; 2
1939; 1
1941; 2
1940; 1
1942; 2
1940; 1
1942; 2
1940; 1
1942; 2
1940; 1
1942; 2
1941; 1
1943; 2
1942; 1
1944; 2
1943; 1
1945; 2
1943; 1
1945; 2
1944; 1
1946; 2
1945; 1
1947; 2
1949; 1
1951; 2
1951; 1
1953; 2
1952; 1
1954; 2
1955; 1
1957; 2
1956; 1
1958; 2
1959; 1
1961; 2
1967; 1
1969; 2
1968; 1
1970; 2
1972; 1
1974; 2
1973; 1
1975; 2
1974; 1
1976; 2
1974; 1
1976; 2
1974; 1
1976; 2
1974; 1
1976; 2
1979; 1
1981; 2
1979; 1
1981; 2
1983; 1
1985; 2
1984; 1
1986; 2
1984; 1
1986; 2
1987; 1
1989; 2
1988; 1
1990; 2
1992; 1
1994; 2
1992; 1
1994; 2
1994; 1
1996; 2
1995; 1
1997; 2
1995; 1
1997; 2
1995; 1
1997; 2
1997; 1
1999; 2
2001; 1
2003; 2
2004; 1
2006; 2
2008; 1
2010; 2
2008; 1
2010; 2
2015; 1
2017; 2
2016; 1
2018; 2
2018; 1
2020; 2
2018; 1
2020; 2
2020; 1
2022; 2
2021; 1
2023; 2
2022; 1
2024; 2
2022; 1
2024; 2
2023; 1
2025; 2
2024; 1
2026; 2
2024; 1
2026; 2
2030; 1
2032; 2
2031; 1
2033; 2
2031; 1
2033; 2
2031; 1
2033; 2
2032; 1
2034; 2
2041; 1
2043; 2
2043; 1
2045; 2
2044; 1
2046; 2
2044; 1
2046; 2
2044; 1
2046; 2
2047; 1
2049; 2
2048; 1
2050; 2
2049; 1
2051; 2
2053; 1
2055; 2
2056; 1
2058; 2
2057; 1
2059; 2
2057; 1
2059; 2
2060; 1
2062; 2
2061; 1
2063; 2
2062; 1
2064; 2
2062; 1
2064; 2
2063; 1
2065; 2
2065; 1
2067; 2
2065; 1
2067; 2
2066; 1
2068; 2
2066; 1
2068; 2
2068; 1
2070; 2
2072; 1
2074; 2
2072; 1
2074; 2
2072; 1
2074; 2
2073; 1
2075; 2
2074; 1
2076; 2
2076; 1
2078; 2
2080; 1
2082; 2
2081; 1
2083; 2
2082; 1
2084; 2
2082; 1
2084; 2
2084; 1
2086; 2
2085; 1
2087; 2
2088; 1
2090; 2
2090; 1
2092; 2
2091; 1
2093; 2
2092; 1
2094; 2
2093; 1
2095; 2
2093; 1
2095; 2
2094; 1
2096; 2
2095; 1
2097; 2
2095; 1
2097; 2
2096; 1
2098; 2
2096; 1
2098; 2
2100; 1
2102; 2
2104; 1
2106; 2
2107; 1
2109; 2
2107; 1
2109; 2
2108; 1
2110; 2
2111; 1
2113; 2
2112; 1
2114; 2
2112; 1
2114; 2
2112; 1
2114; 2
2113; 1
2115; 2
2116; 1
2118; 2
2117; 1
2119; 2
2121; 1
2123; 2
2126; 1
2128; 2
2128; 1
2130; 2
2131; 1
2133; 2
2136; 1
2138; 2
2141; 1
2143; 2
2142; 1
2144; 2
2145; 1
2147; 2
2146; 1
2148; 2
2146; 1
2148; 2
2149; 1
2151; 2
2150; 1
2152; 2
2151; 1
2153; 2
2152; 1
2154; 2
2155; 1
2157; 2
2155; 1
2157; 2
2156; 1
2158; 2
2158; 1
2160; 2
2159; 1
2161; 2
2159; 1
2161; 2
2160; 1
2162; 2
2171; 1
2173; 2
2173; 1
2175; 2
2175; 1
2177; 2
2175; 1
2177; 2
2176; 1
2178; 2
2176; 1
2178; 2
2176; 1
2178; 2
2176; 1
2178; 2
2177; 1
2179; 2
2181; 1
2183; 2
2185; 1
2187; 2
2185; 1
2187; 2
2187; 1
2189; 2
2187; 1
2189; 2
2188; 1
2190; 2
2189; 1
2191; 2
2193; 1
2195; 2
2195; 1
2197; 2
2199; 1
2201; 2
2204; 1
2206; 2
2204; 1
2206; 2
2207; 1
2209; 2
2207; 1
2209; 2
2207; 1
2209; 2
2208; 1
2210; 2
2210; 1
2212; 2
2210; 1
2212; 2
2211; 1
2213; 2
2211; 1
2213; 2
2211; 1
2213; 2
2214; 1
2216; 2
2215; 1
2217; 2
2219; 1
2221; 2
2220; 1
2222; 2
2220; 1
2222; 2
2222; 1
2224; 2
2222; 1
2224; 2
2222; 1
2224; 2
2224; 1
2226; 2
2225; 1
2227; 2
2225; 1
2227; 2
2227; 1
2229; 2
2229; 1
2231; 2
2234; 1
2236; 2
2234; 1
2236; 2
2235; 1
2237; 2
2235; 1
2237; 2
2238; 1
2240; 2
2238; 1
2240; 2
2239; 1
2241; 2
2240; 1
2242; 2
2242; 1
2244; 2
2247; 1
2249; 2
2249; 1
2251; 2
2249; 1
2251; 2
2250; 1
2252; 2
2251; 1
2253; 2
2252; 1
2254; 2
2253; 1
2255; 2
2254; 1
2256; 2
2255; 1
2257; 2
2255; 1
2257; 2
2260; 1
2262; 2
2262; 1
2264; 2
2266; 1
2268; 2
2267; 1
2269; 2
2270; 1
2272; 2
2271; 1
2273; 2
2271; 1
2273; 2
2272; 1
2274; 2
2274; 1
2276; 2
2275; 1
2277; 2
2279; 1
2281; 2
2281; 1
2283; 2
2282; 1
2284; 2
2283; 1
2285; 2
2285; 1
2287; 2
2287; 1
2289; 2
2288; 1
2290; 2
2288; 1
2290; 2
2291; 1
2293; 2
2292; 1
2294; 2
2293; 1
2295; 2
2294; 1
2296; 2
2295; 1
2297; 2
2295; 1
2297; 2
2295; 1
2297; 2
2296; 1
2298; 2
2296; 1
2298; 2
2298; 1
2300; 2
2299; 1
2301; 2
2299; 1
2301; 2
2301; 1
2303; 2
2302; 1
2304; 2
2302; 1
2304; 2
2303; 1
2305; 2
2303; 1
2305; 2
2304; 1
2306; 2
2305; 1
2307; 2
2305; 1
2307; 2
2309; 1
2311; 2
2309; 1
2311; 2
2310; 1
2312; 2
2311; 1
2313; 2
2312; 1
2314; 2
2313; 1
2315; 2
2314; 1
2316; 2
2315; 1
2317; 2
2323; 1
2325; 2
2325; 1
2327; 2
2326; 1
2328; 2
2326; 1
2328; 2
2327; 1
2329; 2
2328; 1
2330; 2
2332; 1
2334; 2
2333; 1
2335; 2
2333; 1
2335; 2
2335; 1
2337; 2
2337; 1
2339; 2
2340; 1
2342; 2
2342; 1
2344; 2
2342; 1
2344; 2
2345; 1
2347; 2
2345; 1
2347; 2
2347; 1
2349; 2
2349; 1
2351; 2
2349; 1
2351; 2
2352; 1
2354; 2
2357; 1
2359; 2
2358; 1
2360; 2
2360; 1
2362; 2
2361; 1
2363; 2
2367; 1
2369; 2
2367; 1
2369; 2
2369; 1
2371; 2
2371; 1
2373; 2
2374; 1
2376; 2
2374; 1
2376; 2
2380; 1
2382; 2
2384; 1
2386; 2
2386; 1
2388; 2
2388; 1
2390; 2
2388; 1
2390; 2
2390; 1
2392; 2
2391; 1
2393; 2
2395; 1
2397; 2
2396; 1
2398; 2
2398; 1
2400; 2
2400; 1
2402; 2
2406; 1
2408; 2
2406; 1
2408; 2
2407; 1
2409; 2
2408; 1
2410; 2
2408; 1
2410; 2
2411; 1
2413; 2
2412; 1
2414; 2
2415; 1
2417; 2
2415; 1
2417; 2
2417; 1
2419; 2
2419; 1
2421; 2
2420; 1
2422; 2
2420; 1
2422; 2
2425; 1
2427; 2
2427; 1
2429; 2
2428; 1
2430; 2
2429; 1
2431; 2
2433; 1
2435; 2
2435; 1
2437; 2
2435; 1
2437; 2
2435; 1
2437; 2
2436; 1
2438; 2
2440; 1
2442; 2
2440; 1
2442; 2
2442; 1
2444; 2
2444; 1
2446; 2
2444; 1
2446; 2
2447; 1
2449; 2
2448; 1
2450; 2
2448; 1
2450; 2
2453; 1
2455; 2
2454; 1
2456; 2
2455; 1
2457; 2
2455; 1
2457; 2
2456; 1
2458; 2
2457; 1
2459; 2
2459; 1
2461; 2
2460; 1
2462; 2
2462; 1
2464; 2
2463; 1
2465; 2
2467; 1
2469; 2
2467; 1
2469; 2
2472; 1
2474; 2
2477; 1
2479; 2
2479; 1
2481; 2
2479; 1
2481; 2
2483; 1
2485; 2
2484; 1
2486; 2
2486; 1
2488; 2
2488; 1
2490; 2
2492; 1
2494; 2
2492; 1
2494; 2
2498; 1
2500; 2
2499; 1
2501; 2
2500; 1
2502; 2
2500; 1
2502; 2
2500; 1
2502; 2
2501; 1
2503; 2
2502; 1
2504; 2
2503; 1
2505; 2
2503; 1
2505; 2
2504; 1
2506; 2
2505; 1
2507; 2
2505; 1
2507; 2
2505; 1
2507; 2
2511; 1
2513; 2
2511; 1
2513; 2
2511; 1
2513; 2
2514; 1
2516; 2
2514; 1
2516; 2
2515; 1
2517; 2
2516; 1
2518; 2
2521; 1
2523; 2
2524; 1
2526; 2
2524; 1
2526; 2
2528; 1
2530; 2
2528; 1
2530; 2
2532; 1
2534; 2
2534; 1
2536; 2
2536; 1
2538; 2
2536; 1
2538; 2
2539; 1
2541; 2
2539; 1
2541; 2
2539; 1
2541; 2
2541; 1
2543; 2
2542; 1
2544; 2
2542; 1
2544; 2
2544; 1
2546; 2
2545; 1
2547; 2
2546; 1
2548; 2
2548; 1
2550; 2
2549; 1
2551; 2
2552; 1
2554; 2
2553; 1
2555; 2
2555; 1
2557; 2
2556; 1
2558; 2
2558; 1
2560; 2
2561; 1
2563; 2
2561; 1
2563; 2
2563; 1
2565; 2
2566; 1
2568; 2
2567; 1
2569; 2
2567; 1
2569; 2
2569; 1
2571; 2
2571; 1
2573; 2
2576; 1
2578; 2
2577; 1
2579; 2
2580; 1
2582; 2
2581; 1
2583; 2
2587; 1
2589; 2
2587; 1
2589; 2
2588; 1
2590; 2
2590; 1
2592; 2
2593; 1
2595; 2
2593; 1
2595; 2
2594; 1
2596; 2
2596; 1
2598; 2
2597; 1
2599; 2
2598; 1
2600; 2
2599; 1
2601; 2
2600; 1
2602; 2
2600; 1
2602; 2
2604; 1
2606; 2
2606; 1
2608; 2
2606; 1
2608; 2
2608; 1
2610; 2
2609; 1
2611; 2
2609; 1
2611; 2
2611; 1
2613; 2
2612; 1
2614; 2
2614; 1
2616; 2
2617; 1
2619; 2
2620; 1
2622; 2
2621; 1
2623; 2
2622; 1
2624; 2
2623; 1
2625; 2
2623; 1
2625; 2
2626; 1
2628; 2
2626; 1
2628; 2
2627; 1
2629; 2
2636; 1
2638; 2
2638; 1
2640; 2
2640; 1
2642; 2
2640; 1
2642; 2
2641; 1
2643; 2
2644; 1
2646; 2
2645; 1
2647; 2
2647; 1
2649; 2
2650; 1
2652; 2
2651; 1
2653; 2
2652; 1
2654; 2
2652; 1
2654; 2
2654; 1
2656; 2
2656; 1
2658; 2
2659; 1
2661; 2
2660; 1
2662; 2
2664; 1
2666; 2
2667; 1
2669; 2
2668; 1
2670; 2
2669; 1
2671; 2
2669; 1
2671; 2
2670; 1
2672; 2
2672; 1
2674; 2
2676; 1
2678; 2
2677; 1
2679; 2
2678; 1
2680; 2
2679; 1
2681; 2
2683; 1
2685; 2
2686; 1
2688; 2
2687; 1
2689; 2
2694; 1
2696; 2
2695; 1
2697; 2
2696; 1
2698; 2
2697; 1
2699; 2
2699; 1
2701; 2
2701; 1
2703; 2
2703; 1
2705; 2
2704; 1
2706; 2
2704; 1
2706; 2
2711; 1
2713; 2
2712; 1
2714; 2
2717; 1
2719; 2
2718; 1
2720; 2
2720; 1
2722; 2
2721; 1
2723; 2
2722; 1
2724; 2
2725; 1
2727; 2
2727; 1
2729; 2
2731; 1
2733; 2
2731; 1
2733; 2
2736; 1
2738; 2
2737; 1
2739; 2
2738; 1
2740; 2
2741; 1
2743; 2
2741; 1
2743; 2
2741; 1
2743; 2
2746; 1
2748; 2
2748; 1
2750; 2
2748; 1
2750; 2
2749; 1
2751; 2
2749; 1
2751; 2
2749; 1
2751; 2
2749; 1
2751; 2
2751; 1
2753; 2
2753; 1
2755; 2
2754; 1
2756; 2
2756; 1
2758; 2
2757; 1
2759; 2
2759; 1
2761; 2
2759; 1
2761; 2
2762; 1
2764; 2
2762; 1
2764; 2
2769; 1
2771; 2
2770; 1
2772; 2
2774; 1
2776; 2
2774; 1
2776; 2
2774; 1
2776; 2
2775; 1
2777; 2
2775; 1
2777; 2
2780; 1
2782; 2
2783; 1
2785; 2
2786; 1
2788; 2
2787; 1
2789; 2
2789; 1
2791; 2
2793; 1
2795; 2
2794; 1
2796; 2
2794; 1
2796; 2
2798; 1
2800; 2
2802; 1
2804; 2
2805; 1
2807; 2
2806; 1
2808; 2
2806; 1
2808; 2
2808; 1
2810; 2
2811; 1
2813; 2
2811; 1
2813; 2
2812; 1
2814; 2
2814; 1
2816; 2
2815; 1
2817; 2
2821; 1
2823; 2
2821; 1
2823; 2
2822; 1
2824; 2
2823; 1
2825; 2
2824; 1
2826; 2
2824; 1
2826; 2
2825; 1
2827; 2
2826; 1
2828; 2
2829; 1
2831; 2
2831; 1
2833; 2
2832; 1
2834; 2
2834; 1
2836; 2
2835; 1
2837; 2
2835; 1
2837; 2
2836; 1
2838; 2
2839; 1
2841; 2
2843; 1
2845; 2
2843; 1
2845; 2
2846; 1
2848; 2
2846; 1
2848; 2
2847; 1
2849; 2
2847; 1
2849; 2
2847; 1
2849; 2
2848; 1
2850; 2
2848; 1
2850; 2
2851; 1
2853; 2
2851; 1
2853; 2
2853; 1
2855; 2
2857; 1
2859; 2
2861; 1
2863; 2
2861; 1
2863; 2
2861; 1
2863; 2
2865; 1
2867; 2
2865; 1
2867; 2
2866; 1
2868; 2
2866; 1
2868; 2
2868; 1
2870; 2
2869; 1
2871; 2
2870; 1
2872; 2
2873; 1
2875; 2
2876; 1
2878; 2
2878; 1
2880; 2
2879; 1
2881; 2
2880; 1
2882; 2
2881; 1
2883; 2
2885; 1
2887; 2
2886; 1
2888; 2
2887; 1
2889; 2
2888; 1
2890; 2
2888; 1
2890; 2
2888; 1
2890; 2
2890; 1
2892; 2
2891; 1
2893; 2
2894; 1
2896; 2
2899; 1
2901; 2
2900; 1
2902; 2
2902; 1
2904; 2
2905; 1
2907; 2
2906; 1
2908; 2
2911; 1
2913; 2
2912; 1
2914; 2
2912; 1
2914; 2
2916; 1
2918; 2
2917; 1
2919; 2
2918; 1
2920; 2
2918; 1
2920; 2
2921; 1
2923; 2
2923; 1
2925; 2
2924; 1
2926; 2
2926; 1
2928; 2
2926; 1
2928; 2
2929; 1
2931; 2
2929; 1
2931; 2
2929; 1
2931; 2
2930; 1
2932; 2
2931; 1
2933; 2
2931; 1
2933; 2
2933; 1
2935; 2
2933; 1
2935; 2
2935; 1
2937; 2
2935; 1
2937; 2
2937; 1
2939; 2
2937; 1
2939; 2
2938; 1
2940; 2
2940; 1
2942; 2
2941; 1
2943; 2
2942; 1
2944; 2
2942; 1
2944; 2
2943; 1
2945; 2
2944; 1
2946; 2
2952; 1
2954; 2
2954; 1
2956; 2
2954; 1
2956; 2
2954; 1
2956; 2
2955; 1
2957; 2
2958; 1
2960; 2
2958; 1
2960; 2
2960; 1
2962; 2
2965; 1
2967; 2
2972; 1
2974; 2
2972; 1
2974; 2
2972; 1
2974; 2
2975; 1
2977; 2
2975; 1
2977; 2
2976; 1
2978; 2
2976; 1
2978; 2
2978; 1
2980; 2
2978; 1
2980; 2
2978; 1
2980; 2
2979; 1
2981; 2
2982; 1
2984; 2
2983; 1
2985; 2
2988; 1
2990; 2
2988; 1
2990; 2
2991; 1
2993; 2
2995; 1
2997; 2
3000; 1
3002; 2
3002; 1
3004; 2
3003; 1
3005; 2
3006; 1
3008; 2
3007; 1
3009; 2
3007; 1
3009; 2
3009; 1
3011; 2
3013; 1
3015; 2
3015; 1
3017; 2
3016; 1
3018; 2
3022; 1
3024; 2
3022; 1
3024; 2
3023; 1
3025; 2
3024; 1
3026; 2
3026; 1
3028; 2
3027; 1
3029; 2
3027; 1
3029; 2
3031; 1
3033; 2
3032; 1
3034; 2
3033; 1
3035; 2
3037; 1
3039; 2
3038; 1
3040; 2
3041; 1
3043; 2
3042; 1
3044; 2
3042; 1
3044; 2
3044; 1
3046; 2
3044; 1
3046; 2
3044; 1
3046; 2
3045; 1
3047; 2
3046; 1
3048; 2
3047; 1
3049; 2
3048; 1
3050; 2
3052; 1
3054; 2
3053; 1
3055; 2
3057; 1
3059; 2
3057; 1
3059; 2
3060; 1
3062; 2
3064; 1
3066; 2
3065; 1
3067; 2
3070; 1
3072; 2
3070; 1
3072; 2
3071; 1
3073; 2
3072; 1
3074; 2
3072; 1
3074; 2
3074; 1
3076; 2
3074; 1
3076; 2
3075; 1
3077; 2
3075; 1
3077; 2
3075; 1
3077; 2
3076; 1
3078; 2
3077; 1
3079; 2
3081; 1
3083; 2
3084; 1
3086; 2
3087; 1
3089; 2
3089; 1
3091; 2
3090; 1
3092; 2
3091; 1
3093; 2
3091; 1
3093; 2
3096; 1
3098; 2
3100; 1
3102; 2
3103; 1
3105; 2
3104; 1
3106; 2
3104; 1
3106; 2
3105; 1
3107; 2
3105; 1
3107; 2
3105; 1
3107; 2
3106; 1
3108; 2
3106; 1
3108; 2
3108; 1
3110; 2
3110; 1
3112; 2
3111; 1
3113; 2
3112; 1
3114; 2
3115; 1
3117; 2
3118; 1
3120; 2
3119; 1
3121; 2
3120; 1
3122; 2
3120; 1
3122; 2
3121; 1
3123; 2
3122; 1
3124; 2
3130; 1
3132; 2
3133; 1
3135; 2
3133; 1
3135; 2
3133; 1
3135; 2
3135; 1
3137; 2
3136; 1
3138; 2
3136; 1
3138; 2
3138; 1
3140; 2
3138; 1
3140; 2
3138; 1
3140; 2
3139; 1
3141; 2
3140; 1
3142; 2
3141; 1
3143; 2
3141; 1
3143; 2
3142; 1
3144; 2
3143; 1
3145; 2
3144; 1
3146; 2
3145; 1
3147; 2
3146; 1
3148; 2
3147; 1
3149; 2
3150; 1
3152; 2
3152; 1
3154; 2
3155; 1
3157; 2
3156; 1
3158; 2
3157; 1
3159; 2
3158; 1
3160; 2
3163; 1
3165; 2
3164; 1
3166; 2
3164; 1
3166; 2
3164; 1
3166; 2
3166; 1
3168; 2
3166; 1
3168; 2
3167; 1
3169; 2
3168; 1
3170; 2
3168; 1
3170; 2
3171; 1
3173; 2
3172; 1
3174; 2
3173; 1
3175; 2
3174; 1
3176; 2
3174; 1
3176; 2
3174; 1
3176; 2
3174; 1
3176; 2
3175; 1
3177; 2
3175; 1
3177; 2
3176; 1
3178; 2
3177; 1
3179; 2
3178; 1
3180; 2
3181; 1
3183; 2
3183; 1
3185; 2
3186; 1
3188; 2
3188; 1
3190; 2
3190; 1
3192; 2
3190; 1
3192; 2
3191; 1
3193; 2
3193; 1
3195; 2
3194; 1
3196; 2
3197; 1
3199; 2
3198; 1
3200; 2
3201; 1
3203; 2
3202; 1
3204; 2
3203; 1
3205; 2
3204; 1
3206; 2
3205; 1
3207; 2
3206; 1
3208; 2
3207; 1
3209; 2
3208; 1
3210; 2
3209; 1
3211; 2
3211; 1
3213; 2
3211; 1
3213; 2
3212; 1
3214; 2
3213; 1
3215; 2
3217; 1
3219; 2
3217; 1
3219; 2
3220; 1
3222; 2
3221; 1
3223; 2
3223; 1
3225; 2
3228; 1
3230; 2
3229; 1
3231; 2
3230; 1
3232; 2
3230; 1
3232; 2
3233; 1
3235; 2
3234; 1
3236; 2
3235; 1
3237; 2
3235; 1
3237; 2
3242; 1
3244; 2
3243; 1
3245; 2
3245; 1
3247; 2
3248; 1
3250; 2
3250; 1
3252; 2
3250; 1
3252; 2
3252; 1
3254; 2
3252; 1
3254; 2
3256; 1
3258; 2
3257; 1
3259; 2
3258; 1
3260; 2
3259; 1
3261; 2
3259; 1
3261; 2
3260; 1
3262; 2
3260; 1
3262; 2
3262; 1
3264; 2
3264; 1
3266; 2
3264; 1
3266; 2
3266; 1
3268; 2
3267; 1
3269; 2
3268; 1
3270; 2
3269; 1
3271; 2
3269; 1
3271; 2
3270; 1
3272; 2
3273; 1
3275; 2
3274; 1
3276; 2
3277; 1
3279; 2
3277; 1
3279; 2
3278; 1
3280; 2
3278; 1
3280; 2
3281; 1
3283; 2
3283; 1
3285; 2
3290; 1
3292; 2
3291; 1
3293; 2
3292; 1
3294; 2
3292; 1
3294; 2
3293; 1
3295; 2
3297; 1
3299; 2
3297; 1
3299; 2
3298; 1
3300; 2
3298; 1
3300; 2
3300; 1
3302; 2
3300; 1
3302; 2
3303; 1
3305; 2
3306; 1
3308; 2
3306; 1
3308; 2
3308; 1
3310; 2
3308; 1
3310; 2
3309; 1
3311; 2
3310; 1
3312; 2
3311; 1
3313; 2
3314; 1
3316; 2
3315; 1
3317; 2
3317; 1
3319; 2
3319; 1
3321; 2
3323; 1
3325; 2
3325; 1
3327; 2
3327; 1
3329; 2
3327; 1
3329; 2
3328; 1
3330; 2
3329; 1
3331; 2
3330; 1
3332; 2
3330; 1
3332; 2
3330; 1
3332; 2
3333; 1
3335; 2
3333; 1
3335; 2
3335; 1
3337; 2
3337; 1
3339; 2
3342; 1
3344; 2
3345; 1
3347; 2
3345; 1
3347; 2
3346; 1
3348; 2
3346; 1
3348; 2
3347; 1
3349; 2
3347; 1
3349; 2
3347; 1
3349; 2
3350; 1
3352; 2
3351; 1
3353; 2
3353; 1
3355; 2
3353; 1
3355; 2
3354; 1
3356; 2
3356; 1
3358; 2
3356; 1
3358; 2
3358; 1
3360; 2
3360; 1
3362; 2
3361; 1
3363; 2
3362; 1
3364; 2
3363; 1
3365; 2
3365; 1
3367; 2
3365; 1
3367; 2
3369; 1
3371; 2
3370; 1
3372; 2
3374; 1
3376; 2
3376; 1
3378; 2
3376; 1
3378; 2
3377; 1
3379; 2
3377; 1
3379; 2
3378; 1
3380; 2
3379; 1
3381; 2
3380; 1
3382; 2
3380; 1
3382; 2
3380; 1
3382; 2
3387; 1
3389; 2
3388; 1
3390; 2
3389; 1
3391; 2
3390; 1
3392; 2
3392; 1
3394; 2
3392; 1
3394; 2
3394; 1
3396; 2
3395; 1
3397; 2
3395; 1
3397; 2
3396; 1
3398; 2
3397; 1
3399; 2
3398; 1
3400; 2
3399; 1
3401; 2
3400; 1
3402; 2
3401; 1
3403; 2
3401; 1
3403; 2
3403; 1
3405; 2
3408; 1
3410; 2
3408; 1
3410; 2
3409; 1
3411; 2
3410; 1
3412; 2
3416; 1
3418; 2
3417; 1
3419; 2
3417; 1
3419; 2
3418; 1
3420; 2
3420; 1
3422; 2
3422; 1
3424; 2
3422; 1
3424; 2
3427; 1
3429; 2
3432; 1
3434; 2
3432; 1
3434; 2
3435; 1
3437; 2
3435; 1
3437; 2
3436; 1
3438; 2
3437; 1
3439; 2
3439; 1
3441; 2
3439; 1
3441; 2
3442; 1
3444; 2
3449; 1
3451; 2
3450; 1
3452; 2
3450; 1
3452; 2
3451; 1
3453; 2
3453; 1
3455; 2
3455; 1
3457; 2
3457; 1
3459; 2
3460; 1
3462; 2
3462; 1
3464; 2
3462; 1
3464; 2
3463; 1
3465; 2
3465; 1
3467; 2
3467; 1
3469; 2
3467; 1
3469; 2
3468; 1
3470; 2
3468; 1
3470; 2
3471; 1
3473; 2
3471; 1
3473; 2
3473; 1
3475; 2
3475; 1
3477; 2
3480; 1
3482; 2
3481; 1
3483; 2
3487; 1
3489; 2
3489; 1
3491; 2
3489; 1
3491; 2
3491; 1
3493; 2
3491; 1
3493; 2
3494; 1
3496; 2
3497; 1
3499; 2
3499; 1
3501; 2
3501; 1
3503; 2
3502; 1
3504; 2
3503; 1
3505; 2
3505; 1
3507; 2
3505; 1
3507; 2
3506; 1
3508; 2
3507; 1
3509; 2
3508; 1
3510; 2
3509; 1
3511; 2
3510; 1
3512; 2
3511; 1
3513; 2
3511; 1
3513; 2
3512; 1
3514; 2
3512; 1
3514; 2
3513; 1
3515; 2
3518; 1
3520; 2
3518; 1
3520; 2
3524; 1
3526; 2
3528; 1
3530; 2
3528; 1
3530; 2
3529; 1
3531; 2
3530; 1
3532; 2
3531; 1
3533; 2
3531; 1
3533; 2
3531; 1
3533; 2
3531; 1
3533; 2
3533; 1
3535; 2
3534; 1
3536; 2
3537; 1
3539; 2
3538; 1
3540; 2
3539; 1
3541; 2
3541; 1
3543; 2
3543; 1
3545; 2
3544; 1
3546; 2
3546; 1
3548; 2
3547; 1
3549; 2
3547; 1
3549; 2
3550; 1
3552; 2
3551; 1
3553; 2
3551; 1
3553; 2
3553; 1
3555; 2
3555; 1
3557; 2
3557; 1
3559; 2
3558; 1
3560; 2
3559; 1
3561; 2
3559; 1
3561; 2
3561; 1
3563; 2
3562; 1
3564; 2
3563; 1
3565; 2
3565; 1
3567; 2
3567; 1
3569; 2
3568; 1
3570; 2
3572; 1
3574; 2
3573; 1
3575; 2
3576; 1
3578; 2
3579; 1
3581; 2
3580; 1
3582; 2
3582; 1
3584; 2
3582; 1
3584; 2
3584; 1
3586; 2
3586; 1
3588; 2
3586; 1
3588; 2
3589; 1
3591; 2
3592; 1
3594; 2
3592; 1
3594; 2
3593; 1
3595; 2
3598; 1
3600; 2
3603; 1
3605; 2
3604; 1
3606; 2
3606; 1
3608; 2
3606; 1
3608; 2
3608; 1
3610; 2
3610; 1
3612; 2
3610; 1
3612; 2
3611; 1
3613; 2
3613; 1
3615; 2
3614; 1
3616; 2
3615; 1
3617; 2
3620; 1
3622; 2
3621; 1
3623; 2
3621; 1
3623; 2
3621; 1
3623; 2
3622; 1
3624; 2
3623; 1
3625; 2
3626; 1
3628; 2
3627; 1
3629; 2
3629; 1
3631; 2
3632; 1
3634; 2
3632; 1
3634; 2
3635; 1
3637; 2
3637; 1
3639; 2
3639; 1
3641; 2
3639; 1
3641; 2
3639; 1
3641; 2
3640; 1
3642; 2
3644; 1
3646; 2
3645; 1
3647; 2
3646; 1
3648; 2
3646; 1
3648; 2
3649; 1
3651; 2
3651; 1
3653; 2
3652; 1
3654; 2
3653; 1
3655; 2
3653; 1
3655; 2
3654; 1
3656; 2
3654; 1
3656; 2
3656; 1
3658; 2
3657; 1
3659; 2
3659; 1
3661; 2
3662; 1
3664; 2
3666; 1
3668; 2
3667; 1
3669; 2
3669; 1
3671; 2
3671; 1
3673; 2
3673; 1
3675; 2
3673; 1
3675; 2
3673; 1
3675; 2
3680; 1
3682; 2
3682; 1
3684; 2
3687; 1
3689; 2
3688; 1
3690; 2
3691; 1
3693; 2
3692; 1
3694; 2
3694; 1
3696; 2
3695; 1
3697; 2
3696; 1
3698; 2
3698; 1
3700; 2
3703; 1
3705; 2
3705; 1
3707; 2
3708; 1
3710; 2
3709; 1
3711; 2
3710; 1
3712; 2
3712; 1
3714; 2
3713; 1
3715; 2
3713; 1
3715; 2
3714; 1
3716; 2
3714; 1
3716; 2
3714; 1
3716; 2
3715; 1
3717; 2
3718; 1
3720; 2
3725; 1
3727; 2
3728; 1
3730; 2
3728; 1
3730; 2
3730; 1
3732; 2
3738; 1
3740; 2
3739; 1
3741; 2
3747; 1
3749; 2
3747; 1
3749; 2
3748; 1
3750; 2
3750; 1
3752; 2
3757; 1
3759; 2
3757; 1
3759; 2
3757; 1
3759; 2
3759; 1
3761; 2
3759; 1
3761; 2
3760; 1
3762; 2
3761; 1
3763; 2
3762; 1
3764; 2
3762; 1
3764; 2
3762; 1
3764; 2
3762; 1
3764; 2
3764; 1
3766; 2
3765; 1
3767; 2
3766; 1
3768; 2
3766; 1
3768; 2
3769; 1
3771; 2
3770; 1
3772; 2
3773; 1
3775; 2
3774; 1
3776; 2
3776; 1
3778; 2
3783; 1
3785; 2
3786; 1
3788; 2
3788; 1
3790; 2
3788; 1
3790; 2
3791; 1
3793; 2
3792; 1
3794; 2
3795; 1
3797; 2
3796; 1
3798; 2
3798; 1
3800; 2
3806; 1
3808; 2
3807; 1
3809; 2
3808; 1
3810; 2
3815; 1
3817; 2
3818; 1
3820; 2
3818; 1
3820; 2
3819; 1
3821; 2
3819; 1
3821; 2
3819; 1
3821; 2
3822; 1
3824; 2
3823; 1
3825; 2
3823; 1
3825; 2
3824; 1
3826; 2
3824; 1
3826; 2
3830; 1
3832; 2
3831; 1
3833; 2
3831; 1
3833; 2
3832; 1
3834; 2
3838; 1
3840; 2
3840; 1
3842; 2
3840; 1
3842; 2
3843; 1
3845; 2
3845; 1
3847; 2
3846; 1
3848; 2
3846; 1
3848; 2
3848; 1
3850; 2
3849; 1
3851; 2
3850; 1
3852; 2
3851; 1
3853; 2
3853; 1
3855; 2
3854; 1
3856; 2
3855; 1
3857; 2
3858; 1
3860; 2
3859; 1
3861; 2
3863; 1
3865; 2
3866; 1
3868; 2
3868; 1
3870; 2
3870; 1
3872; 2
3871; 1
3873; 2
3872; 1
3874; 2
3874; 1
3876; 2
3876; 1
3878; 2
3878; 1
3880; 2
3881; 1
3883; 2
3882; 1
3884; 2
3885; 1
3887; 2
3885; 1
3887; 2
3886; 1
3888; 2
3889; 1
3891; 2
3890; 1
3892; 2
3890; 1
3892; 2
3893; 1
3895; 2
3894; 1
3896; 2
3895; 1
3897; 2
3895; 1
3897; 2
3897; 1
3899; 2
3901; 1
3903; 2
3904; 1
3906; 2
3905; 1
3907; 2
3905; 1
3907; 2
3908; 1
3910; 2
3909; 1
3911; 2
3910; 1
3912; 2
3911; 1
3913; 2
3911; 1
3913; 2
3913; 1
3915; 2
3916; 1
3918; 2
3918; 1
3920; 2
3919; 1
3921; 2
3919; 1
3921; 2
3921; 1
3923; 2
3921; 1
3923; 2
3922; 1
3924; 2
3924; 1
3926; 2
3925; 1
3927; 2
3925; 1
3927; 2
3925; 1
3927; 2
3930; 1
3932; 2
3937; 1
3939; 2
3938; 1
3940; 2
3938; 1
3940; 2
3939; 1
3941; 2
3939; 1
3941; 2
3944; 1
3946; 2
3945; 1
3947; 2
3945; 1
3947; 2
3947; 1
3949; 2
3947; 1
3949; 2
3948; 1
3950; 2
3948; 1
3950; 2
3949; 1
3951; 2
3952; 1
3954; 2
3953; 1
3955; 2
3955; 1
3957; 2
3956; 1
3958; 2
3957; 1
3959; 2
3958; 1
3960; 2
3959; 1
3961; 2
3961; 1
3963; 2
3961; 1
3963; 2
3964; 1
3966; 2
3965; 1
3967; 2
3966; 1
3968; 2
3967; 1
3969; 2
3970; 1
3972; 2
3972; 1
3974; 2
3972; 1
3974; 2
3975; 1
3977; 2
3977; 1
3979; 2
3978; 1
3980; 2
3979; 1
3981; 2
3981; 1
3983; 2
3984; 1
3986; 2
3986; 1
3988; 2
3987; 1
3989; 2
3987; 1
3989; 2
3989; 1
3991; 2
3990; 1
3992; 2
3990; 1
3992; 2
3993; 1
3995; 2
3994; 1
3996; 2
3999; 1
4001; 2
4007; 1
4009; 2
4009; 1
4011; 2
4009; 1
4011; 2
4010; 1
4012; 2
4010; 1
4012; 2
4014; 1
4016; 2
4014; 1
4016; 2
4014; 1
4016; 2
4018; 1
4020; 2
4018; 1
4020; 2
4024; 1
4026; 2
4024; 1
4026; 2
4025; 1
4027; 2
4025; 1
4027; 2
4027; 1
4029; 2
4028; 1
4030; 2
4029; 1
4031; 2
4030; 1
4032; 2
4031; 1
4033; 2
4032; 1
4034; 2
4034; 1
4036; 2
4043; 1
4045; 2
4044; 1
4046; 2
4049; 1
4051; 2
4052; 1
4054; 2
4054; 1
4056; 2
4054; 1
4056; 2
4055; 1
4057; 2
4055; 1
4057; 2
4061; 1
4063; 2
4064; 1
4066; 2
4064; 1
4066; 2
4065; 1
4067; 2
4067; 1
4069; 2
4071; 1
4073; 2
4072; 1
4074; 2
4074; 1
4076; 2
4075; 1
4077; 2
4080; 1
4082; 2
4082; 1
4084; 2
4090; 1
4092; 2
4091; 1
4093; 2
4095; 1
4097; 2
4096; 1
4098; 2
4100; 1
4102; 2
4100; 1
4102; 2
4100; 1
4102; 2
4101; 1
4103; 2
4103; 1
4105; 2
4105; 1
4107; 2
4107; 1
4109; 2
4108; 1
4110; 2
4110; 1
4112; 2
4110; 1
4112; 2
4111; 1
4113; 2
4114; 1
4116; 2
4116; 1
4118; 2
4121; 1
4123; 2
4122; 1
4124; 2
4122; 1
4124; 2
4123; 1
4125; 2
4124; 1
4126; 2
4125; 1
4127; 2
4127; 1
4129; 2
4130; 1
4132; 2
4130; 1
4132; 2
4134; 1
4136; 2
4134; 1
4136; 2
4136; 1
4138; 2
4138; 1
4140; 2
4139; 1
4141; 2
4140; 1
4142; 2
4141; 1
4143; 2
4141; 1
4143; 2
4144; 1
4146; 2
4147; 1
4149; 2
4149; 1
4151; 2
4152; 1
4154; 2
4153; 1
4155; 2
4154; 1
4156; 2
4156; 1
4158; 2
4159; 1
4161; 2
4162; 1
4164; 2
4168; 1
4170; 2
4169; 1
4171; 2
4170; 1
4172; 2
4170; 1
4172; 2
4177; 1
4179; 2
4182; 1
4184; 2
4186; 1
4188; 2
4188; 1
4190; 2
4188; 1
4190; 2
4193; 1
4195; 2
4193; 1
4195; 2
4193; 1
4195; 2
4194; 1
4196; 2
4194; 1
4196; 2
4196; 1
4198; 2
4197; 1
4199; 2
4200; 1
4202; 2
4203; 1
4205; 2
4203; 1
4205; 2
4204; 1
4206; 2
4205; 1
4207; 2
4208; 1
4210; 2
4209; 1
4211; 2
4209; 1
4211; 2
4211; 1
4213; 2
4212; 1
4214; 2
4212; 1
4214; 2
4215; 1
4217; 2
4216; 1
4218; 2
4217; 1
4219; 2
4220; 1
4222; 2
4221; 1
4223; 2
4224; 1
4226; 2
4227; 1
4229; 2
4229; 1
4231; 2
4230; 1
4232; 2
4231; 1
4233; 2
4232; 1
4234; 2
4234; 1
4236; 2
4234; 1
4236; 2
4239; 1
4241; 2
4239; 1
4241; 2
4241; 1
4243; 2
4242; 1
4244; 2
4243; 1
4245; 2
4246; 1
4248; 2
4250; 1
4252; 2
4253; 1
4255; 2
4254; 1
4256; 2
4256; 1
4258; 2
4259; 1
4261; 2
4259; 1
4261; 2
4265; 1
4267; 2
4266; 1
4268; 2
4267; 1
4269; 2
4268; 1
4270; 2
4268; 1
4270; 2
4269; 1
4271; 2
4269; 1
4271; 2
4270; 1
4272; 2
4272; 1
4274; 2
4272; 1
4274; 2
4273; 1
4275; 2
4274; 1
4276; 2
4275; 1
4277; 2
4275; 1
4277; 2
4275; 1
4277; 2
4277; 1
4279; 2
4278; 1
4280; 2
4280; 1
4282; 2
4281; 1
4283; 2
4281; 1
4283; 2
4282; 1
4284; 2
4284; 1
4286; 2
4288; 1
4290; 2
4292; 1
4294; 2
4297; 1
4299; 2
4299; 1
4301; 2
4300; 1
4302; 2
4303; 1
4305; 2
4303; 1
4305; 2
4303; 1
4305; 2
4305; 1
4307; 2
4305; 1
4307; 2
4306; 1
4308; 2
4307; 1
4309; 2
4308; 1
4310; 2
4309; 1
4311; 2
4310; 1
4312; 2
4311; 1
4313; 2
4312; 1
4314; 2
4316; 1
4318; 2
4318; 1
4320; 2
4318; 1
4320; 2
4321; 1
4323; 2
4326; 1
4328; 2
4326; 1
4328; 2
4328; 1
4330; 2
4332; 1
4334; 2
4332; 1
4334; 2
4333; 1
4335; 2
4334; 1
4336; 2
4334; 1
4336; 2
4336; 1
4338; 2
4338; 1
4340; 2
4342; 1
4344; 2
4343; 1
4345; 2
4343; 1
4345; 2
4346; 1
4348; 2
4347; 1
4349; 2
4353; 1
4355; 2
4357; 1
4359; 2
4357; 1
4359; 2
4359; 1
4361; 2
4360; 1
4362; 2
4362; 1
4364; 2
4364; 1
4366; 2
4367; 1
4369; 2
4368; 1
4370; 2
4370; 1
4372; 2
4373; 1
4375; 2
4375; 1
4377; 2
4375; 1
4377; 2
4378; 1
4380; 2
4380; 1
4382; 2
4382; 1
4384; 2
4385; 1
4387; 2
4387; 1
4389; 2
4389; 1
4391; 2
4390; 1
4392; 2
4390; 1
4392; 2
4395; 1
4397; 2
4399; 1
4401; 2
4400; 1
4402; 2
4405; 1
4407; 2
4406; 1
4408; 2
4406; 1
4408; 2
4406; 1
4408; 2
4407; 1
4409; 2
4407; 1
4409; 2
4409; 1
4411; 2
4409; 1
4411; 2
4411; 1
4413; 2
4411; 1
4413; 2
4414; 1
4416; 2
4414; 1
4416; 2
4414; 1
4416; 2
4416; 1
4418; 2
4417; 1
4419; 2
4417; 1
4419; 2
4417; 1
4419; 2
4417; 1
4419; 2
4418; 1
4420; 2
4419; 1
4421; 2
4423; 1
4425; 2
4423; 1
4425; 2
4425; 1
4427; 2
4426; 1
4428; 2
4431; 1
4433; 2
4431; 1
4433; 2
4431; 1
4433; 2
4432; 1
4434; 2
4434; 1
4436; 2
4436; 1
4438; 2
4437; 1
4439; 2
4438; 1
4440; 2
4438; 1
4440; 2
4438; 1
4440; 2
4439; 1
4441; 2
4441; 1
4443; 2
4442; 1
4444; 2
4443; 1
4445; 2
4445; 1
4447; 2
4446; 1
4448; 2
4447; 1
4449; 2
4453; 1
4455; 2
4455; 1
4457; 2
4455; 1
4457; 2
4456; 1
4458; 2
4457; 1
4459; 2
4457; 1
4459; 2
4461; 1
4463; 2
4464; 1
4466; 2
4465; 1
4467; 2
4467; 1
4469; 2
4467; 1
4469; 2
4467; 1
4469; 2
4472; 1
4474; 2
4474; 1
4476; 2
4474; 1
4476; 2
4481; 1
4483; 2
4482; 1
4484; 2
4483; 1
4485; 2
4484; 1
4486; 2
4484; 1
4486; 2
4485; 1
4487; 2
4485; 1
4487; 2
4485; 1
4487; 2
4488; 1
4490; 2
4492; 1
4494; 2
4498; 1
4500; 2
4499; 1
4501; 2
4501; 1
4503; 2
4502; 1
4504; 2
4503; 1
4505; 2
4506; 1
4508; 2
4507; 1
4509; 2
4507; 1
4509; 2
4508; 1
4510; 2
4509; 1
4511; 2
4510; 1
4512; 2
4511; 1
4513; 2
4512; 1
4514; 2
4513; 1
4515; 2
4515; 1
4517; 2
4515; 1
4517; 2
4515; 1
4517; 2
4516; 1
4518; 2
4518; 1
4520; 2
4519; 1
4521; 2
4521; 1
4523; 2
4521; 1
4523; 2
4525; 1
4527; 2
4528; 1
4530; 2
4528; 1
4530; 2
4530; 1
4532; 2
4532; 1
4534; 2
4533; 1
4535; 2
4534; 1
4536; 2
4536; 1
4538; 2
4538; 1
4540; 2
4539; 1
4541; 2
4539; 1
4541; 2
4540; 1
4542; 2
4542; 1
4544; 2
4542; 1
4544; 2
4549; 1
4551; 2
4554; 1
4556; 2
4554; 1
4556; 2
4555; 1
4557; 2
4556; 1
4558; 2
4561; 1
4563; 2
4566; 1
4568; 2
4568; 1
4570; 2
4569; 1
4571; 2
4572; 1
4574; 2
4572; 1
4574; 2
4573; 1
4575; 2
4573; 1
4575; 2
4575; 1
4577; 2
4576; 1
4578; 2
4577; 1
4579; 2
4578; 1
4580; 2
4579; 1
4581; 2
4582; 1
4584; 2
4582; 1
4584; 2
4583; 1
4585; 2
4591; 1
4593; 2
4591; 1
4593; 2
4593; 1
4595; 2
4594; 1
4596; 2
4596; 1
4598; 2
4600; 1
4602; 2
4602; 1
4604; 2
4608; 1
4610; 2
4608; 1
4610; 2
4608; 1
4610; 2
4608; 1
4610; 2
4610; 1
4612; 2
4614; 1
4616; 2
4616; 1
4618; 2
4617; 1
4619; 2
4620; 1
4622; 2
4621; 1
4623; 2
4623; 1
4625; 2
4625; 1
4627; 2
4625; 1
4627; 2
4626; 1
4628; 2
4627; 1
4629; 2
4629; 1
4631; 2
4632; 1
4634; 2
4636; 1
4638; 2
4640; 1
4642; 2
4640; 1
4642; 2
4641; 1
4643; 2
4642; 1
4644; 2
4643; 1
4645; 2
4645; 1
4647; 2
4646; 1
4648; 2
4648; 1
4650; 2
4649; 1
4651; 2
4650; 1
4652; 2
4651; 1
4653; 2
4653; 1
4655; 2
4656; 1
4658; 2
4657; 1
4659; 2
4659; 1
4661; 2
4661; 1
4663; 2
4662; 1
4664; 2
4663; 1
4665; 2
4665; 1
4667; 2
4665; 1
4667; 2
4667; 1
4669; 2
4667; 1
4669; 2
4667; 1
4669; 2
4667; 1
4669; 2
4667; 1
4669; 2
4670; 1
4672; 2
4671; 1
4673; 2
4671; 1
4673; 2
4673; 1
4675; 2
4674; 1
4676; 2
4675; 1
4677; 2
4680; 1
4682; 2
4681; 1
4683; 2
4684; 1
4686; 2
4684; 1
4686; 2
4685; 1
4687; 2
4685; 1
4687; 2
4689; 1
4691; 2
4689; 1
4691; 2
4691; 1
4693; 2
4693; 1
4695; 2
4697; 1
4699; 2
4698; 1
4700; 2
4700; 1
4702; 2
4701; 1
4703; 2
4702; 1
4704; 2
4704; 1
4706; 2
4704; 1
4706; 2
4704; 1
4706; 2
4705; 1
4707; 2
4705; 1
4707; 2
4706; 1
4708; 2
4706; 1
4708; 2
4706; 1
4708; 2
4707; 1
4709; 2
4707; 1
4709; 2
4708; 1
4710; 2
4711; 1
4713; 2
4711; 1
4713; 2
4714; 1
4716; 2
4715; 1
4717; 2
4717; 1
4719; 2
4719; 1
4721; 2
4721; 1
4723; 2
4721; 1
4723; 2
4724; 1
4726; 2
4729; 1
4731; 2
4730; 1
4732; 2
4731; 1
4733; 2
4731; 1
4733; 2
4732; 1
4734; 2
4732; 1
4734; 2
4732; 1
4734; 2
4734; 1
4736; 2
4734; 1
4736; 2
4734; 1
4736; 2
4735; 1
4737; 2
4737; 1
4739; 2
4738; 1
4740; 2
4739; 1
4741; 2
4740; 1
4742; 2
4744; 1
4746; 2
4744; 1
4746; 2
4752; 1
4754; 2
4760; 1
4762; 2
4762; 1
4764; 2
4763; 1
4765; 2
4764; 1
4766; 2
4766; 1
4768; 2
4768; 1
4770; 2
4768; 1
4770; 2
4770; 1
4772; 2
4773; 1
4775; 2
4773; 1
4775; 2
4775; 1
4777; 2
4776; 1
4778; 2
4780; 1
4782; 2
4781; 1
4783; 2
4781; 1
4783; 2
4782; 1
4784; 2
4786; 1
4788; 2
4786; 1
4788; 2
4787; 1
4789; 2
4789; 1
4791; 2
4790; 1
4792; 2
4790; 1
4792; 2
4791; 1
4793; 2
4791; 1
4793; 2
4793; 1
4795; 2
4794; 1
4796; 2
4794; 1
4796; 2
4794; 1
4796; 2
4795; 1
4797; 2
4798; 1
4800; 2
4799; 1
4801; 2
4803; 1
4805; 2
4806; 1
4808; 2
4812; 1
4814; 2
4813; 1
4815; 2
4814; 1
4816; 2
4814; 1
4816; 2
4815; 1
4817; 2
4816; 1
4818; 2
4817; 1
4819; 2
4821; 1
4823; 2
4821; 1
4823; 2
4823; 1
4825; 2
4825; 1
4827; 2
4826; 1
4828; 2
4826; 1
4828; 2
4826; 1
4828; 2
4827; 1
4829; 2
4827; 1
4829; 2
4828; 1
4830; 2
4832; 1
4834; 2
4832; 1
4834; 2
4835; 1
4837; 2
4838; 1
4840; 2
4841; 1
4843; 2
4841; 1
4843; 2
4844; 1
4846; 2
4845; 1
4847; 2
4846; 1
4848; 2
4848; 1
4850; 2
4850; 1
4852; 2
4851; 1
4853; 2
4852; 1
4854; 2
4853; 1
4855; 2
4854; 1
4856; 2
4854; 1
4856; 2
4854; 1
4856; 2
4854; 1
4856; 2
4857; 1
4859; 2
4857; 1
4859; 2
4860; 1
4862; 2
4861; 1
4863; 2
4861; 1
4863; 2
4866; 1
4868; 2
4869; 1
4871; 2
4871; 1
4873; 2
4872; 1
4874; 2
4878; 1
4880; 2
4881; 1
4883; 2
4881; 1
4883; 2
4882; 1
4884; 2
4883; 1
4885; 2
4883; 1
4885; 2
4884; 1
4886; 2
4885; 1
4887; 2
4889; 1
4891; 2
4894; 1
4896; 2
4902; 1
4904; 2
4904; 1
4906; 2
4907; 1
4909; 2
4907; 1
4909; 2
4910; 1
4912; 2
4910; 1
4912; 2
4913; 1
4915; 2
4914; 1
4916; 2
4915; 1
4917; 2
4915; 1
4917; 2
4918; 1
4920; 2
4921; 1
4923; 2
4923; 1
4925; 2
4924; 1
4926; 2
4925; 1
4927; 2
4925; 1
4927; 2
4925; 1
4927; 2
4926; 1
4928; 2
4928; 1
4930; 2
4929; 1
4931; 2
4929; 1
4931; 2
4930; 1
4932; 2
4930; 1
4932; 2
4932; 1
4934; 2
4933; 1
4935; 2
4936; 1
4938; 2
4939; 1
4941; 2
4939; 1
4941; 2
4941; 1
4943; 2
4943; 1
4945; 2
4945; 1
4947; 2
4945; 1
4947; 2
4946; 1
4948; 2
4948; 1
4950; 2
4949; 1
4951; 2
4952; 1
4954; 2
4952; 1
4954; 2
4956; 1
4958; 2
4956; 1
4958; 2
4958; 1
4960; 2
4961; 1
4963; 2
4963; 1
4965; 2
4965; 1
4967; 2
4965; 1
4967; 2
4965; 1
4967; 2
4967; 1
4969; 2
4968; 1
4970; 2
4968; 1
4970; 2
4969; 1
4971; 2
4970; 1
4972; 2
4970; 1
4972; 2
4971; 1
4973; 2
4972; 1
4974; 2
4973; 1
4975; 2
4975; 1
4977; 2
4977; 1
4979; 2
4977; 1
4979; 2
4981; 1
4983; 2
4981; 1
4983; 2
4981; 1
4983; 2
4981; 1
4983; 2
4982; 1
4984; 2
4983; 1
4985; 2
4986; 1
4988; 2
4986; 1
4988; 2
4987; 1
4989; 2
4991; 1
4993; 2
4993; 1
4995; 2
4996; 1
4998; 2
4996; 1
4998; 2
4997; 1
4999; 2
4997; 1
4999; 2
4998; 1
5000; 2
4999; 1
5001; 2
5000; 1
5002; 2
5001; 1
5003; 2
5003; 1
5005; 2
5004; 1
5006; 2
5005; 1
5007; 2
5007; 1
5009; 2
5007; 1
5009; 2
5007; 1
5009; 2
5008; 1
5010; 2
5009; 1
5011; 2
5009; 1
5011; 2
5009; 1
5011; 2
5012; 1
5014; 2
5013; 1
5015; 2
5015; 1
5017; 2
5016; 1
5018; 2
5018; 1
5020; 2
5022; 1
5024; 2
5025; 1
5027; 2
5025; 1
5027; 2
5029; 1
5031; 2
5029; 1
5031; 2
5030; 1
5032; 2
5032; 1
5034; 2
5038; 1
5040; 2
5038; 1
5040; 2
5041; 1
5043; 2
5042; 1
5044; 2
5042; 1
5044; 2
5044; 1
5046; 2
5047; 1
5049; 2
5049; 1
5051; 2
5050; 1
5052; 2
5051; 1
5053; 2
5054; 1
5056; 2
5058; 1
5060; 2
5066; 1
5068; 2
5070; 1
5072; 2
5075; 1
5077; 2
5076; 1
5078; 2
5077; 1
5079; 2
5080; 1
5082; 2
5081; 1
5083; 2
5081; 1
5083; 2
5082; 1
5084; 2
5083; 1
5085; 2
5084; 1
5086; 2
5086; 1
5088; 2
5091; 1
5093; 2
5091; 1
5093; 2
5093; 1
5095; 2
5093; 1
5095; 2
5094; 1
5096; 2
5094; 1
5096; 2
5097; 1
5099; 2
5099; 1
5101; 2
5103; 1
5105; 2
5106; 1
5108; 2
5107; 1
5109; 2
5114; 1
5116; 2
5114; 1
5116; 2
5114; 1
5116; 2
5115; 1
5117; 2
5116; 1
5118; 2
5119; 1
5121; 2
5120; 1
5122; 2
5120; 1
5122; 2
5122; 1
5124; 2
5130; 1
5132; 2
5131; 1
5133; 2
5132; 1
5134; 2
5133; 1
5135; 2
5134; 1
5136; 2
5135; 1
5137; 2
5137; 1
5139; 2
5139; 1
5141; 2
5139; 1
5141; 2
5140; 1
5142; 2
5140; 1
5142; 2
5141; 1
5143; 2
5143; 1
5145; 2
5143; 1
5145; 2
5145; 1
5147; 2
5151; 1
5153; 2
5153; 1
5155; 2
5153; 1
5155; 2
5155; 1
5157; 2
5155; 1
5157; 2
5156; 1
5158; 2
5157; 1
5159; 2
5160; 1
5162; 2
5160; 1
5162; 2
5168; 1
5170; 2
5169; 1
5171; 2
5171; 1
5173; 2
5172; 1
5174; 2
5175; 1
5177; 2
5177; 1
5179; 2
5180; 1
5182; 2
5181; 1
5183; 2
5181; 1
5183; 2
5185; 1
5187; 2
5187; 1
5189; 2
5187; 1
5189; 2
5187; 1
5189; 2
5187; 1
5189; 2
5187; 1
5189; 2
5191; 1
5193; 2
5192; 1
5194; 2
5192; 1
5194; 2
5193; 1
5195; 2
5193; 1
5195; 2
5197; 1
5199; 2
5197; 1
5199; 2
5197; 1
5199; 2
5198; 1
5200; 2
5200; 1
5202; 2
5202; 1
5204; 2
5204; 1
5206; 2
5213; 1
5215; 2
5213; 1
5215; 2
5214; 1
5216; 2
5217; 1
5219; 2
5217; 1
5219; 2
5221; 1
5223; 2
5225; 1
5227; 2
5225; 1
5227; 2
5225; 1
5227; 2
5226; 1
5228; 2
5227; 1
5229; 2
5228; 1
5230; 2
5231; 1
5233; 2
5233; 1
5235; 2
5238; 1
5240; 2
5239; 1
5241; 2
5247; 1
5249; 2
5247; 1
5249; 2
5251; 1
5253; 2
5252; 1
5254; 2
5254; 1
5256; 2
5254; 1
5256; 2
5255; 1
5257; 2
5256; 1
5258; 2
5256; 1
5258; 2
5257; 1
5259; 2
5257; 1
5259; 2
5257; 1
5259; 2
5258; 1
5260; 2
5266; 1
5268; 2
5267; 1
5269; 2
5272; 1
5274; 2
5274; 1
5276; 2
5275; 1
5277; 2
5276; 1
5278; 2
5277; 1
5279; 2
5279; 1
5281; 2
5280; 1
5282; 2
5280; 1
5282; 2
5281; 1
5283; 2
5283; 1
5285; 2
5285; 1
5287; 2
5286; 1
5288; 2
5286; 1
5288; 2
5287; 1
5289; 2
5288; 1
5290; 2
5291; 1
5293; 2
5291; 1
5293; 2
5295; 1
5297; 2
5295; 1
5297; 2
5295; 1
5297; 2
5301; 1
5303; 2
5302; 1
5304; 2
5303; 1
5305; 2
5305; 1
5307; 2
5306; 1
5308; 2
5306; 1
5308; 2
5309; 1
5311; 2
5309; 1
5311; 2
5309; 1
5311; 2
5312; 1
5314; 2
5316; 1
5318; 2
5316; 1
5318; 2
5316; 1
5318; 2
5317; 1
5319; 2
5319; 1
5321; 2
5319; 1
5321; 2
5324; 1
5326; 2
5334; 1
5336; 2
5334; 1
5336; 2
5335; 1
5337; 2
5337; 1
5339; 2
5337; 1
5339; 2
5339; 1
5341; 2
5339; 1
5341; 2
5341; 1
5343; 2
5344; 1
5346; 2
5345; 1
5347; 2
5345; 1
5347; 2
5349; 1
5351; 2
5349; 1
5351; 2
5351; 1
5353; 2
5360; 1
5362; 2
5366; 1
5368; 2
5368; 1
5370; 2
5371; 1
5373; 2
5375; 1
5377; 2
5375; 1
5377; 2
5377; 1
5379; 2
5380; 1
5382; 2
5381; 1
5383; 2
5387; 1
5389; 2
5388; 1
5390; 2
5389; 1
5391; 2
5396; 1
5398; 2
5401; 1
5403; 2
5404; 1
5406; 2
5407; 1
5409; 2
5408; 1
5410; 2
5411; 1
5413; 2
5412; 1
5414; 2
5412; 1
5414; 2
5412; 1
5414; 2
5412; 1
5414; 2
5414; 1
5416; 2
5415; 1
5417; 2
5415; 1
5417; 2
5416; 1
5418; 2
5416; 1
5418; 2
5418; 1
5420; 2
5418; 1
5420; 2
5419; 1
5421; 2
5428; 1
5430; 2
5431; 1
5433; 2
5432; 1
5434; 2
5433; 1
5435; 2
5433; 1
5435; 2
5435; 1
5437; 2
5439; 1
5441; 2
5443; 1
5445; 2
5444; 1
5446; 2
5445; 1
5447; 2
5446; 1
5448; 2
5446; 1
5448; 2
5448; 1
5450; 2
5450; 1
5452; 2
5451; 1
5453; 2
5451; 1
5453; 2
5453; 1
5455; 2
5454; 1
5456; 2
5456; 1
5458; 2
5457; 1
5459; 2
5458; 1
5460; 2
5458; 1
5460; 2
5461; 1
5463; 2
5462; 1
5464; 2
5464; 1
5466; 2
5466; 1
5468; 2
5468; 1
5470; 2
5468; 1
5470; 2
5471; 1
5473; 2
5476; 1
5478; 2
5476; 1
5478; 2
5478; 1
5480; 2
5479; 1
5481; 2
5480; 1
5482; 2
5480; 1
5482; 2
5480; 1
5482; 2
5482; 1
5484; 2
5483; 1
5485; 2
5484; 1
5486; 2
5485; 1
5487; 2
5486; 1
5488; 2
5489; 1
5491; 2
5490; 1
5492; 2
5490; 1
5492; 2
5490; 1
5492; 2
5491; 1
5493; 2
5492; 1
5494; 2
5494; 1
5496; 2
5498; 1
5500; 2
5500; 1
5502; 2
5508; 1
5510; 2
5512; 1
5514; 2
5512; 1
5514; 2
5513; 1
5515; 2
5515; 1
5517; 2
5519; 1
5521; 2
5523; 1
5525; 2
5523; 1
5525; 2
5525; 1
5527; 2
5525; 1
5527; 2
5526; 1
5528; 2
5528; 1
5530; 2
5530; 1
5532; 2
5534; 1
5536; 2
5536; 1
5538; 2
5538; 1
5540; 2
5539; 1
5541; 2
5539; 1
5541; 2
5543; 1
5545; 2
5553; 1
5555; 2
5554; 1
5556; 2
5554; 1
5556; 2
5557; 1
5559; 2
5559; 1
5561; 2
5560; 1
5562; 2
5561; 1
5563; 2
5564; 1
5566; 2
5565; 1
5567; 2
5566; 1
5568; 2
5567; 1
5569; 2
5570; 1
5572; 2
5570; 1
5572; 2
5571; 1
5573; 2
5572; 1
5574; 2
5574; 1
5576; 2
5574; 1
5576; 2
5574; 1
5576; 2
5580; 1
5582; 2
5581; 1
5583; 2
5581; 1
5583; 2
5581; 1
5583; 2
5582; 1
5584; 2
5587; 1
5589; 2
5591; 1
5593; 2
5592; 1
5594; 2
5592; 1
5594; 2
5593; 1
5595; 2
5593; 1
5595; 2
5596; 1
5598; 2
5596; 1
5598; 2
5597; 1
5599; 2
5599; 1
5601; 2
5599; 1
5601; 2
5600; 1
5602; 2
5602; 1
5604; 2
5605; 1
5607; 2
5605; 1
5607; 2
5605; 1
5607; 2
5610; 1
5612; 2
5612; 1
5614; 2
5614; 1
5616; 2
5614; 1
5616; 2
5615; 1
5617; 2
5615; 1
5617; 2
5617; 1
5619; 2
5621; 1
5623; 2
5622; 1
5624; 2
5623; 1
5625; 2
5624; 1
5626; 2
5625; 1
5627; 2
5625; 1
5627; 2
5627; 1
5629; 2
5630; 1
5632; 2
5634; 1
5636; 2
5635; 1
5637; 2
5636; 1
5638; 2
5636; 1
5638; 2
5636; 1
5638; 2
5637; 1
5639; 2
5638; 1
5640; 2
5639; 1
5641; 2
5639; 1
5641; 2
5640; 1
5642; 2
5641; 1
5643; 2
5641; 1
5643; 2
5641; 1
5643; 2
5641; 1
5643; 2
5641; 1
5643; 2
5644; 1
5646; 2
5644; 1
5646; 2
5645; 1
5647; 2
5646; 1
5648; 2
5647; 1
5649; 2
5647; 1
5649; 2
5649; 1
5651; 2
5650; 1
5652; 2
5656; 1
5658; 2
5659; 1
5661; 2
5660; 1
5662; 2
5662; 1
5664; 2
5662; 1
5664; 2
5663; 1
5665; 2
5665; 1
5667; 2
5665; 1
5667; 2
5671; 1
5673; 2
5673; 1
5675; 2
5674; 1
5676; 2
5674; 1
5676; 2
5676; 1
5678; 2
5686; 1
5688; 2
5687; 1
5689; 2
5692; 1
5694; 2
5692; 1
5694; 2
5694; 1
5696; 2
5694; 1
5696; 2
5695; 1
5697; 2
5696; 1
5698; 2
5698; 1
5700; 2
5698; 1
5700; 2
5701; 1
5703; 2
5705; 1
5707; 2
5705; 1
5707; 2
5705; 1
5707; 2
5712; 1
5714; 2
5712; 1
5714; 2
5714; 1
5716; 2
5715; 1
5717; 2
5715; 1
5717; 2
5716; 1
5718; 2
5717; 1
5719; 2
5720; 1
5722; 2
5722; 1
5724; 2
5722; 1
5724; 2
5727; 1
5729; 2
5731; 1
5733; 2
5731; 1
5733; 2
5732; 1
5734; 2
5733; 1
5735; 2
5734; 1
5736; 2
5735; 1
5737; 2
5737; 1
5739; 2
5737; 1
5739; 2
5738; 1
5740; 2
5740; 1
5742; 2
5740; 1
5742; 2
5745; 1
5747; 2
5746; 1
5748; 2
5747; 1
5749; 2
5747; 1
5749; 2
5747; 1
5749; 2
5751; 1
5753; 2
5752; 1
5754; 2
5753; 1
5755; 2
5754; 1
5756; 2
5755; 1
5757; 2
5756; 1
5758; 2
5758; 1
5760; 2
5759; 1
5761; 2
5760; 1
5762; 2
5761; 1
5763; 2
5762; 1
5764; 2
5762; 1
5764; 2
5764; 1
5766; 2
5764; 1
5766; 2
5768; 1
5770; 2
5768; 1
5770; 2
5771; 1
5773; 2
5774; 1
5776; 2
5777; 1
5779; 2
5778; 1
5780; 2
5779; 1
5781; 2
5779; 1
5781; 2
5780; 1
5782; 2
5780; 1
5782; 2
5780; 1
5782; 2
5782; 1
5784; 2
5782; 1
5784; 2
5783; 1
5785; 2
5783; 1
5785; 2
5785; 1
5787; 2
5789; 1
5791; 2
5791; 1
5793; 2
5793; 1
5795; 2
5793; 1
5795; 2
5793; 1
5795; 2
5796; 1
5798; 2
5796; 1
5798; 2
5803; 1
5805; 2
5809; 1
5811; 2
5811; 1
5813; 2
5818; 1
5820; 2
5818; 1
5820; 2
5819; 1
5821; 2
5821; 1
5823; 2
5822; 1
5824; 2
5822; 1
5824; 2
5828; 1
5830; 2
5830; 1
5832; 2
5832; 1
5834; 2
5835; 1
5837; 2
5838; 1
5840; 2
5840; 1
5842; 2
5841; 1
5843; 2
5845; 1
5847; 2
5846; 1
5848; 2
5848; 1
5850; 2
5848; 1
5850; 2
5850; 1
5852; 2
5851; 1
5853; 2
5852; 1
5854; 2
5853; 1
5855; 2
5853; 1
5855; 2
5856; 1
5858; 2
5857; 1
5859; 2
5857; 1
5859; 2
5864; 1
5866; 2
5865; 1
5867; 2
5868; 1
5870; 2
5872; 1
5874; 2
5874; 1
5876; 2
5876; 1
5878; 2
5876; 1
5878; 2
5876; 1
5878; 2
5876; 1
5878; 2
5877; 1
5879; 2
5877; 1
5879; 2
5878; 1
5880; 2
5884; 1
5886; 2
5884; 1
5886; 2
5886; 1
5888; 2
5886; 1
5888; 2
5886; 1
5888; 2
5887; 1
5889; 2
5893; 1
5895; 2
5898; 1
5900; 2
5899; 1
5901; 2
5901; 1
5903; 2
5905; 1
5907; 2
5907; 1
5909; 2
5909; 1
5911; 2
5911; 1
5913; 2
5916; 1
5918; 2
5917; 1
5919; 2
5921; 1
5923; 2
5922; 1
5924; 2
5923; 1
5925; 2
5924; 1
5926; 2
5927; 1
5929; 2
5929; 1
5931; 2
5931; 1
5933; 2
5935; 1
5937; 2
5935; 1
5937; 2
5936; 1
5938; 2
5945; 1
5947; 2
5946; 1
5948; 2
5951; 1
5953; 2
5952; 1
5954; 2
5958; 1
5960; 2
5959; 1
5961; 2
5962; 1
5964; 2
5962; 1
5964; 2
5962; 1
5964; 2
5969; 1
5971; 2
5970; 1
5972; 2
5977; 1
5979; 2
5978; 1
5980; 2
5980; 1
5982; 2
5985; 1
5987; 2
5989; 1
5991; 2
5992; 1
5994; 2
5994; 1
5996; 2
5996; 1
5998; 2
5997; 1
5999; 2
5998; 1
6000; 2
5999; 1
6001; 2
5999; 1
6001; 2
6002; 1
6004; 2
6004; 1
6006; 2
6005; 1
6007; 2
6006; 1
6008; 2
6007; 1
6009; 2
6008; 1
6010; 2
6009; 1
6011; 2
6009; 1
6011; 2
6009; 1
6011; 2
6012; 1
6014; 2
6013; 1
6015; 2
6016; 1
6018; 2
6019; 1
6021; 2
6019; 1
6021; 2
6020; 1
6022; 2
6023; 1
6025; 2
6023; 1
6025; 2
6023; 1
6025; 2
6024; 1
6026; 2
6033; 1
6035; 2
6033; 1
6035; 2
6034; 1
6036; 2
6034; 1
6036; 2
6035; 1
6037; 2
6038; 1
6040; 2
6041; 1
6043; 2
6043; 1
6045; 2
6044; 1
6046; 2
6046; 1
6048; 2
6049; 1
6051; 2
6051; 1
6053; 2
6052; 1
6054; 2
6052; 1
6054; 2
6053; 1
6055; 2
6054; 1
6056; 2
6057; 1
6059; 2
6058; 1
6060; 2
6059; 1
6061; 2
6060; 1
6062; 2
6064; 1
6066; 2
6064; 1
6066; 2
6071; 1
6073; 2
6072; 1
6074; 2
6075; 1
6077; 2
6077; 1
6079; 2
6078; 1
6080; 2
6079; 1
6081; 2
6079; 1
6081; 2
6080; 1
6082; 2
6081; 1
6083; 2
6091; 1
6093; 2
6091; 1
6093; 2
6098; 1
6100; 2
6100; 1
6102; 2
6101; 1
6103; 2
6102; 1
6104; 2
6104; 1
6106; 2
6104; 1
6106; 2
6108; 1
6110; 2
6108; 1
6110; 2
6109; 1
6111; 2
6110; 1
6112; 2
6113; 1
6115; 2
6114; 1
6116; 2
6121; 1
6123; 2
6122; 1
6124; 2
6122; 1
6124; 2
6124; 1
6126; 2
6125; 1
6127; 2
6128; 1
6130; 2
6129; 1
6131; 2
6129; 1
6131; 2
6133; 1
6135; 2
6135; 1
6137; 2
6136; 1
6138; 2
6141; 1
6143; 2
6142; 1
6144; 2
6143; 1
6145; 2
6144; 1
6146; 2
6148; 1
6150; 2
6153; 1
6155; 2
6153; 1
6155; 2
6154; 1
6156; 2
6155; 1
6157; 2
6157; 1
6159; 2
6158; 1
6160; 2
6160; 1
6162; 2
6161; 1
6163; 2
6162; 1
6164; 2
6163; 1
6165; 2
6164; 1
6166; 2
6170; 1
6172; 2
6170; 1
6172; 2
6172; 1
6174; 2
6174; 1
6176; 2
6174; 1
6176; 2
6176; 1
6178; 2
6176; 1
6178; 2
6180; 1
6182; 2
6180; 1
6182; 2
6180; 1
6182; 2
6186; 1
6188; 2
6188; 1
6190; 2
6190; 1
6192; 2
6192; 1
6194; 2
6192; 1
6194; 2
6195; 1
6197; 2
6196; 1
6198; 2
6198; 1
6200; 2
6198; 1
6200; 2
6198; 1
6200; 2
6198; 1
6200; 2
6203; 1
6205; 2
6204; 1
6206; 2
6204; 1
6206; 2
6207; 1
6209; 2
6208; 1
6210; 2
6208; 1
6210; 2
6210; 1
6212; 2
6211; 1
6213; 2
6221; 1
6223; 2
6224; 1
6226; 2
6230; 1
6232; 2
6230; 1
6232; 2
6231; 1
6233; 2
6231; 1
6233; 2
6233; 1
6235; 2
6237; 1
6239; 2
6238; 1
6240; 2
6239; 1
6241; 2
6241; 1
6243; 2
6243; 1
6245; 2
6244; 1
6246; 2
6247; 1
6249; 2
6249; 1
6251; 2
6252; 1
6254; 2
6257; 1
6259; 2
6260; 1
6262; 2
6260; 1
6262; 2
6261; 1
6263; 2
6272; 1
6274; 2
6274; 1
6276; 2
6280; 1
6282; 2
6288; 1
6290; 2
6288; 1
6290; 2
6291; 1
6293; 2
6292; 1
6294; 2
6296; 1
6298; 2
6298; 1
6300; 2
6299; 1
6301; 2
6301; 1
6303; 2
6303; 1
6305; 2
6304; 1
6306; 2
6304; 1
6306; 2
6307; 1
6309; 2
6307; 1
6309; 2
6308; 1
6310; 2
6310; 1
6312; 2
6313; 1
6315; 2
6314; 1
6316; 2
6317; 1
6319; 2
6322; 1
6324; 2
6322; 1
6324; 2
6325; 1
6327; 2
6330; 1
6332; 2
6333; 1
6335; 2
6334; 1
6336; 2
6334; 1
6336; 2
6341; 1
6343; 2
6342; 1
6344; 2
6342; 1
6344; 2
6344; 1
6346; 2
6348; 1
6350; 2
6349; 1
6351; 2
6350; 1
6352; 2
6352; 1
6354; 2
6354; 1
6356; 2
6355; 1
6357; 2
6364; 1
6366; 2
6364; 1
6366; 2
6366; 1
6368; 2
6367; 1
6369; 2
6372; 1
6374; 2
6373; 1
6375; 2
6373; 1
6375; 2
6373; 1
6375; 2
6375; 1
6377; 2
6379; 1
6381; 2
6379; 1
6381; 2
6386; 1
6388; 2
6389; 1
6391; 2
6389; 1
6391; 2
6390; 1
6392; 2
6390; 1
6392; 2
6392; 1
6394; 2
6392; 1
6394; 2
6395; 1
6397; 2
6396; 1
6398; 2
6397; 1
6399; 2
6397; 1
6399; 2
6398; 1
6400; 2
6400; 1
6402; 2
6401; 1
6403; 2
6401; 1
6403; 2
6405; 1
6407; 2
6407; 1
6409; 2
6407; 1
6409; 2
6408; 1
6410; 2
6409; 1
6411; 2
6410; 1
6412; 2
6414; 1
6416; 2
6418; 1
6420; 2
6420; 1
6422; 2
6420; 1
6422; 2
6422; 1
6424; 2
6423; 1
6425; 2
6423; 1
6425; 2
6423; 1
6425; 2
6423; 1
6425; 2
6426; 1
6428; 2
6426; 1
6428; 2
6432; 1
6434; 2
6433; 1
6435; 2
6435; 1
6437; 2
6436; 1
6438; 2
6436; 1
6438; 2
6437; 1
6439; 2
6437; 1
6439; 2
6437; 1
6439; 2
6438; 1
6440; 2
6442; 1
6444; 2
6443; 1
6445; 2
6444; 1
6446; 2
6444; 1
6446; 2
6445; 1
6447; 2
6446; 1
6448; 2
6448; 1
6450; 2
6453; 1
6455; 2
6455; 1
6457; 2
6455; 1
6457; 2
6456; 1
6458; 2
6456; 1
6458; 2
6456; 1
6458; 2
6460; 1
6462; 2
6461; 1
6463; 2
6462; 1
6464; 2
6463; 1
6465; 2
6463; 1
6465; 2
6464; 1
6466; 2
6468; 1
6470; 2
6471; 1
6473; 2
6474; 1
6476; 2
6475; 1
6477; 2
6477; 1
6479; 2
6477; 1
6479; 2
6477; 1
6479; 2
6479; 1
6481; 2
6481; 1
6483; 2
6483; 1
6485; 2
6483; 1
6485; 2
6484; 1
6486; 2
6485; 1
6487; 2
6488; 1
6490; 2
6489; 1
6491; 2
6491; 1
6493; 2
6491; 1
6493; 2
6493; 1
6495; 2
6494; 1
6496; 2
6495; 1
6497; 2
6500; 1
6502; 2
6502; 1
6504; 2
6506; 1
6508; 2
6507; 1
6509; 2
6514; 1
6516; 2
6514; 1
6516; 2
6515; 1
6517; 2
6515; 1
6517; 2
6518; 1
6520; 2
6527; 1
6529; 2
6527; 1
6529; 2
6527; 1
6529; 2
6529; 1
6531; 2
6533; 1
6535; 2
6534; 1
6536; 2
6534; 1
6536; 2
6535; 1
6537; 2
6535; 1
6537; 2
6541; 1
6543; 2
6543; 1
6545; 2
6544; 1
6546; 2
6546; 1
6548; 2
6546; 1
6548; 2
6546; 1
6548; 2
6547; 1
6549; 2
6548; 1
6550; 2
6548; 1
6550; 2
6555; 1
6557; 2
6558; 1
6560; 2
6559; 1
6561; 2
6561; 1
6563; 2
6561; 1
6563; 2
6565; 1
6567; 2
6566; 1
6568; 2
6567; 1
6569; 2
6571; 1
6573; 2
6571; 1
6573; 2
6573; 1
6575; 2
6574; 1
6576; 2
6574; 1
6576; 2
6575; 1
6577; 2
6576; 1
6578; 2
6580; 1
6582; 2
6580; 1
6582; 2
6582; 1
6584; 2
6582; 1
6584; 2
6585; 1
6587; 2
6587; 1
6589; 2
6593; 1
6595; 2
6594; 1
6596; 2
6595; 1
6597; 2
6599; 1
6601; 2
6599; 1
6601; 2
6600; 1
6602; 2
6604; 1
6606; 2
6605; 1
6607; 2
6607; 1
6609; 2
6610; 1
6612; 2
6613; 1
6615; 2
6614; 1
6616; 2
6616; 1
6618; 2
6617; 1
6619; 2
6617; 1
6619; 2
6618; 1
6620; 2
6618; 1
6620; 2
6620; 1
6622; 2
6620; 1
6622; 2
6621; 1
6623; 2
6622; 1
6624; 2
6622; 1
6624; 2
6623; 1
6625; 2
6623; 1
6625; 2
6626; 1
6628; 2
6626; 1
6628; 2
6628; 1
6630; 2
6629; 1
6631; 2
6638; 1
6640; 2
6640; 1
6642; 2
6641; 1
6643; 2
6643; 1
6645; 2
6643; 1
6645; 2
6649; 1
6651; 2
6652; 1
6654; 2
6653; 1
6655; 2
6655; 1
6657; 2
6658; 1
6660; 2
6659; 1
6661; 2
6661; 1
6663; 2
6662; 1
6664; 2
6662; 1
6664; 2
6663; 1
6665; 2
6666; 1
6668; 2
6666; 1
6668; 2
6668; 1
6670; 2
6668; 1
6670; 2
6670; 1
6672; 2
6671; 1
6673; 2
6672; 1
6674; 2
6673; 1
6675; 2
6675; 1
6677; 2
6677; 1
6679; 2
6678; 1
6680; 2
6680; 1
6682; 2
6681; 1
6683; 2
6684; 1
6686; 2
6684; 1
6686; 2
6686; 1
6688; 2
6687; 1
6689; 2
6688; 1
6690; 2
6690; 1
6692; 2
6691; 1
6693; 2
6693; 1
6695; 2
6697; 1
6699; 2
6698; 1
6700; 2
6698; 1
6700; 2
6702; 1
6704; 2
6706; 1
6708; 2
6706; 1
6708; 2
6707; 1
6709; 2
6712; 1
6714; 2
6715; 1
6717; 2
6715; 1
6717; 2
6717; 1
6719; 2
6718; 1
6720; 2
6720; 1
6722; 2
6720; 1
6722; 2
6721; 1
6723; 2
6724; 1
6726; 2
6725; 1
6727; 2
6731; 1
6733; 2
6737; 1
6739; 2
6737; 1
6739; 2
6738; 1
6740; 2
6738; 1
6740; 2
6739; 1
6741; 2
6740; 1
6742; 2
6740; 1
6742; 2
6741; 1
6743; 2
6744; 1
6746; 2
6745; 1
6747; 2
6746; 1
6748; 2
6746; 1
6748; 2
6754; 1
6756; 2
6760; 1
6762; 2
6761; 1
6763; 2
6761; 1
6763; 2
6765; 1
6767; 2
6765; 1
6767; 2
6768; 1
6770; 2
6776; 1
6778; 2
6776; 1
6778; 2
6781; 1
6783; 2
6783; 1
6785; 2
6784; 1
6786; 2
6785; 1
6787; 2
6785; 1
6787; 2
6786; 1
6788; 2
6790; 1
6792; 2
6791; 1
6793; 2
6791; 1
6793; 2
6792; 1
6794; 2
6793; 1
6795; 2
6795; 1
6797; 2
6796; 1
6798; 2
6797; 1
6799; 2
6797; 1
6799; 2
6804; 1
6806; 2
6804; 1
6806; 2
6805; 1
6807; 2
6805; 1
6807; 2
6806; 1
6808; 2
6806; 1
6808; 2
6808; 1
6810; 2
6809; 1
6811; 2
6814; 1
6816; 2
6814; 1
6816; 2
6814; 1
6816; 2
6815; 1
6817; 2
6815; 1
6817; 2
6817; 1
6819; 2
6818; 1
6820; 2
6823; 1
6825; 2
6823; 1
6825; 2
6825; 1
6827; 2
6832; 1
6834; 2
6834; 1
6836; 2
6838; 1
6840; 2
6844; 1
6846; 2
6844; 1
6846; 2
6844; 1
6846; 2
6846; 1
6848; 2
6846; 1
6848; 2
6847; 1
6849; 2
6848; 1
6850; 2
6848; 1
6850; 2
6850; 1
6852; 2
6851; 1
6853; 2
6852; 1
6854; 2
6855; 1
6857; 2
6857; 1
6859; 2
6858; 1
6860; 2
6858; 1
6860; 2
6865; 1
6867; 2
6865; 1
6867; 2
6867; 1
6869; 2
6867; 1
6869; 2
6869; 1
6871; 2
6872; 1
6874; 2
6873; 1
6875; 2
6873; 1
6875; 2
6876; 1
6878; 2
6877; 1
6879; 2
6878; 1
6880; 2
6882; 1
6884; 2
6883; 1
6885; 2
6884; 1
6886; 2
6891; 1
6893; 2
6891; 1
6893; 2
6893; 1
6895; 2
6898; 1
6900; 2
6898; 1
6900; 2
6901; 1
6903; 2
6903; 1
6905; 2
6904; 1
6906; 2
6905; 1
6907; 2
6906; 1
6908; 2
6907; 1
6909; 2
6911; 1
6913; 2
6915; 1
6917; 2
6919; 1
6921; 2
6921; 1
6923; 2
6923; 1
6925; 2
6928; 1
6930; 2
6929; 1
6931; 2
6929; 1
6931; 2
6934; 1
6936; 2
6938; 1
6940; 2
6938; 1
6940; 2
6942; 1
6944; 2
6944; 1
6946; 2
6947; 1
6949; 2
6948; 1
6950; 2
6952; 1
6954; 2
6953; 1
6955; 2
6953; 1
6955; 2
6954; 1
6956; 2
6954; 1
6956; 2
6956; 1
6958; 2
6956; 1
6958; 2
6956; 1
6958; 2
6957; 1
6959; 2
6959; 1
6961; 2
6960; 1
6962; 2
6961; 1
6963; 2
6962; 1
6964; 2
6963; 1
6965; 2
6964; 1
6966; 2
6969; 1
6971; 2
6971; 1
6973; 2
6973; 1
6975; 2
6974; 1
6976; 2
6975; 1
6977; 2
6975; 1
6977; 2
6976; 1
6978; 2
6976; 1
6978; 2
6977; 1
6979; 2
6980; 1
6982; 2
6980; 1
6982; 2
6981; 1
6983; 2
6984; 1
6986; 2
6985; 1
6987; 2
6986; 1
6988; 2
6991; 1
6993; 2
6991; 1
6993; 2
6992; 1
6994; 2
6992; 1
6994; 2
6992; 1
6994; 2
6993; 1
6995; 2
6994; 1
6996; 2
6995; 1
6997; 2
6997; 1
6999; 2
6999; 1
7001; 2
7000; 1
7002; 2
7002; 1
7004; 2
7004; 1
7006; 2
7005; 1
7007; 2
7006; 1
7008; 2
7006; 1
7008; 2
7008; 1
7010; 2
7009; 1
7011; 2
7009; 1
7011; 2
7009; 1
7011; 2
7010; 1
7012; 2
7010; 1
7012; 2
7011; 1
7013; 2
7013; 1
7015; 2
7014; 1
7016; 2
7014; 1
7016; 2
7015; 1
7017; 2
7016; 1
7018; 2
7017; 1
7019; 2
7018; 1
7020; 2
7018; 1
7020; 2
7019; 1
7021; 2
7020; 1
7022; 2
7020; 1
7022; 2
7021; 1
7023; 2
7021; 1
7023; 2
7022; 1
7024; 2
7023; 1
7025; 2
7024; 1
7026; 2
7025; 1
7027; 2
7026; 1
7028; 2
7028; 1
7030; 2
7030; 1
7032; 2
7034; 1
7036; 2
7035; 1
7037; 2
7035; 1
7037; 2
7041; 1
7043; 2
7042; 1
7044; 2
7045; 1
7047; 2
7047; 1
7049; 2
7048; 1
7050; 2
7052; 1
7054; 2
7053; 1
7055; 2
7053; 1
7055; 2
7053; 1
7055; 2
7058; 1
7060; 2
7059; 1
7061; 2
7061; 1
7063; 2
7061; 1
7063; 2
7061; 1
7063; 2
7063; 1
7065; 2
7068; 1
7070; 2
7069; 1
7071; 2
7074; 1
7076; 2
7074; 1
7076; 2
7076; 1
7078; 2
7077; 1
7079; 2
7077; 1
7079; 2
7078; 1
7080; 2
7078; 1
7080; 2
7079; 1
7081; 2
7084; 1
7086; 2
7087; 1
7089; 2
7091; 1
7093; 2
7092; 1
7094; 2
7093; 1
7095; 2
7095; 1
7097; 2
7095; 1
7097; 2
7097; 1
7099; 2
7098; 1
7100; 2
7101; 1
7103; 2
7101; 1
7103; 2
7106; 1
7108; 2
7107; 1
7109; 2
7108; 1
7110; 2
7108; 1
7110; 2
7110; 1
7112; 2
7112; 1
7114; 2
7112; 1
7114; 2
7113; 1
7115; 2
7118; 1
7120; 2
7120; 1
7122; 2
7120; 1
7122; 2
7121; 1
7123; 2
7121; 1
7123; 2
7123; 1
7125; 2
7123; 1
7125; 2
7125; 1
7127; 2
7126; 1
7128; 2
7127; 1
7129; 2
7128; 1
7130; 2
7128; 1
7130; 2
7130; 1
7132; 2
7131; 1
7133; 2
7133; 1
7135; 2
7133; 1
7135; 2
7135; 1
7137; 2
7136; 1
7138; 2
7136; 1
7138; 2
7138; 1
7140; 2
7141; 1
7143; 2
7143; 1
7145; 2
7144; 1
7146; 2
7147; 1
7149; 2
7147; 1
7149; 2
7149; 1
7151; 2
7149; 1
7151; 2
7149; 1
7151; 2
7150; 1
7152; 2
7150; 1
7152; 2
7154; 1
7156; 2
7154; 1
7156; 2
7155; 1
7157; 2
7156; 1
7158; 2
7158; 1
7160; 2
7158; 1
7160; 2
7160; 1
7162; 2
7161; 1
7163; 2
7162; 1
7164; 2
7163; 1
7165; 2
7168; 1
7170; 2
7169; 1
7171; 2
7169; 1
7171; 2
7169; 1
7171; 2
7171; 1
7173; 2
7172; 1
7174; 2
7174; 1
7176; 2
7175; 1
7177; 2
7177; 1
7179; 2
7178; 1
7180; 2
7181; 1
7183; 2
7182; 1
7184; 2
7184; 1
7186; 2
7184; 1
7186; 2
7185; 1
7187; 2
7189; 1
7191; 2
7190; 1
7192; 2
7190; 1
7192; 2
7191; 1
7193; 2
7191; 1
7193; 2
7195; 1
7197; 2
7197; 1
7199; 2
7201; 1
7203; 2
7201; 1
7203; 2
7203; 1
7205; 2
7205; 1
7207; 2
7208; 1
7210; 2
7208; 1
7210; 2
7209; 1
7211; 2
7209; 1
7211; 2
7209; 1
7211; 2
7210; 1
7212; 2
7211; 1
7213; 2
7213; 1
7215; 2
7215; 1
7217; 2
7215; 1
7217; 2
7216; 1
7218; 2
7217; 1
7219; 2
7218; 1
7220; 2
7218; 1
7220; 2
7223; 1
7225; 2
7228; 1
7230; 2
7231; 1
7233; 2
7235; 1
7237; 2
7236; 1
7238; 2
7238; 1
7240; 2
7239; 1
7241; 2
7240; 1
7242; 2
7240; 1
7242; 2
7240; 1
7242; 2
7241; 1
7243; 2
7245; 1
7247; 2
7248; 1
7250; 2
7248; 1
7250; 2
7251; 1
7253; 2
7252; 1
7254; 2
7254; 1
7256; 2
7256; 1
7258; 2
7257; 1
7259; 2
7259; 1
7261; 2
7259; 1
7261; 2
7260; 1
7262; 2
7261; 1
7263; 2
7261; 1
7263; 2
7262; 1
7264; 2
7264; 1
7266; 2
7264; 1
7266; 2
7265; 1
7267; 2
7267; 1
7269; 2
7276; 1
7278; 2
7278; 1
7280; 2
7279; 1
7281; 2
7279; 1
7281; 2
7283; 1
7285; 2
7283; 1
7285; 2
7285; 1
7287; 2
7286; 1
7288; 2
7287; 1
7289; 2
7288; 1
7290; 2
7289; 1
7291; 2
7290; 1
7292; 2
7293; 1
7295; 2
7299; 1
7301; 2
7303; 1
7305; 2
7304; 1
7306; 2
7304; 1
7306; 2
7307; 1
7309; 2
7307; 1
7309; 2
7308; 1
7310; 2
7313; 1
7315; 2
7313; 1
7315; 2
7313; 1
7315; 2
7317; 1
7319; 2
7318; 1
7320; 2
7319; 1
7321; 2
7320; 1
7322; 2
7321; 1
7323; 2
7324; 1
7326; 2
7326; 1
7328; 2
7328; 1
7330; 2
7329; 1
7331; 2
7331; 1
7333; 2
7331; 1
7333; 2
7332; 1
7334; 2
7332; 1
7334; 2
7334; 1
7336; 2
7337; 1
7339; 2
7338; 1
7340; 2
7338; 1
7340; 2
7340; 1
7342; 2
7341; 1
7343; 2
7342; 1
7344; 2
7344; 1
7346; 2
7346; 1
7348; 2
7351; 1
7353; 2
7354; 1
7356; 2
7354; 1
7356; 2
7355; 1
7357; 2
7360; 1
7362; 2
7360; 1
7362; 2
7361; 1
7363; 2
7363; 1
7365; 2
7367; 1
7369; 2
7368; 1
7370; 2
7369; 1
7371; 2
7371; 1
7373; 2
7372; 1
7374; 2
7373; 1
7375; 2
7374; 1
7376; 2
7376; 1
7378; 2
7377; 1
7379; 2
7379; 1
7381; 2
7381; 1
7383; 2
7381; 1
7383; 2
7382; 1
7384; 2
7383; 1
7385; 2
7388; 1
7390; 2
7391; 1
7393; 2
7393; 1
7395; 2
7397; 1
7399; 2
7397; 1
7399; 2
7398; 1
7400; 2
7399; 1
7401; 2
7401; 1
7403; 2
7403; 1
7405; 2
7404; 1
7406; 2
7404; 1
7406; 2
7407; 1
7409; 2
7407; 1
7409; 2
7410; 1
7412; 2
7410; 1
7412; 2
7411; 1
7413; 2
7412; 1
7414; 2
7413; 1
7415; 2
7420; 1
7422; 2
7422; 1
7424; 2
7423; 1
7425; 2
7424; 1
7426; 2
7428; 1
7430; 2
7429; 1
7431; 2
7430; 1
7432; 2
7432; 1
7434; 2
7432; 1
7434; 2
7433; 1
7435; 2
7433; 1
7435; 2
7433; 1
7435; 2
7434; 1
7436; 2
7434; 1
7436; 2
7435; 1
7437; 2
7442; 1
7444; 2
7443; 1
7445; 2
7443; 1
7445; 2
7447; 1
7449; 2
7448; 1
7450; 2
7448; 1
7450; 2
7448; 1
7450; 2
7451; 1
7453; 2
7452; 1
7454; 2
7453; 1
7455; 2
7454; 1
7456; 2
7456; 1
7458; 2
7456; 1
7458; 2
7457; 1
7459; 2
7458; 1
7460; 2
7460; 1
7462; 2
7465; 1
7467; 2
7471; 1
7473; 2
7473; 1
7475; 2
7479; 1
7481; 2
7482; 1
7484; 2
7493; 1
7495; 2
7493; 1
7495; 2
7494; 1
7496; 2
7494; 1
7496; 2
7494; 1
7496; 2
7496; 1
7498; 2
7499; 1
7501; 2
7500; 1
7502; 2
7501; 1
7503; 2
7501; 1
7503; 2
7503; 1
7505; 2
7505; 1
7507; 2
7506; 1
7508; 2
7506; 1
7508; 2
7507; 1
7509; 2
7507; 1
7509; 2
7510; 1
7512; 2
7511; 1
7513; 2
7512; 1
7514; 2
7515; 1
7517; 2
7516; 1
7518; 2
7517; 1
7519; 2
7519; 1
7521; 2
7521; 1
7523; 2
7522; 1
7524; 2
7525; 1
7527; 2
7527; 1
7529; 2
7529; 1
7531; 2
7534; 1
7536; 2
7537; 1
7539; 2
7537; 1
7539; 2
7542; 1
7544; 2
7542; 1
7544; 2
7544; 1
7546; 2
7546; 1
7548; 2
7546; 1
7548; 2
7546; 1
7548; 2
7547; 1
7549; 2
7547; 1
7549; 2
7548; 1
7550; 2
7549; 1
7551; 2
7551; 1
7553; 2
7553; 1
7555; 2
7558; 1
7560; 2
7564; 1
7566; 2
7569; 1
7571; 2
7569; 1
7571; 2
7574; 1
7576; 2
7575; 1
7577; 2
7576; 1
7578; 2
7576; 1
7578; 2
7583; 1
7585; 2
7588; 1
7590; 2
7589; 1
7591; 2
7594; 1
7596; 2
7594; 1
7596; 2
7596; 1
7598; 2
7597; 1
7599; 2
7598; 1
7600; 2
7603; 1
7605; 2
7603; 1
7605; 2
7603; 1
7605; 2
7605; 1
7607; 2
7605; 1
7607; 2
7607; 1
7609; 2
7607; 1
7609; 2
7610; 1
7612; 2
7611; 1
7613; 2
7612; 1
7614; 2
7616; 1
7618; 2
7617; 1
7619; 2
7619; 1
7621; 2
7619; 1
7621; 2
7620; 1
7622; 2
7621; 1
7623; 2
7621; 1
7623; 2
7625; 1
7627; 2
7631; 1
7633; 2
7631; 1
7633; 2
7637; 1
7639; 2
7640; 1
7642; 2
7642; 1
7644; 2
7644; 1
7646; 2
7647; 1
7649; 2
7647; 1
7649; 2
7648; 1
7650; 2
7650; 1
7652; 2
7652; 1
7654; 2
7654; 1
7656; 2
7658; 1
7660; 2
7658; 1
7660; 2
7660; 1
7662; 2
7664; 1
7666; 2
7664; 1
7666; 2
7668; 1
7670; 2
7669; 1
7671; 2
7670; 1
7672; 2
7670; 1
7672; 2
7671; 1
7673; 2
7671; 1
7673; 2
7672; 1
7674; 2
7674; 1
7676; 2
7680; 1
7682; 2
7682; 1
7684; 2
7684; 1
7686; 2
7685; 1
7687; 2
7687; 1
7689; 2
7688; 1
7690; 2
7689; 1
7691; 2
7690; 1
7692; 2
7690; 1
7692; 2
7691; 1
7693; 2
7693; 1
7695; 2
7696; 1
7698; 2
7699; 1
7701; 2
7701; 1
7703; 2
7703; 1
7705; 2
7706; 1
7708; 2
7711; 1
7713; 2
7715; 1
7717; 2
7716; 1
7718; 2
7717; 1
7719; 2
7722; 1
7724; 2
7723; 1
7725; 2
7724; 1
7726; 2
7724; 1
7726; 2
7726; 1
7728; 2
7726; 1
7728; 2
7726; 1
7728; 2
7730; 1
7732; 2
7733; 1
7735; 2
7739; 1
7741; 2
7741; 1
7743; 2
7741; 1
7743; 2
7749; 1
7751; 2
7749; 1
7751; 2
7750; 1
7752; 2
7760; 1
7762; 2
7763; 1
7765; 2
7764; 1
7766; 2
7765; 1
7767; 2
7766; 1
7768; 2
7768; 1
7770; 2
7769; 1
7771; 2
7770; 1
7772; 2
7775; 1
7777; 2
7777; 1
7779; 2
7778; 1
7780; 2
7778; 1
7780; 2
7778; 1
7780; 2
7781; 1
7783; 2
7782; 1
7784; 2
7785; 1
7787; 2
7786; 1
7788; 2
7786; 1
7788; 2
7788; 1
7790; 2
7788; 1
7790; 2
7791; 1
7793; 2
7793; 1
7795; 2
7794; 1
7796; 2
7796; 1
7798; 2
7798; 1
7800; 2
7799; 1
7801; 2
7800; 1
7802; 2
7801; 1
7803; 2
7801; 1
7803; 2
7809; 1
7811; 2
7812; 1
7814; 2
7814; 1
7816; 2
7814; 1
7816; 2
7814; 1
7816; 2
7814; 1
7816; 2
7814; 1
7816; 2
7816; 1
7818; 2
7818; 1
7820; 2
7819; 1
7821; 2
7820; 1
7822; 2
7821; 1
7823; 2
7825; 1
7827; 2
7827; 1
7829; 2
7827; 1
7829; 2
7832; 1
7834; 2
7832; 1
7834; 2
7833; 1
7835; 2
7839; 1
7841; 2
7841; 1
7843; 2
7841; 1
7843; 2
7841; 1
7843; 2
7846; 1
7848; 2
7847; 1
7849; 2
7851; 1
7853; 2
7852; 1
7854; 2
7854; 1
7856; 2
7856; 1
7858; 2
7860; 1
7862; 2
7860; 1
7862; 2
7861; 1
7863; 2
7863; 1
7865; 2
7863; 1
7865; 2
7864; 1
7866; 2
7867; 1
7869; 2
7868; 1
7870; 2
7869; 1
7871; 2
7870; 1
7872; 2
7875; 1
7877; 2
7876; 1
7878; 2
7877; 1
7879; 2
7882; 1
7884; 2
7883; 1
7885; 2
7883; 1
7885; 2
7887; 1
7889; 2
7889; 1
7891; 2
7892; 1
7894; 2
7893; 1
7895; 2
7894; 1
7896; 2
7894; 1
7896; 2
7895; 1
7897; 2
7896; 1
7898; 2
7896; 1
7898; 2
7898; 1
7900; 2
7898; 1
7900; 2
7899; 1
7901; 2
7901; 1
7903; 2
7901; 1
7903; 2
7903; 1
7905; 2
7908; 1
7910; 2
7908; 1
7910; 2
7909; 1
7911; 2
7911; 1
7913; 2
7912; 1
7914; 2
7917; 1
7919; 2
7920; 1
7922; 2
7924; 1
7926; 2
7930; 1
7932; 2
7930; 1
7932; 2
7932; 1
7934; 2
7933; 1
7935; 2
7935; 1
7937; 2
7936; 1
7938; 2
7937; 1
7939; 2
7938; 1
7940; 2
7941; 1
7943; 2
7942; 1
7944; 2
7944; 1
7946; 2
7945; 1
7947; 2
7948; 1
7950; 2
7949; 1
7951; 2
7952; 1
7954; 2
7952; 1
7954; 2
7953; 1
7955; 2
7953; 1
7955; 2
7954; 1
7956; 2
7954; 1
7956; 2
7954; 1
7956; 2
7954; 1
7956; 2
7957; 1
7959; 2
7959; 1
7961; 2
7961; 1
7963; 2
7961; 1
7963; 2
7961; 1
7963; 2
7962; 1
7964; 2
7964; 1
7966; 2
7971; 1
7973; 2
7971; 1
7973; 2
7974; 1
7976; 2
7974; 1
7976; 2
7975; 1
7977; 2
7979; 1
7981; 2
7980; 1
7982; 2
7980; 1
7982; 2
7982; 1
7984; 2
7982; 1
7984; 2
7982; 1
7984; 2
7983; 1
7985; 2
7985; 1
7987; 2
7988; 1
7990; 2
7990; 1
7992; 2
7992; 1
7994; 2
7993; 1
7995; 2
7996; 1
7998; 2
8000; 1
8002; 2
8002; 1
8004; 2
8004; 1
8006; 2
8007; 1
8009; 2
8009; 1
8011; 2
8012; 1
8014; 2
8012; 1
8014; 2
8013; 1
8015; 2
8015; 1
8017; 2
8015; 1
8017; 2
8016; 1
8018; 2
8018; 1
8020; 2
8025; 1
8027; 2
8027; 1
8029; 2
8029; 1
8031; 2
8029; 1
8031; 2
8029; 1
8031; 2
8030; 1
8032; 2
8031; 1
8033; 2
8033; 1
8035; 2
8033; 1
8035; 2
8037; 1
8039; 2
8038; 1
8040; 2
8041; 1
8043; 2
8047; 1
8049; 2
8050; 1
8052; 2
8052; 1
8054; 2
8054; 1
8056; 2
8056; 1
8058; 2
8056; 1
8058; 2
8058; 1
8060; 2
8059; 1
8061; 2
8059; 1
8061; 2
8060; 1
8062; 2
8064; 1
8066; 2
8065; 1
8067; 2
8067; 1
8069; 2
8067; 1
8069; 2
8068; 1
8070; 2
8071; 1
8073; 2
8071; 1
8073; 2
8073; 1
8075; 2
8076; 1
8078; 2
8080; 1
8082; 2
8080; 1
8082; 2
8081; 1
8083; 2
8085; 1
8087; 2
8086; 1
8088; 2
8094; 1
8096; 2
8098; 1
8100; 2
8099; 1
8101; 2
8101; 1
8103; 2
8102; 1
8104; 2
8102; 1
8104; 2
8103; 1
8105; 2
8116; 1
8118; 2
8120; 1
8122; 2
8120; 1
8122; 2
8123; 1
8125; 2
8123; 1
8125; 2
8124; 1
8126; 2
8125; 1
8127; 2
8125; 1
8127; 2
8129; 1
8131; 2
8129; 1
8131; 2
8131; 1
8133; 2
8132; 1
8134; 2
8132; 1
8134; 2
8136; 1
8138; 2
8136; 1
8138; 2
8136; 1
8138; 2
8137; 1
8139; 2
8138; 1
8140; 2
8139; 1
8141; 2
8140; 1
8142; 2
8143; 1
8145; 2
8145; 1
8147; 2
8145; 1
8147; 2
8145; 1
8147; 2
8147; 1
8149; 2
8149; 1
8151; 2
8149; 1
8151; 2
8149; 1
8151; 2
8152; 1
8154; 2
8154; 1
8156; 2
8159; 1
8161; 2
8163; 1
8165; 2
8163; 1
8165; 2
8165; 1
8167; 2
8166; 1
8168; 2
8166; 1
8168; 2
8166; 1
8168; 2
8167; 1
8169; 2
8168; 1
8170; 2
8170; 1
8172; 2
8172; 1
8174; 2
8173; 1
8175; 2
8174; 1
8176; 2
8176; 1
8178; 2
8176; 1
8178; 2
8177; 1
8179; 2
8181; 1
8183; 2
8182; 1
8184; 2
8183; 1
8185; 2
8193; 1
8195; 2
8195; 1
8197; 2
8197; 1
8199; 2
8197; 1
8199; 2
8202; 1
8204; 2
8202; 1
8204; 2
8204; 1
8206; 2
8204; 1
8206; 2
8205; 1
8207; 2
8211; 1
8213; 2
8211; 1
8213; 2
8213; 1
8215; 2
8213; 1
8215; 2
8214; 1
8216; 2
8219; 1
8221; 2
8220; 1
8222; 2
8220; 1
8222; 2
8221; 1
8223; 2
8223; 1
8225; 2
8224; 1
8226; 2
8224; 1
8226; 2
8226; 1
8228; 2
8228; 1
8230; 2
8228; 1
8230; 2
8232; 1
8234; 2
8232; 1
8234; 2
8236; 1
8238; 2
8237; 1
8239; 2
8238; 1
8240; 2
8240; 1
8242; 2
8247; 1
8249; 2
8247; 1
8249; 2
8248; 1
8250; 2
8250; 1
8252; 2
8251; 1
8253; 2
8251; 1
8253; 2
8253; 1
8255; 2
8257; 1
8259; 2
8258; 1
8260; 2
8259; 1
8261; 2
8261; 1
8263; 2
8262; 1
8264; 2
8263; 1
8265; 2
8265; 1
8267; 2
8265; 1
8267; 2
8266; 1
8268; 2
8269; 1
8271; 2
8269; 1
8271; 2
8269; 1
8271; 2
8269; 1
8271; 2
8270; 1
8272; 2
8271; 1
8273; 2
8278; 1
8280; 2
8279; 1
8281; 2
8280; 1
8282; 2
8280; 1
8282; 2
8281; 1
8283; 2
8282; 1
8284; 2
8282; 1
8284; 2
8283; 1
8285; 2
8283; 1
8285; 2
8286; 1
8288; 2
8287; 1
8289; 2
8291; 1
8293; 2
8297; 1
8299; 2
8297; 1
8299; 2
8298; 1
8300; 2
8299; 1
8301; 2
8306; 1
8308; 2
8313; 1
8315; 2
8313; 1
8315; 2
8314; 1
8316; 2
8315; 1
8317; 2
8319; 1
8321; 2
8321; 1
8323; 2
8322; 1
8324; 2
8323; 1
8325; 2
8323; 1
8325; 2
8325; 1
8327; 2
8330; 1
8332; 2
8330; 1
8332; 2
8331; 1
8333; 2
8332; 1
8334; 2
8332; 1
8334; 2
8332; 1
8334; 2
8332; 1
8334; 2
8333; 1
8335; 2
8334; 1
8336; 2
8335; 1
8337; 2
8335; 1
8337; 2
8336; 1
8338; 2
8339; 1
8341; 2
8340; 1
8342; 2
8344; 1
8346; 2
8344; 1
8346; 2
8346; 1
8348; 2
8350; 1
8352; 2
8350; 1
8352; 2
8352; 1
8354; 2
8355; 1
8357; 2
8358; 1
8360; 2
8358; 1
8360; 2
8361; 1
8363; 2
8366; 1
8368; 2
8367; 1
8369; 2
8375; 1
8377; 2
8379; 1
8381; 2
8379; 1
8381; 2
8381; 1
8383; 2
8382; 1
8384; 2
8385; 1
8387; 2
8387; 1
8389; 2
8388; 1
8390; 2
8393; 1
8395; 2
8394; 1
8396; 2
8397; 1
8399; 2
8399; 1
8401; 2
8402; 1
8404; 2
8403; 1
8405; 2
8409; 1
8411; 2
8409; 1
8411; 2
8409; 1
8411; 2
8412; 1
8414; 2
8414; 1
8416; 2
8415; 1
8417; 2
8418; 1
8420; 2
8419; 1
8421; 2
8421; 1
8423; 2
8423; 1
8425; 2
8424; 1
8426; 2
8425; 1
8427; 2
8425; 1
8427; 2
8426; 1
8428; 2
8426; 1
8428; 2
8430; 1
8432; 2
8433; 1
8435; 2
8433; 1
8435; 2
8437; 1
8439; 2
8438; 1
8440; 2
8439; 1
8441; 2
8440; 1
8442; 2
8442; 1
8444; 2
8442; 1
8444; 2
8446; 1
8448; 2
8446; 1
8448; 2
8448; 1
8450; 2
8448; 1
8450; 2
8450; 1
8452; 2
8450; 1
8452; 2
8451; 1
8453; 2
8452; 1
8454; 2
8453; 1
8455; 2
8454; 1
8456; 2
8455; 1
8457; 2
8457; 1
8459; 2
8460; 1
8462; 2
8461; 1
8463; 2
8463; 1
8465; 2
8470; 1
8472; 2
8474; 1
8476; 2
8474; 1
8476; 2
8475; 1
8477; 2
8478; 1
8480; 2
8479; 1
8481; 2
8481; 1
8483; 2
8484; 1
8486; 2
8485; 1
8487; 2
8485; 1
8487; 2
8485; 1
8487; 2
8486; 1
8488; 2
8487; 1
8489; 2
8491; 1
8493; 2
8494; 1
8496; 2
8495; 1
8497; 2
8499; 1
8501; 2
8500; 1
8502; 2
8500; 1
8502; 2
8500; 1
8502; 2
8502; 1
8504; 2
8505; 1
8507; 2
8506; 1
8508; 2
8506; 1
8508; 2
8506; 1
8508; 2
8508; 1
8510; 2
8508; 1
8510; 2
8512; 1
8514; 2
8512; 1
8514; 2
8515; 1
8517; 2
8516; 1
8518; 2
8516; 1
8518; 2
8518; 1
8520; 2
8521; 1
8523; 2
8523; 1
8525; 2
8526; 1
8528; 2
8526; 1
8528; 2
8526; 1
8528; 2
8527; 1
8529; 2
8528; 1
8530; 2
8529; 1
8531; 2
8531; 1
8533; 2
8532; 1
8534; 2
8532; 1
8534; 2
8532; 1
8534; 2
8536; 1
8538; 2
8537; 1
8539; 2
8540; 1
8542; 2
8541; 1
8543; 2
8541; 1
8543; 2
8542; 1
8544; 2
8542; 1
8544; 2
8545; 1
8547; 2
8548; 1
8550; 2
8548; 1
8550; 2
8549; 1
8551; 2
8550; 1
8552; 2
8550; 1
8552; 2
8551; 1
8553; 2
8553; 1
8555; 2
8553; 1
8555; 2
8553; 1
8555; 2
8554; 1
8556; 2
8556; 1
8558; 2
8559; 1
8561; 2
8561; 1
8563; 2
8561; 1
8563; 2
8562; 1
8564; 2
8564; 1
8566; 2
8564; 1
8566; 2
8564; 1
8566; 2
8571; 1
8573; 2
8571; 1
8573; 2
8572; 1
8574; 2
8572; 1
8574; 2
8574; 1
8576; 2
8576; 1
8578; 2
8576; 1
8578; 2
8580; 1
8582; 2
8581; 1
8583; 2
8582; 1
8584; 2
8583; 1
8585; 2
8584; 1
8586; 2
8584; 1
8586; 2
8585; 1
8587; 2
8589; 1
8591; 2
8590; 1
8592; 2
8592; 1
8594; 2
8593; 1
8595; 2
8593; 1
8595; 2
8594; 1
8596; 2
8597; 1
8599; 2
8599; 1
8601; 2
8607; 1
8609; 2
8610; 1
8612; 2
8611; 1
8613; 2
8611; 1
8613; 2
8613; 1
8615; 2
8618; 1
8620; 2
8619; 1
8621; 2
8620; 1
8622; 2
8622; 1
8624; 2
8624; 1
8626; 2
8625; 1
8627; 2
8627; 1
8629; 2
8630; 1
8632; 2
8635; 1
8637; 2
8636; 1
8638; 2
8639; 1
8641; 2
8639; 1
8641; 2
8642; 1
8644; 2
8642; 1
8644; 2
8642; 1
8644; 2
8643; 1
8645; 2
8647; 1
8649; 2
8650; 1
8652; 2
8651; 1
8653; 2
8652; 1
8654; 2
8655; 1
8657; 2
8655; 1
8657; 2
8658; 1
8660; 2
8660; 1
8662; 2
8664; 1
8666; 2
8665; 1
8667; 2
8666; 1
8668; 2
8668; 1
8670; 2
8671; 1
8673; 2
8671; 1
8673; 2
8672; 1
8674; 2
8672; 1
8674; 2
8675; 1
8677; 2
8677; 1
8679; 2
8677; 1
8679; 2
8678; 1
8680; 2
8681; 1
8683; 2
8682; 1
8684; 2
8685; 1
8687; 2
8686; 1
8688; 2
8687; 1
8689; 2
8689; 1
8691; 2
8691; 1
8693; 2
8692; 1
8694; 2
8696; 1
8698; 2
8699; 1
8701; 2
8699; 1
8701; 2
8700; 1
8702; 2
8702; 1
8704; 2
8703; 1
8705; 2
8704; 1
8706; 2
8705; 1
8707; 2
8708; 1
8710; 2
8708; 1
8710; 2
8708; 1
8710; 2
8713; 1
8715; 2
8716; 1
8718; 2
8721; 1
8723; 2
8721; 1
8723; 2
8722; 1
8724; 2
8728; 1
8730; 2
8728; 1
8730; 2
8729; 1
8731; 2
8729; 1
8731; 2
8731; 1
8733; 2
8733; 1
8735; 2
8734; 1
8736; 2
8736; 1
8738; 2
8740; 1
8742; 2
8740; 1
8742; 2
8743; 1
8745; 2
8744; 1
8746; 2
8745; 1
8747; 2
8746; 1
8748; 2
8746; 1
8748; 2
8747; 1
8749; 2
8748; 1
8750; 2
8749; 1
8751; 2
8751; 1
8753; 2
8757; 1
8759; 2
8758; 1
8760; 2
8759; 1
8761; 2
8762; 1
8764; 2
8764; 1
8766; 2
8767; 1
8769; 2
8767; 1
8769; 2
8768; 1
8770; 2
8768; 1
8770; 2
8768; 1
8770; 2
8770; 1
8772; 2
8770; 1
8772; 2
8772; 1
8774; 2
8773; 1
8775; 2
8775; 1
8777; 2
8775; 1
8777; 2
8776; 1
8778; 2
8776; 1
8778; 2
8780; 1
8782; 2
8781; 1
8783; 2
8783; 1
8785; 2
8783; 1
8785; 2
8785; 1
8787; 2
8785; 1
8787; 2
8785; 1
8787; 2
8792; 1
8794; 2
8793; 1
8795; 2
8794; 1
8796; 2
8799; 1
8801; 2
8799; 1
8801; 2
8802; 1
8804; 2
8807; 1
8809; 2
8807; 1
8809; 2
8810; 1
8812; 2
8812; 1
8814; 2
8813; 1
8815; 2
8814; 1
8816; 2
8814; 1
8816; 2
8816; 1
8818; 2
8817; 1
8819; 2
8817; 1
8819; 2
8818; 1
8820; 2
8820; 1
8822; 2
8821; 1
8823; 2
8821; 1
8823; 2
8822; 1
8824; 2
8823; 1
8825; 2
8824; 1
8826; 2
8824; 1
8826; 2
8825; 1
8827; 2
8825; 1
8827; 2
8826; 1
8828; 2
8832; 1
8834; 2
8832; 1
8834; 2
8833; 1
8835; 2
8833; 1
8835; 2
8839; 1
8841; 2
8840; 1
8842; 2
8840; 1
8842; 2
8841; 1
8843; 2
8846; 1
8848; 2
8847; 1
8849; 2
8848; 1
8850; 2
8848; 1
8850; 2
8848; 1
8850; 2
8849; 1
8851; 2
8850; 1
8852; 2
8852; 1
8854; 2
8854; 1
8856; 2
8855; 1
8857; 2
8857; 1
8859; 2
8859; 1
8861; 2
8859; 1
8861; 2
8860; 1
8862; 2
8861; 1
8863; 2
8863; 1
8865; 2
8868; 1
8870; 2
8869; 1
8871; 2
8869; 1
8871; 2
8871; 1
8873; 2
8871; 1
8873; 2
8873; 1
8875; 2
8875; 1
8877; 2
8876; 1
8878; 2
8878; 1
8880; 2
8880; 1
8882; 2
8882; 1
8884; 2
8882; 1
8884; 2
8883; 1
8885; 2
8884; 1
8886; 2
8884; 1
8886; 2
8886; 1
8888; 2
8886; 1
8888; 2
8886; 1
8888; 2
8887; 1
8889; 2
8889; 1
8891; 2
8890; 1
8892; 2
8893; 1
8895; 2
8896; 1
8898; 2
8896; 1
8898; 2
8898; 1
8900; 2
8902; 1
8904; 2
8903; 1
8905; 2
8903; 1
8905; 2
8905; 1
8907; 2
8905; 1
8907; 2
8905; 1
8907; 2
8910; 1
8912; 2
8912; 1
8914; 2
8913; 1
8915; 2
8920; 1
8922; 2
8921; 1
8923; 2
8925; 1
8927; 2
8927; 1
8929; 2
8928; 1
8930; 2
8932; 1
8934; 2
8933; 1
8935; 2
8934; 1
8936; 2
8936; 1
8938; 2
8940; 1
8942; 2
8941; 1
8943; 2
8944; 1
8946; 2
8945; 1
8947; 2
8946; 1
8948; 2
8947; 1
8949; 2
8947; 1
8949; 2
8950; 1
8952; 2
8951; 1
8953; 2
8952; 1
8954; 2
8953; 1
8955; 2
8954; 1
8956; 2
8955; 1
8957; 2
8958; 1
8960; 2
8959; 1
8961; 2
8960; 1
8962; 2
8961; 1
8963; 2
8961; 1
8963; 2
8965; 1
8967; 2
8966; 1
8968; 2
8969; 1
8971; 2
8970; 1
8972; 2
8972; 1
8974; 2
8973; 1
8975; 2
8977; 1
8979; 2
8982; 1
8984; 2
8983; 1
8985; 2
8983; 1
8985; 2
8987; 1
8989; 2
8991; 1
8993; 2
8995; 1
8997; 2
8998; 1
9000; 2
8998; 1
9000; 2
8999; 1
9001; 2
8999; 1
9001; 2
8999; 1
9001; 2
9002; 1
9004; 2
9005; 1
9007; 2
9007; 1
9009; 2
9010; 1
9012; 2
9011; 1
9013; 2
9012; 1
9014; 2
9014; 1
9016; 2
9016; 1
9018; 2
9016; 1
9018; 2
9016; 1
9018; 2
9017; 1
9019; 2
9019; 1
9021; 2
9026; 1
9028; 2
9029; 1
9031; 2
9030; 1
9032; 2
9032; 1
9034; 2
9033; 1
9035; 2
9033; 1
9035; 2
9034; 1
9036; 2
9035; 1
9037; 2
9038; 1
9040; 2
9042; 1
9044; 2
9042; 1
9044; 2
9046; 1
9048; 2
9048; 1
9050; 2
9051; 1
9053; 2
9051; 1
9053; 2
9052; 1
9054; 2
9052; 1
9054; 2
9053; 1
9055; 2
9057; 1
9059; 2
9058; 1
9060; 2
9063; 1
9065; 2
9064; 1
9066; 2
9065; 1
9067; 2
9068; 1
9070; 2
9068; 1
9070; 2
9071; 1
9073; 2
9071; 1
9073; 2
9072; 1
9074; 2
9074; 1
9076; 2
9078; 1
9080; 2
9078; 1
9080; 2
9078; 1
9080; 2
9080; 1
9082; 2
9080; 1
9082; 2
9083; 1
9085; 2
9084; 1
9086; 2
9085; 1
9087; 2
9087; 1
9089; 2
9091; 1
9093; 2
9092; 1
9094; 2
9093; 1
9095; 2
9095; 1
9097; 2
9095; 1
9097; 2
9095; 1
9097; 2
9095; 1
9097; 2
9097; 1
9099; 2
9099; 1
9101; 2
9100; 1
9102; 2
9100; 1
9102; 2
9102; 1
9104; 2
9103; 1
9105; 2
9104; 1
9106; 2
9104; 1
9106; 2
9105; 1
9107; 2
9105; 1
9107; 2
9105; 1
9107; 2
9108; 1
9110; 2
9109; 1
9111; 2
9111; 1
9113; 2
9112; 1
9114; 2
9113; 1
9115; 2
9115; 1
9117; 2
9116; 1
9118; 2
9119; 1
9121; 2
9121; 1
9123; 2
9123; 1
9125; 2
9130; 1
9132; 2
9131; 1
9133; 2
9132; 1
9134; 2
9133; 1
9135; 2
9133; 1
9135; 2
9135; 1
9137; 2
9137; 1
9139; 2
9140; 1
9142; 2
9143; 1
9145; 2
9149; 1
9151; 2
9150; 1
9152; 2
9150; 1
9152; 2
9151; 1
9153; 2
9152; 1
9154; 2
9156; 1
9158; 2
9156; 1
9158; 2
9157; 1
9159; 2
9158; 1
9160; 2
9158; 1
9160; 2
9159; 1
9161; 2
9161; 1
9163; 2
9165; 1
9167; 2
9165; 1
9167; 2
9168; 1
9170; 2
9169; 1
9171; 2
9170; 1
9172; 2
9171; 1
9173; 2
9171; 1
9173; 2
9172; 1
9174; 2
9172; 1
9174; 2
9172; 1
9174; 2
9173; 1
9175; 2
9177; 1
9179; 2
9179; 1
9181; 2
9183; 1
9185; 2
9186; 1
9188; 2
9186; 1
9188; 2
9187; 1
9189; 2
9189; 1
9191; 2
9193; 1
9195; 2
9193; 1
9195; 2
9194; 1
9196; 2
9195; 1
9197; 2
9196; 1
9198; 2
9198; 1
9200; 2
9200; 1
9202; 2
9203; 1
9205; 2
9204; 1
9206; 2
9208; 1
9210; 2
9213; 1
9215; 2
9215; 1
9217; 2
9216; 1
9218; 2
9216; 1
9218; 2
9216; 1
9218; 2
9216; 1
9218; 2
9217; 1
9219; 2
9218; 1
9220; 2
9218; 1
9220; 2
9222; 1
9224; 2
9222; 1
9224; 2
9228; 1
9230; 2
9230; 1
9232; 2
9236; 1
9238; 2
9236; 1
9238; 2
9240; 1
9242; 2
9240; 1
9242; 2
9241; 1
9243; 2
9243; 1
9245; 2
9243; 1
9245; 2
9244; 1
9246; 2
9245; 1
9247; 2
9245; 1
9247; 2
9250; 1
9252; 2
9252; 1
9254; 2
9258; 1
9260; 2
9259; 1
9261; 2
9262; 1
9264; 2
9264; 1
9266; 2
9264; 1
9266; 2
9265; 1
9267; 2
9267; 1
9269; 2
9271; 1
9273; 2
9272; 1
9274; 2
9274; 1
9276; 2
9276; 1
9278; 2
9277; 1
9279; 2
9279; 1
9281; 2
9281; 1
9283; 2
9284; 1
9286; 2
9285; 1
9287; 2
9286; 1
9288; 2
9286; 1
9288; 2
9288; 1
9290; 2
9288; 1
9290; 2
9290; 1
9292; 2
9293; 1
9295; 2
9296; 1
9298; 2
9299; 1
9301; 2
9300; 1
9302; 2
9300; 1
9302; 2
9304; 1
9306; 2
9305; 1
9307; 2
9307; 1
9309; 2
9308; 1
9310; 2
9310; 1
9312; 2
9312; 1
9314; 2
9312; 1
9314; 2
9312; 1
9314; 2
9316; 1
9318; 2
9317; 1
9319; 2
9319; 1
9321; 2
9320; 1
9322; 2
9324; 1
9326; 2
9324; 1
9326; 2
9325; 1
9327; 2
9325; 1
9327; 2
9326; 1
9328; 2
9326; 1
9328; 2
9329; 1
9331; 2
9331; 1
9333; 2
9331; 1
9333; 2
9336; 1
9338; 2
9336; 1
9338; 2
9336; 1
9338; 2
9336; 1
9338; 2
9337; 1
9339; 2
9338; 1
9340; 2
9338; 1
9340; 2
9340; 1
9342; 2
9341; 1
9343; 2
9342; 1
9344; 2
9342; 1
9344; 2
9343; 1
9345; 2
9344; 1
9346; 2
9344; 1
9346; 2
9345; 1
9347; 2
9346; 1
9348; 2
9346; 1
9348; 2
9347; 1
9349; 2
9349; 1
9351; 2
9349; 1
9351; 2
9353; 1
9355; 2
9353; 1
9355; 2
9357; 1
9359; 2
9361; 1
9363; 2
9361; 1
9363; 2
9363; 1
9365; 2
9363; 1
9365; 2
9364; 1
9366; 2
9364; 1
9366; 2
9365; 1
9367; 2
9366; 1
9368; 2
9370; 1
9372; 2
9373; 1
9375; 2
9374; 1
9376; 2
9382; 1
9384; 2
9383; 1
9385; 2
9385; 1
9387; 2
9390; 1
9392; 2
9392; 1
9394; 2
9392; 1
9394; 2
9392; 1
9394; 2
9394; 1
9396; 2
9394; 1
9396; 2
9395; 1
9397; 2
9399; 1
9401; 2
9400; 1
9402; 2
9401; 1
9403; 2
9402; 1
9404; 2
9403; 1
9405; 2
9405; 1
9407; 2
9406; 1
9408; 2
9409; 1
9411; 2
9421; 1
9423; 2
9423; 1
9425; 2
9424; 1
9426; 2
9426; 1
9428; 2
9426; 1
9428; 2
9430; 1
9432; 2
9431; 1
9433; 2
9432; 1
9434; 2
9433; 1
9435; 2
9436; 1
9438; 2
9436; 1
9438; 2
9437; 1
9439; 2
9439; 1
9441; 2
9440; 1
9442; 2
9443; 1
9445; 2
9444; 1
9446; 2
9447; 1
9449; 2
9448; 1
9450; 2
9453; 1
9455; 2
9454; 1
9456; 2
9456; 1
9458; 2
9458; 1
9460; 2
9459; 1
9461; 2
9464; 1
9466; 2
9466; 1
9468; 2
9466; 1
9468; 2
9469; 1
9471; 2
9471; 1
9473; 2
9476; 1
9478; 2
9476; 1
9478; 2
9478; 1
9480; 2
9481; 1
9483; 2
9483; 1
9485; 2
9485; 1
9487; 2
9487; 1
9489; 2
9487; 1
9489; 2
9488; 1
9490; 2
9489; 1
9491; 2
9490; 1
9492; 2
9493; 1
9495; 2
9493; 1
9495; 2
9496; 1
9498; 2
9497; 1
9499; 2
9497; 1
9499; 2
9499; 1
9501; 2
9499; 1
9501; 2
9500; 1
9502; 2
9501; 1
9503; 2
9503; 1
9505; 2
9506; 1
9508; 2
9508; 1
9510; 2
9508; 1
9510; 2
9508; 1
9510; 2
9510; 1
9512; 2
9512; 1
9514; 2
9512; 1
9514; 2
9512; 1
9514; 2
9512; 1
9514; 2
9514; 1
9516; 2
9516; 1
9518; 2
9516; 1
9518; 2
9518; 1
9520; 2
9518; 1
9520; 2
9518; 1
9520; 2
9520; 1
9522; 2
9521; 1
9523; 2
9521; 1
9523; 2
9521; 1
9523; 2
9522; 1
9524; 2
9524; 1
9526; 2
9524; 1
9526; 2
9524; 1
9526; 2
9525; 1
9527; 2
9528; 1
9530; 2
9530; 1
9532; 2
9531; 1
9533; 2
9538; 1
9540; 2
9538; 1
9540; 2
9539; 1
9541; 2
9540; 1
9542; 2
9541; 1
9543; 2
9543; 1
9545; 2
9544; 1
9546; 2
9544; 1
9546; 2
9544; 1
9546; 2
9545; 1
9547; 2
9546; 1
9548; 2
9547; 1
9549; 2
9547; 1
9549; 2
9549; 1
9551; 2
9552; 1
9554; 2
9557; 1
9559; 2
9557; 1
9559; 2
9558; 1
9560; 2
9558; 1
9560; 2
9560; 1
9562; 2
9560; 1
9562; 2
9566; 1
9568; 2
9567; 1
9569; 2
9570; 1
9572; 2
9570; 1
9572; 2
9574; 1
9576; 2
9575; 1
9577; 2
9576; 1
9578; 2
9578; 1
9580; 2
9578; 1
9580; 2
9580; 1
9582; 2
9581; 1
9583; 2
9581; 1
9583; 2
9582; 1
9584; 2
9584; 1
9586; 2
9586; 1
9588; 2
9586; 1
9588; 2
9589; 1
9591; 2
9592; 1
9594; 2
9594; 1
9596; 2
9594; 1
9596; 2
9596; 1
9598; 2
9597; 1
9599; 2
9597; 1
9599; 2
9599; 1
9601; 2
9601; 1
9603; 2
9602; 1
9604; 2
9602; 1
9604; 2
9603; 1
9605; 2
9603; 1
9605; 2
9604; 1
9606; 2
9604; 1
9606; 2
9605; 1
9607; 2
9605; 1
9607; 2
9606; 1
9608; 2
9607; 1
9609; 2
9609; 1
9611; 2
9609; 1
9611; 2
9609; 1
9611; 2
9610; 1
9612; 2
9610; 1
9612; 2
9613; 1
9615; 2
9617; 1
9619; 2
9618; 1
9620; 2
9619; 1
9621; 2
9623; 1
9625; 2
9625; 1
9627; 2
9626; 1
9628; 2
9626; 1
9628; 2
9627; 1
9629; 2
9632; 1
9634; 2
9632; 1
9634; 2
9633; 1
9635; 2
9633; 1
9635; 2
9635; 1
9637; 2
9637; 1
9639; 2
9637; 1
9639; 2
9638; 1
9640; 2
9640; 1
9642; 2
9641; 1
9643; 2
9643; 1
9645; 2
9644; 1
9646; 2
9645; 1
9647; 2
9646; 1
9648; 2
9646; 1
9648; 2
9647; 1
9649; 2
9649; 1
9651; 2
9650; 1
9652; 2
9651; 1
9653; 2
9651; 1
9653; 2
9651; 1
9653; 2
9652; 1
9654; 2
9652; 1
9654; 2
9653; 1
9655; 2
9654; 1
9656; 2
9656; 1
9658; 2
9656; 1
9658; 2
9660; 1
9662; 2
9662; 1
9664; 2
9670; 1
9672; 2
9671; 1
9673; 2
9673; 1
9675; 2
9673; 1
9675; 2
9674; 1
9676; 2
9674; 1
9676; 2
9676; 1
9678; 2
9677; 1
9679; 2
9679; 1
9681; 2
9680; 1
9682; 2
9682; 1
9684; 2
9683; 1
9685; 2
9683; 1
9685; 2
9684; 1
9686; 2
9689; 1
9691; 2
9693; 1
9695; 2
9693; 1
9695; 2
9694; 1
9696; 2
9695; 1
9697; 2
9696; 1
9698; 2
9702; 1
9704; 2
9706; 1
9708; 2
9707; 1
9709; 2
9709; 1
9711; 2
9710; 1
9712; 2
9710; 1
9712; 2
9710; 1
9712; 2
9711; 1
9713; 2
9712; 1
9714; 2
9713; 1
9715; 2
9716; 1
9718; 2
9721; 1
9723; 2
9721; 1
9723; 2
9725; 1
9727; 2
9727; 1
9729; 2
9728; 1
9730; 2
9730; 1
9732; 2
9731; 1
9733; 2
9731; 1
9733; 2
9733; 1
9735; 2
9734; 1
9736; 2
9735; 1
9737; 2
9735; 1
9737; 2
9737; 1
9739; 2
9737; 1
9739; 2
9738; 1
9740; 2
9738; 1
9740; 2
9738; 1
9740; 2
9741; 1
9743; 2
9743; 1
9745; 2
9744; 1
9746; 2
9745; 1
9747; 2
9746; 1
9748; 2
9749; 1
9751; 2
9750; 1
9752; 2
9750; 1
9752; 2
9752; 1
9754; 2
9752; 1
9754; 2
9755; 1
9757; 2
9755; 1
9757; 2
9757; 1
9759; 2
9762; 1
9764; 2
9763; 1
9765; 2
9763; 1
9765; 2
9765; 1
9767; 2
9765; 1
9767; 2
9766; 1
9768; 2
9767; 1
9769; 2
9767; 1
9769; 2
9768; 1
9770; 2
9770; 1
9772; 2
9770; 1
9772; 2
9770; 1
9772; 2
9770; 1
9772; 2
9776; 1
9778; 2
9776; 1
9778; 2
9777; 1
9779; 2
9777; 1
9779; 2
9778; 1
9780; 2
9778; 1
9780; 2
9779; 1
9781; 2
9781; 1
9783; 2
9784; 1
9786; 2
9788; 1
9790; 2
9789; 1
9791; 2
9790; 1
9792; 2
9793; 1
9795; 2
9793; 1
9795; 2
9795; 1
9797; 2
9797; 1
9799; 2
9797; 1
9799; 2
9798; 1
9800; 2
9801; 1
9803; 2
9803; 1
9805; 2
9806; 1
9808; 2
9807; 1
9809; 2
9807; 1
9809; 2
9808; 1
9810; 2
9809; 1
9811; 2
9809; 1
9811; 2
9809; 1
9811; 2
9811; 1
9813; 2
9814; 1
9816; 2
9817; 1
9819; 2
9825; 1
9827; 2
9825; 1
9827; 2
9827; 1
9829; 2
9827; 1
9829; 2
9827; 1
9829; 2
9830; 1
9832; 2
9835; 1
9837; 2
9835; 1
9837; 2
9840; 1
9842; 2
9845; 1
9847; 2
9848; 1
9850; 2
9849; 1
9851; 2
9850; 1
9852; 2
9851; 1
9853; 2
9851; 1
9853; 2
9851; 1
9853; 2
9852; 1
9854; 2
9853; 1
9855; 2
9853; 1
9855; 2
9853; 1
9855; 2
9853; 1
9855; 2
9857; 1
9859; 2
9858; 1
9860; 2
9860; 1
9862; 2
9861; 1
9863; 2
9861; 1
9863; 2
9862; 1
9864; 2
9864; 1
9866; 2
9865; 1
9867; 2
9866; 1
9868; 2
9867; 1
9869; 2
9868; 1
9870; 2
9868; 1
9870; 2
9869; 1
9871; 2
9872; 1
9874; 2
9873; 1
9875; 2
9877; 1
9879; 2
9878; 1
9880; 2
9878; 1
9880; 2
9879; 1
9881; 2
9880; 1
9882; 2
9880; 1
9882; 2
9881; 1
9883; 2
9881; 1
9883; 2
9883; 1
9885; 2
9884; 1
9886; 2
9884; 1
9886; 2
9884; 1
9886; 2
9885; 1
9887; 2
9889; 1
9891; 2
9889; 1
9891; 2
9894; 1
9896; 2
9894; 1
9896; 2
9894; 1
9896; 2
9896; 1
9898; 2
9897; 1
9899; 2
9900; 1
9902; 2
9901; 1
9903; 2
9903; 1
9905; 2
9903; 1
9905; 2
9903; 1
9905; 2
9904; 1
9906; 2
9906; 1
9908; 2
9907; 1
9909; 2
9911; 1
9913; 2
9913; 1
9915; 2
9913; 1
9915; 2
9913; 1
9915; 2
9914; 1
9916; 2
9915; 1
9917; 2
9916; 1
9918; 2
9918; 1
9920; 2
9918; 1
9920; 2
9919; 1
9921; 2
9924; 1
9926; 2
9925; 1
9927; 2
9927; 1
9929; 2
9930; 1
9932; 2
9930; 1
9932; 2
9931; 1
9933; 2
9932; 1
9934; 2
9933; 1
9935; 2
9936; 1
9938; 2
9939; 1
9941; 2
9940; 1
9942; 2
9942; 1
9944; 2
9943; 1
9945; 2
9944; 1
9946; 2
9945; 1
9947; 2
9947; 1
9949; 2
9951; 1
9953; 2
9953; 1
9955; 2
9958; 1
9960; 2
9958; 1
9960; 2
9962; 1
9964; 2
9963; 1
9965; 2
9964; 1
9966; 2
9964; 1
9966; 2
9965; 1
9967; 2
9965; 1
9967; 2
9974; 1
9976; 2
9979; 1
9981; 2
9980; 1
9982; 2
9981; 1
9983; 2
9983; 1
9985; 2
9984; 1
9986; 2
9986; 1
9988; 2
9990; 1
9992; 2
9993; 1
9995; 2
9997; 1
9999; 2
10001; 1
10003; 2
10006; 1
10008; 2
10015; 1
10017; 2
10019; 1
10021; 2
10020; 1
10022; 2
10022; 1
10024; 2
10024; 1
10026; 2
10025; 1
10027; 2
10025; 1
10027; 2
10025; 1
10027; 2
10026; 1
10028; 2
10026; 1
10028; 2
10028; 1
10030; 2
10031; 1
10033; 2
10033; 1
10035; 2
