Sequence of timestamped events V1.0
Stream 3
Id =3
Name = Camera_3
Tbegin = 0
Tend = 10000
Count = 500
39; 1
45; 2
64; 1
69; 2
72; 1
78; 2
81; 1
87; 2
96; 1
101; 2
138; 1
144; 2
157; 1
163; 2
203; 1
209; 2
207; 1
213; 2
220; 1
225; 2
255; 1
260; 2
264; 1
270; 2
267; 1
273; 2
275; 1
281; 2
322; 1
328; 2
324; 1
330; 2
335; 1
341; 2
356; 1
362; 2
368; 1
374; 2
374; 1
380; 2
434; 1
440; 2
465; 1
471; 2
472; 1
478; 2
503; 1
508; 2
504; 1
510; 2
530; 1
536; 2
552; 1
558; 2
555; 1
561; 2
574; 1
580; 2
593; 1
599; 2
613; 1
619; 2
626; 1
632; 2
628; 1
633; 2
651; 1
656; 2
657; 1
663; 2
659; 1
665; 2
673; 1
679; 2
673; 1
680; 2
676; 1
681; 2
703; 1
709; 2
706; 1
711; 2
709; 1
715; 2
756; 1
762; 2
771; 1
777; 2
774; 1
780; 2
778; 1
784; 2
788; 1
794; 2
848; 1
854; 2
851; 1
857; 2
859; 1
865; 2
875; 1
881; 2
891; 1
897; 2
893; 1
898; 2
966; 1
971; 2
1009; 1
1015; 2
1021; 1
1027; 2
1026; 1
1032; 2
1050; 1
1055; 2
1087; 1
1093; 2
1110; 1
1115; 2
1157; 1
1162; 2
1167; 1
1173; 2
1181; 1
1186; 2
1192; 1
1198; 2
1213; 1
1219; 2
1298; 1
1304; 2
1331; 1
1337; 2
1384; 1
1390; 2
1401; 1
1407; 2
1411; 1
1416; 2
1461; 1
1467; 2
1514; 1
1520; 2
1554; 1
1560; 2
1558; 1
1563; 2
1593; 1
1599; 2
1639; 1
1646; 2
1648; 1
1654; 2
1682; 1
1687; 2
1718; 1
1724; 2
1723; 1
1729; 2
1728; 1
1734; 2
1730; 1
1736; 2
1753; 1
1758; 2
1793; 1
1799; 2
1818; 1
1824; 2
1840; 1
1846; 2
1850; 1
1856; 2
1858; 1
1863; 2
1882; 1
1888; 2
1933; 1
1939; 2
1944; 1
1950; 2
1969; 1
1975; 2
2016; 1
2022; 2
2029; 1
2035; 2
2051; 1
2057; 2
2079; 1
2085; 2
2085; 1
2091; 2
2095; 1
2101; 2
2122; 1
2127; 2
2124; 1
2129; 2
2137; 1
2142; 2
2150; 1
2156; 2
2157; 1
2163; 2
2165; 1
2170; 2
2166; 1
2171; 2
2183; 1
2190; 2
2191; 1
2197; 2
2277; 1
2283; 2
2296; 1
2301; 2
2297; 1
2303; 2
2308; 1
2314; 2
2330; 1
2335; 2
2333; 1
2338; 2
2336; 1
2342; 2
2346; 1
2352; 2
2369; 1
2375; 2
2374; 1
2380; 2
2418; 1
2423; 2
2431; 1
2438; 2
2459; 1
2465; 2
2484; 1
2490; 2
2572; 1
2578; 2
2576; 1
2582; 2
2583; 1
2589; 2
2600; 1
2605; 2
2610; 1
2616; 2
2664; 1
2670; 2
2670; 1
2676; 2
2691; 1
2697; 2
2731; 1
2737; 2
2732; 1
2738; 2
2734; 1
2739; 2
2737; 1
2743; 2
2739; 1
2744; 2
2760; 1
2766; 2
2789; 1
2795; 2
2812; 1
2817; 2
2828; 1
2833; 2
2830; 1
2836; 2
2835; 1
2841; 2
2855; 1
2862; 2
2904; 1
2909; 2
2905; 1
2912; 2
2948; 1
2954; 2
2986; 1
2992; 2
2999; 1
3004; 2
3004; 1
3009; 2
3030; 1
3035; 2
3056; 1
3061; 2
3067; 1
3074; 2
3094; 1
3100; 2
3101; 1
3106; 2
3104; 1
3110; 2
3144; 1
3149; 2
3161; 1
3167; 2
3188; 1
3194; 2
3215; 1
3221; 2
3223; 1
3229; 2
3250; 1
3256; 2
3254; 1
3260; 2
3267; 1
3273; 2
3272; 1
3277; 2
3288; 1
3294; 2
3292; 1
3298; 2
3295; 1
3301; 2
3319; 1
3325; 2
3345; 1
3350; 2
3348; 1
3354; 2
3355; 1
3361; 2
3358; 1
3363; 2
3375; 1
3381; 2
3377; 1
3382; 2
3381; 1
3387; 2
3442; 1
3447; 2
3454; 1
3460; 2
3486; 1
3491; 2
3490; 1
3496; 2
3506; 1
3512; 2
3509; 1
3515; 2
3509; 1
3515; 2
3518; 1
3524; 2
3533; 1
3540; 2
3557; 1
3563; 2
3598; 1
3603; 2
3624; 1
3630; 2
3653; 1
3659; 2
3684; 1
3689; 2
3762; 1
3768; 2
3769; 1
3774; 2
3771; 1
3776; 2
3771; 1
3777; 2
3796; 1
3802; 2
3819; 1
3824; 2
3829; 1
3835; 2
3867; 1
3873; 2
3887; 1
3893; 2
3897; 1
3903; 2
3897; 1
3904; 2
3935; 1
3941; 2
3966; 1
3972; 2
4060; 1
4066; 2
4064; 1
4070; 2
4081; 1
4087; 2
4115; 1
4121; 2
4134; 1
4140; 2
4164; 1
4170; 2
4183; 1
4189; 2
4194; 1
4200; 2
4213; 1
4219; 2
4276; 1
4282; 2
4301; 1
4306; 2
4307; 1
4312; 2
4348; 1
4354; 2
4362; 1
4367; 2
4366; 1
4372; 2
4370; 1
4376; 2
4428; 1
4434; 2
4429; 1
4434; 2
4445; 1
4451; 2
4533; 1
4538; 2
4646; 1
4652; 2
4650; 1
4656; 2
4662; 1
4668; 2
4670; 1
4676; 2
4681; 1
4687; 2
4683; 1
4689; 2
4690; 1
4696; 2
4692; 1
4698; 2
4715; 1
4720; 2
4742; 1
4748; 2
4758; 1
4763; 2
4780; 1
4785; 2
4780; 1
4786; 2
4804; 1
4811; 2
4821; 1
4827; 2
4829; 1
4835; 2
4836; 1
4842; 2
4837; 1
4842; 2
4854; 1
4859; 2
4858; 1
4864; 2
4871; 1
4877; 2
4877; 1
4883; 2
4888; 1
4893; 2
4894; 1
4901; 2
4935; 1
4941; 2
4966; 1
4972; 2
4986; 1
4991; 2
4998; 1
5004; 2
5035; 1
5041; 2
5090; 1
5096; 2
5094; 1
5100; 2
5100; 1
5106; 2
5109; 1
5115; 2
5135; 1
5140; 2
5139; 1
5144; 2
5197; 1
5202; 2
5229; 1
5235; 2
5260; 1
5266; 2
5262; 1
5268; 2
5270; 1
5276; 2
5299; 1
5305; 2
5305; 1
5310; 2
5312; 1
5318; 2
5345; 1
5351; 2
5351; 1
5357; 2
5363; 1
5369; 2
5381; 1
5387; 2
5433; 1
5439; 2
5446; 1
5451; 2
5449; 1
5455; 2
5450; 1
5456; 2
5481; 1
5487; 2
5486; 1
5491; 2
5493; 1
5499; 2
5537; 1
5543; 2
5549; 1
5555; 2
5554; 1
5560; 2
5555; 1
5560; 2
5570; 1
5575; 2
5575; 1
5581; 2
5640; 1
5646; 2
5671; 1
5676; 2
5673; 1
5679; 2
5683; 1
5689; 2
5716; 1
5722; 2
5727; 1
5733; 2
5740; 1
5746; 2
5745; 1
5750; 2
5758; 1
5763; 2
5769; 1
5774; 2
5819; 1
5825; 2
5869; 1
5874; 2
5877; 1
5882; 2
5905; 1
5910; 2
5929; 1
5935; 2
5963; 1
5969; 2
5965; 1
5971; 2
5972; 1
5977; 2
6058; 1
6064; 2
6117; 1
6123; 2
6121; 1
6126; 2
6121; 1
6127; 2
6137; 1
6142; 2
6137; 1
6143; 2
6167; 1
6172; 2
6178; 1
6184; 2
6194; 1
6200; 2
6196; 1
6202; 2
6197; 1
6203; 2
6206; 1
6212; 2
6221; 1
6227; 2
6237; 1
6243; 2
6262; 1
6268; 2
6263; 1
6269; 2
6267; 1
6273; 2
6290; 1
6296; 2
6292; 1
6298; 2
6292; 1
6298; 2
6293; 1
6299; 2
6294; 1
6300; 2
6356; 1
6362; 2
6382; 1
6388; 2
6390; 1
6395; 2
6394; 1
6400; 2
6410; 1
6416; 2
6494; 1
6499; 2
6505; 1
6510; 2
6507; 1
6513; 2
6511; 1
6517; 2
6526; 1
6531; 2
6533; 1
6539; 2
6537; 1
6544; 2
6539; 1
6544; 2
6540; 1
6546; 2
6553; 1
6559; 2
6579; 1
6585; 2
6619; 1
6624; 2
6641; 1
6647; 2
6665; 1
6671; 2
6671; 1
6677; 2
6676; 1
6681; 2
6676; 1
6682; 2
6687; 1
6693; 2
6709; 1
6715; 2
6711; 1
6717; 2
6715; 1
6721; 2
6733; 1
6739; 2
6753; 1
6759; 2
6780; 1
6786; 2
6789; 1
6795; 2
6796; 1
6801; 2
6841; 1
6847; 2
6853; 1
6859; 2
6865; 1
6871; 2
6934; 1
6939; 2
6959; 1
6964; 2
6997; 1
7003; 2
6999; 1
7005; 2
7014; 1
7020; 2
7032; 1
7037; 2
7051; 1
7057; 2
7074; 1
7080; 2
7075; 1
7081; 2
7099; 1
7105; 2
7118; 1
7124; 2
7134; 1
7140; 2
7141; 1
7147; 2
7149; 1
7155; 2
7160; 1
7165; 2
7171; 1
7177; 2
7190; 1
7196; 2
7251; 1
7257; 2
7271; 1
7277; 2
7312; 1
7318; 2
7324; 1
7329; 2
7337; 1
7343; 2
7346; 1
7351; 2
7349; 1
7355; 2
7368; 1
7373; 2
7373; 1
7379; 2
7374; 1
7380; 2
7451; 1
7456; 2
7454; 1
7460; 2
7454; 1
7460; 2
7467; 1
7472; 2
7489; 1
7495; 2
7496; 1
7502; 2
7513; 1
7519; 2
7584; 1
7589; 2
7654; 1
7659; 2
7666; 1
7672; 2
7670; 1
7676; 2
7704; 1
7709; 2
7709; 1
7715; 2
7812; 1
7818; 2
7820; 1
7826; 2
7857; 1
7863; 2
7868; 1
7874; 2
7894; 1
7899; 2
7913; 1
7919; 2
7929; 1
7935; 2
7932; 1
7938; 2
7939; 1
7945; 2
7947; 1
7954; 2
8001; 1
8007; 2
8003; 1
8008; 2
8060; 1
8066; 2
8071; 1
8076; 2
8091; 1
8097; 2
8143; 1
8148; 2
8143; 1
8149; 2
8191; 1
8196; 2
8242; 1
8248; 2
8251; 1
8257; 2
8255; 1
8260; 2
8298; 1
8304; 2
8313; 1
8319; 2
8316; 1
8322; 2
8328; 1
8334; 2
8362; 1
8367; 2
8367; 1
8373; 2
8447; 1
8453; 2
8450; 1
8456; 2
8450; 1
8456; 2
8451; 1
8457; 2
8460; 1
8466; 2
8471; 1
8476; 2
8505; 1
8511; 2
8514; 1
8520; 2
8548; 1
8553; 2
8551; 1
8557; 2
8621; 1
8627; 2
8623; 1
8629; 2
8628; 1
8633; 2
8647; 1
8653; 2
8659; 1
8665; 2
8671; 1
8677; 2
8676; 1
8682; 2
8720; 1
8725; 2
8739; 1
8744; 2
8739; 1
8744; 2
8740; 1
8746; 2
8748; 1
8754; 2
8759; 1
8764; 2
8787; 1
8793; 2
8853; 1
8859; 2
8895; 1
8900; 2
8925; 1
8931; 2
9029; 1
9034; 2
9030; 1
9036; 2
9039; 1
9045; 2
9074; 1
9080; 2
9096; 1
9101; 2
9104; 1
9110; 2
9128; 1
9134; 2
9147; 1
9152; 2
9160; 1
9165; 2
9173; 1
9179; 2
9181; 1
9187; 2
9182; 1
9188; 2
9186; 1
9192; 2
9190; 1
9195; 2
9265; 1
9271; 2
9265; 1
9271; 2
9296; 1
9302; 2
9308; 1
9313; 2
9319; 1
9324; 2
9329; 1
9335; 2
9353; 1
9359; 2
9382; 1
9388; 2
9400; 1
9406; 2
9403; 1
9408; 2
9404; 1
9409; 2
9426; 1
9432; 2
9427; 1
9433; 2
9443; 1
9449; 2
9450; 1
9456; 2
9459; 1
9465; 2
9474; 1
9479; 2
9488; 1
9494; 2
9498; 1
9504; 2
9560; 1
9566; 2
9638; 1
9644; 2
9673; 1
9679; 2
9703; 1
9709; 2
9756; 1
9762; 2
9771; 1
9777; 2
9793; 1
9798; 2
9799; 1
9805; 2
9827; 1
9832; 2
9843; 1
9849; 2
9872; 1
9878; 2
9886; 1
9892; 2
9923; 1
9928; 2
9947; 1
9953; 2
9978; 1
9983; 2
9979; 1
9985; 2
9996; 1
10002; 2
10000; 1
10005; 2
10018; 1
10024; 2
