Sequence of timestamped events V1.0
Stream 8
Id =8
Name = Camera_8
Tbegin = 0
Tend = 10000
Count = 500
97; 1
102; 2
116; 1
121; 2
130; 1
135; 2
146; 1
152; 2
148; 1
153; 2
203; 1
209; 2
215; 1
220; 2
265; 1
270; 2
268; 1
274; 2
272; 1
277; 2
307; 1
312; 2
325; 1
330; 2
329; 1
335; 2
340; 1
346; 2
382; 1
387; 2
387; 1
393; 2
393; 1
398; 2
421; 1
427; 2
426; 1
431; 2
432; 1
437; 2
492; 1
497; 2
523; 1
528; 2
537; 1
543; 2
555; 1
560; 2
562; 1
567; 2
588; 1
593; 2
610; 1
615; 2
620; 1
626; 2
632; 1
637; 2
651; 1
656; 2
671; 1
676; 2
680; 1
685; 2
684; 1
689; 2
703; 1
708; 2
715; 1
720; 2
717; 1
722; 2
728; 1
733; 2
738; 1
744; 2
745; 1
752; 2
758; 1
763; 2
767; 1
772; 2
768; 1
774; 2
821; 1
827; 2
832; 1
837; 2
836; 1
841; 2
836; 1
842; 2
846; 1
851; 2
909; 1
914; 2
913; 1
919; 2
917; 1
922; 2
933; 1
938; 2
945; 1
950; 2
956; 1
962; 2
1018; 1
1023; 2
1067; 1
1072; 2
1086; 1
1092; 2
1091; 1
1097; 2
1102; 1
1107; 2
1152; 1
1158; 2
1162; 1
1167; 2
1209; 1
1214; 2
1232; 1
1238; 2
1233; 1
1238; 2
1250; 1
1255; 2
1271; 1
1276; 2
1363; 1
1369; 2
1389; 1
1394; 2
1442; 1
1447; 2
1459; 1
1464; 2
1463; 1
1468; 2
1519; 1
1524; 2
1579; 1
1585; 2
1610; 1
1615; 2
1619; 1
1625; 2
1651; 1
1656; 2
1706; 1
1711; 2
1711; 1
1718; 2
1734; 1
1739; 2
1776; 1
1781; 2
1781; 1
1786; 2
1786; 1
1791; 2
1788; 1
1793; 2
1805; 1
1810; 2
1851; 1
1856; 2
1883; 1
1889; 2
1905; 1
1911; 2
1908; 1
1913; 2
1910; 1
1915; 2
1940; 1
1945; 2
1991; 1
1996; 2
2009; 1
2015; 2
2027; 1
2032; 2
2074; 1
2079; 2
2094; 1
2100; 2
2109; 1
2114; 2
2137; 1
2142; 2
2150; 1
2156; 2
2153; 1
2158; 2
2173; 1
2177; 2
2174; 1
2179; 2
2189; 1
2194; 2
2215; 1
2220; 2
2215; 1
2221; 2
2217; 1
2222; 2
2218; 1
2223; 2
2255; 1
2262; 2
2256; 1
2262; 2
2335; 1
2340; 2
2348; 1
2353; 2
2355; 1
2360; 2
2373; 1
2379; 2
2382; 1
2387; 2
2385; 1
2390; 2
2394; 1
2399; 2
2404; 1
2409; 2
2432; 1
2437; 2
2434; 1
2440; 2
2470; 1
2475; 2
2503; 1
2510; 2
2517; 1
2522; 2
2542; 1
2547; 2
2637; 1
2643; 2
2641; 1
2647; 2
2648; 1
2654; 2
2652; 1
2657; 2
2668; 1
2673; 2
2722; 1
2727; 2
2728; 1
2733; 2
2749; 1
2754; 2
2786; 1
2791; 2
2789; 1
2794; 2
2790; 1
2795; 2
2791; 1
2796; 2
2795; 1
2800; 2
2818; 1
2823; 2
2847; 1
2852; 2
2861; 1
2865; 2
2880; 1
2885; 2
2895; 1
2901; 2
2900; 1
2906; 2
2927; 1
2934; 2
2956; 1
2961; 2
2977; 1
2984; 2
3006; 1
3011; 2
3051; 1
3056; 2
3051; 1
3057; 2
3056; 1
3061; 2
3082; 1
3087; 2
3108; 1
3113; 2
3139; 1
3146; 2
3153; 1
3158; 2
3159; 1
3165; 2
3162; 1
3167; 2
3196; 1
3201; 2
3219; 1
3224; 2
3246; 1
3251; 2
3280; 1
3286; 2
3281; 1
3286; 2
3308; 1
3313; 2
3319; 1
3325; 2
3324; 1
3329; 2
3332; 1
3338; 2
3346; 1
3351; 2
3350; 1
3355; 2
3360; 1
3366; 2
3377; 1
3382; 2
3397; 1
3402; 2
3410; 1
3415; 2
3413; 1
3418; 2
3413; 1
3419; 2
3429; 1
3434; 2
3433; 1
3438; 2
3439; 1
3444; 2
3494; 1
3499; 2
3519; 1
3525; 2
3538; 1
3543; 2
3548; 1
3553; 2
3564; 1
3569; 2
3567; 1
3572; 2
3574; 1
3580; 2
3576; 1
3581; 2
3605; 1
3612; 2
3622; 1
3628; 2
3650; 1
3655; 2
3682; 1
3687; 2
3711; 1
3716; 2
3733; 1
3737; 2
3818; 1
3822; 2
3823; 1
3828; 2
3827; 1
3833; 2
3829; 1
3834; 2
3861; 1
3867; 2
3871; 1
3876; 2
3887; 1
3892; 2
3932; 1
3938; 2
3945; 1
3950; 2
3955; 1
3960; 2
3969; 1
3976; 2
3993; 1
3998; 2
4024; 1
4029; 2
4118; 1
4123; 2
4122; 1
4127; 2
4139; 1
4144; 2
4173; 1
4178; 2
4192; 1
4197; 2
4222; 1
4227; 2
4241; 1
4246; 2
4259; 1
4265; 2
4271; 1
4276; 2
4334; 1
4339; 2
4353; 1
4358; 2
4359; 1
4364; 2
4406; 1
4411; 2
4414; 1
4419; 2
4431; 1
4437; 2
4435; 1
4441; 2
4481; 1
4486; 2
4486; 1
4491; 2
4503; 1
4508; 2
4585; 1
4590; 2
4704; 1
4709; 2
4708; 1
4713; 2
4727; 1
4733; 2
4728; 1
4733; 2
4739; 1
4744; 2
4741; 1
4746; 2
4750; 1
4755; 2
4755; 1
4761; 2
4767; 1
4772; 2
4800; 1
4805; 2
4810; 1
4815; 2
4832; 1
4837; 2
4838; 1
4843; 2
4876; 1
4883; 2
4879; 1
4884; 2
4887; 1
4892; 2
4889; 1
4894; 2
4894; 1
4899; 2
4906; 1
4911; 2
4916; 1
4921; 2
4929; 1
4934; 2
4935; 1
4940; 2
4940; 1
4945; 2
4966; 1
4973; 2
4993; 1
4998; 2
5024; 1
5029; 2
5038; 1
5043; 2
5056; 1
5061; 2
5093; 1
5098; 2
5148; 1
5153; 2
5158; 1
5163; 2
5159; 1
5165; 2
5174; 1
5180; 2
5187; 1
5192; 2
5191; 1
5196; 2
5249; 1
5254; 2
5287; 1
5292; 2
5318; 1
5323; 2
5327; 1
5333; 2
5328; 1
5333; 2
5357; 1
5362; 2
5357; 1
5362; 2
5370; 1
5375; 2
5403; 1
5408; 2
5409; 1
5414; 2
5421; 1
5426; 2
5439; 1
5444; 2
5491; 1
5496; 2
5498; 1
5503; 2
5507; 1
5512; 2
5508; 1
5513; 2
5538; 1
5543; 2
5539; 1
5544; 2
5551; 1
5556; 2
5602; 1
5608; 2
5607; 1
5612; 2
5607; 1
5612; 2
5619; 1
5625; 2
5622; 1
5627; 2
5640; 1
5646; 2
5698; 1
5703; 2
5723; 1
5728; 2
5738; 1
5744; 2
5741; 1
5746; 2
5781; 1
5787; 2
5785; 1
5790; 2
5797; 1
5802; 2
5798; 1
5803; 2
5810; 1
5815; 2
5821; 1
5826; 2
5877; 1
5882; 2
5921; 1
5926; 2
5929; 1
5934; 2
5957; 1
5962; 2
5994; 1
6000; 2
6021; 1
6026; 2
6023; 1
6028; 2
6024; 1
6029; 2
6116; 1
6121; 2
6173; 1
6178; 2
6175; 1
6180; 2
6186; 1
6190; 2
6186; 1
6192; 2
6195; 1
6200; 2
6219; 1
6224; 2
6243; 1
6249; 2
6252; 1
6257; 2
6254; 1
6259; 2
6262; 1
6268; 2
6264; 1
6269; 2
6286; 1
6292; 2
6302; 1
6308; 2
6327; 1
6333; 2
6328; 1
6334; 2
6332; 1
6338; 2
6350; 1
6355; 2
6350; 1
6355; 2
6351; 1
6356; 2
6355; 1
6361; 2
6359; 1
6365; 2
6414; 1
6419; 2
6442; 1
6447; 2
6447; 1
6453; 2
6452; 1
6457; 2
6468; 1
6473; 2
6546; 1
6551; 2
6557; 1
6562; 2
6565; 1
6570; 2
6569; 1
6574; 2
6578; 1
6583; 2
6591; 1
6596; 2
6591; 1
6596; 2
6605; 1
6611; 2
6609; 1
6616; 2
6618; 1
6624; 2
6637; 1
6642; 2
6671; 1
6676; 2
6706; 1
6712; 2
6728; 1
6733; 2
6729; 1
6734; 2
6730; 1
6736; 2
6734; 1
6739; 2
6745; 1
6750; 2
6767; 1
6772; 2
6769; 1
6774; 2
6773; 1
6778; 2
6791; 1
6796; 2
6811; 1
6816; 2
6845; 1
6851; 2
6847; 1
6852; 2
6848; 1
6853; 2
6899; 1
6904; 2
6918; 1
6924; 2
6923; 1
6928; 2
6986; 1
6991; 2
7011; 1
7016; 2
7055; 1
7060; 2
7057; 1
7062; 2
7079; 1
7085; 2
7084; 1
7089; 2
7109; 1
7114; 2
7132; 1
7137; 2
7140; 1
7146; 2
7164; 1
7170; 2
7183; 1
7189; 2
7192; 1
7197; 2
7199; 1
7204; 2
7207; 1
7212; 2
7212; 1
7217; 2
7229; 1
7234; 2
7248; 1
7253; 2
7309; 1
7314; 2
7329; 1
7334; 2
7376; 1
7381; 2
7377; 1
7383; 2
7395; 1
7400; 2
7398; 1
7403; 2
7414; 1
7420; 2
7420; 1
7425; 2
7431; 1
7436; 2
7432; 1
7437; 2
7503; 1
7508; 2
7512; 1
7517; 2
7519; 1
7524; 2
7519; 1
7525; 2
7554; 1
7560; 2
7561; 1
7567; 2
7571; 1
7576; 2
7636; 1
7641; 2
7706; 1
7711; 2
7724; 1
7729; 2
7735; 1
7741; 2
7756; 1
7761; 2
7767; 1
7772; 2
7870; 1
7875; 2
7885; 1
7891; 2
7922; 1
7928; 2
7926; 1
7931; 2
7946; 1
7951; 2
7978; 1
7984; 2
7987; 1
7992; 2
7990; 1
7995; 2
7997; 1
8002; 2
8019; 1
8026; 2
8055; 1
8060; 2
8059; 1
8064; 2
8120; 1
8124; 2
8125; 1
8131; 2
8149; 1
8154; 2
8195; 1
8200; 2
8208; 1
8214; 2
8243; 1
8248; 2
8300; 1
8305; 2
8307; 1
8312; 2
8309; 1
8314; 2
8363; 1
8369; 2
8374; 1
8379; 2
8378; 1
8384; 2
8386; 1
8391; 2
8414; 1
8419; 2
8425; 1
8430; 2
8505; 1
8510; 2
8508; 1
8513; 2
8515; 1
8521; 2
8516; 1
8522; 2
8523; 1
8528; 2
8525; 1
8531; 2
8563; 1
8568; 2
8572; 1
8577; 2
8600; 1
8605; 2
8616; 1
8622; 2
8680; 1
8685; 2
8686; 1
8692; 2
8688; 1
8694; 2
8712; 1
8718; 2
8717; 1
8722; 2
8729; 1
8734; 2
8734; 1
8739; 2
8772; 1
8777; 2
8791; 1
8796; 2
8791; 1
8796; 2
8798; 1
8803; 2
8806; 1
8811; 2
8811; 1
8816; 2
8845; 1
8850; 2
8918; 1
8924; 2
8944; 1
8948; 2
8983; 1
8988; 2
9081; 1
9086; 2
9095; 1
9101; 2
9097; 1
9102; 2
9139; 1
9145; 2
9148; 1
9153; 2
9162; 1
9167; 2
9193; 1
9199; 2
9199; 1
9204; 2
9212; 1
9217; 2
9231; 1
9236; 2
9239; 1
9244; 2
9240; 1
9245; 2
9242; 1
9247; 2
9244; 1
9249; 2
9323; 1
9328; 2
9323; 1
9328; 2
9354; 1
9359; 2
9360; 1
9365; 2
9371; 1
9376; 2
9394; 1
9400; 2
9418; 1
9424; 2
9447; 1
9453; 2
9455; 1
9460; 2
9456; 1
9461; 2
9458; 1
9463; 2
9484; 1
9489; 2
9485; 1
9490; 2
9501; 1
9506; 2
9508; 1
9513; 2
9523; 1
9527; 2
9524; 1
9530; 2
9546; 1
9551; 2
9556; 1
9561; 2
9618; 1
9623; 2
9696; 1
9701; 2
9731; 1
9736; 2
9768; 1
9774; 2
9821; 1
9827; 2
9829; 1
9834; 2
9845; 1
9850; 2
9857; 1
9862; 2
9879; 1
9884; 2
9901; 1
9906; 2
9930; 1
9935; 2
9944; 1
9949; 2
9975; 1
9980; 2
10005; 1
10010; 2
10030; 1
10035; 2
10044; 1
10050; 2
10052; 1
10057; 2
10054; 1
10059; 2
10076; 1
10081; 2
