Sequence of timestamped events V1.0
Stream 1
Id =1
Name = Camera_1
Tbegin = 0
Tend = 10000
Count = 500
17; 1
22; 2
43; 1
49; 2
50; 1
55; 2
56; 1
63; 2
75; 1
81; 2
113; 1
120; 2
135; 1
140; 2
178; 1
185; 2
185; 1
190; 2
199; 1
205; 2
234; 1
240; 2
239; 1
246; 2
245; 1
250; 2
250; 1
257; 2
297; 1
304; 2
302; 1
307; 2
313; 1
318; 2
331; 1
338; 2
346; 1
351; 2
352; 1
357; 2
412; 1
417; 2
443; 1
448; 2
447; 1
454; 2
482; 1
487; 2
482; 1
488; 2
508; 1
513; 2
530; 1
535; 2
530; 1
537; 2
552; 1
557; 2
571; 1
576; 2
591; 1
596; 2
604; 1
609; 2
607; 1
613; 2
630; 1
636; 2
635; 1
640; 2
637; 1
642; 2
645; 1
652; 2
648; 1
655; 2
655; 1
661; 2
678; 1
685; 2
685; 1
691; 2
687; 1
692; 2
731; 1
738; 2
746; 1
753; 2
752; 1
757; 2
756; 1
761; 2
766; 1
771; 2
823; 1
830; 2
829; 1
834; 2
837; 1
842; 2
853; 1
858; 2
866; 1
873; 2
872; 1
878; 2
945; 1
951; 2
987; 1
992; 2
996; 1
1003; 2
1001; 1
1008; 2
1029; 1
1035; 2
1062; 1
1069; 2
1089; 1
1095; 2
1136; 1
1142; 2
1142; 1
1149; 2
1160; 1
1166; 2
1170; 1
1175; 2
1191; 1
1196; 2
1273; 1
1280; 2
1309; 1
1314; 2
1362; 1
1367; 2
1379; 1
1384; 2
1390; 1
1396; 2
1439; 1
1444; 2
1489; 1
1496; 2
1529; 1
1536; 2
1537; 1
1543; 2
1571; 1
1576; 2
1611; 1
1618; 2
1626; 1
1631; 2
1661; 1
1667; 2
1696; 1
1701; 2
1701; 1
1706; 2
1706; 1
1711; 2
1708; 1
1713; 2
1732; 1
1738; 2
1771; 1
1776; 2
1793; 1
1800; 2
1815; 1
1822; 2
1828; 1
1833; 2
1837; 1
1843; 2
1860; 1
1865; 2
1911; 1
1916; 2
1919; 1
1926; 2
1947; 1
1952; 2
1994; 1
1999; 2
2004; 1
2011; 2
2029; 1
2034; 2
2057; 1
2062; 2
2060; 1
2067; 2
2073; 1
2078; 2
2101; 1
2107; 2
2105; 1
2110; 2
2116; 1
2122; 2
2125; 1
2132; 2
2135; 1
2140; 2
2144; 1
2150; 2
2145; 1
2151; 2
2155; 1
2162; 2
2166; 1
2173; 2
2255; 1
2260; 2
2275; 1
2280; 2
2275; 1
2281; 2
2283; 1
2290; 2
2309; 1
2315; 2
2312; 1
2318; 2
2314; 1
2319; 2
2324; 1
2329; 2
2344; 1
2351; 2
2352; 1
2357; 2
2397; 1
2403; 2
2403; 1
2410; 2
2437; 1
2442; 2
2462; 1
2467; 2
2547; 1
2554; 2
2551; 1
2558; 2
2558; 1
2565; 2
2579; 1
2585; 2
2588; 1
2593; 2
2642; 1
2647; 2
2648; 1
2653; 2
2669; 1
2674; 2
2709; 1
2714; 2
2710; 1
2715; 2
2713; 1
2719; 2
2715; 1
2720; 2
2718; 1
2724; 2
2738; 1
2743; 2
2767; 1
2772; 2
2793; 1
2798; 2
2805; 1
2812; 2
2807; 1
2813; 2
2810; 1
2817; 2
2827; 1
2834; 2
2877; 1
2884; 2
2883; 1
2889; 2
2926; 1
2931; 2
2961; 1
2968; 2
2978; 1
2984; 2
2983; 1
2989; 2
3009; 1
3015; 2
3035; 1
3041; 2
3039; 1
3046; 2
3069; 1
3076; 2
3080; 1
3086; 2
3082; 1
3087; 2
3123; 1
3129; 2
3139; 1
3144; 2
3166; 1
3171; 2
3190; 1
3197; 2
3201; 1
3206; 2
3228; 1
3233; 2
3229; 1
3236; 2
3242; 1
3249; 2
3251; 1
3257; 2
3266; 1
3271; 2
3270; 1
3275; 2
3270; 1
3277; 2
3297; 1
3302; 2
3323; 1
3330; 2
3324; 1
3330; 2
3333; 1
3338; 2
3337; 1
3343; 2
3353; 1
3358; 2
3356; 1
3362; 2
3359; 1
3364; 2
3421; 1
3427; 2
3429; 1
3436; 2
3465; 1
3471; 2
3468; 1
3473; 2
3484; 1
3489; 2
3484; 1
3491; 2
3487; 1
3492; 2
3496; 1
3501; 2
3505; 1
3512; 2
3532; 1
3539; 2
3577; 1
3583; 2
3602; 1
3607; 2
3631; 1
3636; 2
3665; 1
3670; 2
3737; 1
3744; 2
3749; 1
3754; 2
3750; 1
3755; 2
3750; 1
3756; 2
3771; 1
3778; 2
3798; 1
3804; 2
3807; 1
3812; 2
3842; 1
3849; 2
3865; 1
3870; 2
3869; 1
3876; 2
3875; 1
3880; 2
3913; 1
3918; 2
3944; 1
3949; 2
4038; 1
4043; 2
4042; 1
4047; 2
4059; 1
4064; 2
4093; 1
4098; 2
4112; 1
4117; 2
4142; 1
4147; 2
4161; 1
4166; 2
4169; 1
4176; 2
4191; 1
4196; 2
4254; 1
4259; 2
4280; 1
4286; 2
4286; 1
4292; 2
4326; 1
4331; 2
4341; 1
4347; 2
4341; 1
4348; 2
4345; 1
4352; 2
4406; 1
4411; 2
4408; 1
4414; 2
4423; 1
4428; 2
4512; 1
4518; 2
4624; 1
4629; 2
4628; 1
4633; 2
4637; 1
4644; 2
4648; 1
4653; 2
4659; 1
4664; 2
4661; 1
4666; 2
4665; 1
4672; 2
4670; 1
4675; 2
4694; 1
4700; 2
4720; 1
4725; 2
4737; 1
4743; 2
4758; 1
4763; 2
4759; 1
4765; 2
4776; 1
4783; 2
4799; 1
4804; 2
4807; 1
4812; 2
4814; 1
4819; 2
4816; 1
4822; 2
4833; 1
4839; 2
4836; 1
4841; 2
4849; 1
4854; 2
4855; 1
4860; 2
4866; 1
4873; 2
4867; 1
4873; 2
4913; 1
4918; 2
4944; 1
4949; 2
4965; 1
4971; 2
4976; 1
4981; 2
5013; 1
5018; 2
5068; 1
5073; 2
5069; 1
5076; 2
5078; 1
5083; 2
5084; 1
5091; 2
5114; 1
5120; 2
5118; 1
5124; 2
5176; 1
5182; 2
5207; 1
5212; 2
5237; 1
5244; 2
5238; 1
5243; 2
5248; 1
5253; 2
5277; 1
5282; 2
5284; 1
5290; 2
5290; 1
5295; 2
5323; 1
5328; 2
5329; 1
5334; 2
5341; 1
5346; 2
5359; 1
5364; 2
5411; 1
5416; 2
5425; 1
5431; 2
5427; 1
5432; 2
5428; 1
5433; 2
5459; 1
5464; 2
5465; 1
5471; 2
5471; 1
5476; 2
5512; 1
5519; 2
5527; 1
5532; 2
5529; 1
5536; 2
5534; 1
5540; 2
5549; 1
5555; 2
5550; 1
5557; 2
5618; 1
5623; 2
5648; 1
5655; 2
5650; 1
5656; 2
5661; 1
5666; 2
5691; 1
5698; 2
5705; 1
5710; 2
5718; 1
5723; 2
5724; 1
5730; 2
5737; 1
5743; 2
5748; 1
5754; 2
5797; 1
5802; 2
5848; 1
5854; 2
5856; 1
5862; 2
5884; 1
5890; 2
5904; 1
5911; 2
5941; 1
5946; 2
5943; 1
5948; 2
5951; 1
5957; 2
6036; 1
6041; 2
6095; 1
6100; 2
6096; 1
6103; 2
6100; 1
6106; 2
6115; 1
6120; 2
6118; 1
6123; 2
6146; 1
6152; 2
6153; 1
6160; 2
6172; 1
6177; 2
6172; 1
6179; 2
6174; 1
6179; 2
6184; 1
6189; 2
6196; 1
6203; 2
6212; 1
6219; 2
6237; 1
6244; 2
6238; 1
6245; 2
6242; 1
6249; 2
6265; 1
6272; 2
6269; 1
6276; 2
6270; 1
6275; 2
6270; 1
6275; 2
6271; 1
6276; 2
6334; 1
6339; 2
6357; 1
6364; 2
6369; 1
6375; 2
6372; 1
6377; 2
6388; 1
6393; 2
6473; 1
6479; 2
6484; 1
6490; 2
6485; 1
6490; 2
6489; 1
6494; 2
6505; 1
6511; 2
6509; 1
6516; 2
6511; 1
6516; 2
6515; 1
6522; 2
6518; 1
6524; 2
6528; 1
6535; 2
6557; 1
6562; 2
6598; 1
6604; 2
6616; 1
6623; 2
6640; 1
6647; 2
6649; 1
6654; 2
6654; 1
6659; 2
6655; 1
6661; 2
6665; 1
6670; 2
6687; 1
6692; 2
6689; 1
6694; 2
6693; 1
6698; 2
6711; 1
6716; 2
6731; 1
6736; 2
6755; 1
6762; 2
6767; 1
6772; 2
6775; 1
6781; 2
6819; 1
6824; 2
6828; 1
6835; 2
6843; 1
6848; 2
6913; 1
6919; 2
6938; 1
6944; 2
6975; 1
6980; 2
6977; 1
6982; 2
6989; 1
6996; 2
7011; 1
7017; 2
7029; 1
7034; 2
7050; 1
7057; 2
7052; 1
7057; 2
7074; 1
7081; 2
7093; 1
7100; 2
7112; 1
7117; 2
7119; 1
7124; 2
7127; 1
7132; 2
7139; 1
7145; 2
7149; 1
7154; 2
7168; 1
7173; 2
7229; 1
7234; 2
7249; 1
7254; 2
7287; 1
7294; 2
7303; 1
7309; 2
7315; 1
7320; 2
7324; 1
7331; 2
7325; 1
7331; 2
7347; 1
7353; 2
7351; 1
7356; 2
7352; 1
7357; 2
7429; 1
7436; 2
7430; 1
7436; 2
7432; 1
7437; 2
7446; 1
7452; 2
7464; 1
7471; 2
7471; 1
7478; 2
7491; 1
7496; 2
7563; 1
7569; 2
7633; 1
7639; 2
7644; 1
7649; 2
7645; 1
7652; 2
7683; 1
7689; 2
7687; 1
7692; 2
7790; 1
7795; 2
7795; 1
7802; 2
7832; 1
7839; 2
7846; 1
7851; 2
7873; 1
7879; 2
7888; 1
7895; 2
7907; 1
7912; 2
7910; 1
7915; 2
7917; 1
7922; 2
7919; 1
7926; 2
7979; 1
7984; 2
7982; 1
7988; 2
8035; 1
8042; 2
8052; 1
8057; 2
8069; 1
8074; 2
8118; 1
8125; 2
8122; 1
8128; 2
8170; 1
8176; 2
8220; 1
8225; 2
8229; 1
8234; 2
8234; 1
8240; 2
8273; 1
8280; 2
8288; 1
8295; 2
8294; 1
8299; 2
8306; 1
8311; 2
8341; 1
8347; 2
8345; 1
8350; 2
8425; 1
8430; 2
8425; 1
8432; 2
8426; 1
8433; 2
8428; 1
8433; 2
8435; 1
8442; 2
8450; 1
8456; 2
8483; 1
8488; 2
8492; 1
8497; 2
8526; 1
8533; 2
8527; 1
8533; 2
8596; 1
8603; 2
8598; 1
8605; 2
8607; 1
8613; 2
8622; 1
8629; 2
8637; 1
8642; 2
8649; 1
8654; 2
8654; 1
8659; 2
8699; 1
8705; 2
8718; 1
8723; 2
8718; 1
8724; 2
8718; 1
8724; 2
8726; 1
8731; 2
8738; 1
8744; 2
8765; 1
8770; 2
8828; 1
8835; 2
8876; 1
8881; 2
8903; 1
8908; 2
9005; 1
9012; 2
9008; 1
9014; 2
9017; 1
9022; 2
9049; 1
9056; 2
9075; 1
9081; 2
9082; 1
9087; 2
9103; 1
9110; 2
9126; 1
9132; 2
9139; 1
9145; 2
9151; 1
9156; 2
9159; 1
9164; 2
9160; 1
9165; 2
9164; 1
9169; 2
9169; 1
9175; 2
9243; 1
9248; 2
9243; 1
9248; 2
9274; 1
9279; 2
9287; 1
9293; 2
9298; 1
9304; 2
9304; 1
9311; 2
9328; 1
9335; 2
9357; 1
9364; 2
9378; 1
9383; 2
9382; 1
9388; 2
9383; 1
9389; 2
9404; 1
9409; 2
9405; 1
9410; 2
9421; 1
9426; 2
9428; 1
9433; 2
9434; 1
9441; 2
9455; 1
9460; 2
9466; 1
9471; 2
9476; 1
9481; 2
9538; 1
9543; 2
9616; 1
9621; 2
9651; 1
9656; 2
9678; 1
9685; 2
9731; 1
9738; 2
9749; 1
9754; 2
9772; 1
9778; 2
9777; 1
9782; 2
9806; 1
9812; 2
9821; 1
9826; 2
9850; 1
9855; 2
9864; 1
9869; 2
9902; 1
9908; 2
9925; 1
9930; 2
9954; 1
9961; 2
9957; 1
9963; 2
9974; 1
9979; 2
9979; 1
9985; 2
9996; 1
10001; 2
