Sequence of timestamped events V1.0
Stream 5
Id =5
Name = Camera_5
Tbegin = 0
Tend = 10000
Count = 500
63; 1
69; 2
85; 1
90; 2
96; 1
102; 2
109; 1
115; 2
117; 1
122; 2
166; 1
172; 2
181; 1
187; 2
231; 1
237; 2
231; 1
237; 2
241; 1
246; 2
276; 1
281; 2
291; 1
297; 2
292; 1
298; 2
303; 1
309; 2
348; 1
354; 2
350; 1
356; 2
359; 1
365; 2
384; 1
390; 2
392; 1
398; 2
398; 1
404; 2
458; 1
464; 2
489; 1
495; 2
500; 1
506; 2
524; 1
529; 2
528; 1
534; 2
554; 1
560; 2
576; 1
582; 2
583; 1
589; 2
598; 1
604; 2
617; 1
623; 2
637; 1
643; 2
649; 1
654; 2
650; 1
656; 2
672; 1
677; 2
681; 1
687; 2
683; 1
689; 2
697; 1
702; 2
701; 1
707; 2
703; 1
710; 2
727; 1
732; 2
731; 1
737; 2
733; 1
739; 2
784; 1
790; 2
798; 1
804; 2
799; 1
805; 2
802; 1
808; 2
812; 1
818; 2
875; 1
881; 2
876; 1
882; 2
883; 1
889; 2
899; 1
905; 2
914; 1
919; 2
919; 1
925; 2
987; 1
992; 2
1033; 1
1039; 2
1049; 1
1055; 2
1054; 1
1060; 2
1071; 1
1076; 2
1115; 1
1121; 2
1131; 1
1136; 2
1178; 1
1183; 2
1195; 1
1201; 2
1202; 1
1207; 2
1216; 1
1222; 2
1237; 1
1243; 2
1326; 1
1332; 2
1355; 1
1361; 2
1408; 1
1414; 2
1425; 1
1431; 2
1432; 1
1437; 2
1485; 1
1491; 2
1542; 1
1548; 2
1579; 1
1584; 2
1582; 1
1588; 2
1617; 1
1623; 2
1669; 1
1676; 2
1672; 1
1678; 2
1703; 1
1708; 2
1742; 1
1748; 2
1747; 1
1753; 2
1752; 1
1758; 2
1754; 1
1760; 2
1774; 1
1779; 2
1817; 1
1823; 2
1846; 1
1852; 2
1868; 1
1874; 2
1874; 1
1880; 2
1879; 1
1884; 2
1906; 1
1912; 2
1957; 1
1963; 2
1972; 1
1978; 2
1993; 1
1999; 2
2040; 1
2046; 2
2057; 1
2063; 2
2075; 1
2081; 2
2103; 1
2109; 2
2113; 1
2119; 2
2119; 1
2125; 2
2143; 1
2148; 2
2145; 1
2149; 2
2158; 1
2163; 2
2178; 1
2184; 2
2181; 1
2187; 2
2186; 1
2191; 2
2187; 1
2192; 2
2213; 1
2220; 2
2219; 1
2225; 2
2301; 1
2307; 2
2317; 1
2322; 2
2321; 1
2327; 2
2336; 1
2342; 2
2351; 1
2356; 2
2354; 1
2359; 2
2360; 1
2366; 2
2370; 1
2376; 2
2397; 1
2403; 2
2398; 1
2404; 2
2439; 1
2444; 2
2461; 1
2468; 2
2483; 1
2489; 2
2508; 1
2514; 2
2600; 1
2606; 2
2604; 1
2610; 2
2611; 1
2617; 2
2621; 1
2626; 2
2634; 1
2640; 2
2688; 1
2694; 2
2694; 1
2700; 2
2715; 1
2721; 2
2755; 1
2760; 2
2755; 1
2761; 2
2756; 1
2762; 2
2760; 1
2765; 2
2761; 1
2767; 2
2784; 1
2790; 2
2813; 1
2819; 2
2833; 1
2837; 2
2849; 1
2854; 2
2858; 1
2864; 2
2863; 1
2869; 2
2885; 1
2892; 2
2925; 1
2930; 2
2935; 1
2942; 2
2972; 1
2978; 2
3014; 1
3020; 2
3020; 1
3025; 2
3025; 1
3030; 2
3051; 1
3056; 2
3077; 1
3082; 2
3097; 1
3104; 2
3122; 1
3127; 2
3122; 1
3128; 2
3128; 1
3134; 2
3165; 1
3170; 2
3185; 1
3191; 2
3212; 1
3218; 2
3243; 1
3249; 2
3247; 1
3253; 2
3274; 1
3280; 2
3282; 1
3288; 2
3293; 1
3298; 2
3295; 1
3301; 2
3312; 1
3318; 2
3316; 1
3322; 2
3323; 1
3329; 2
3343; 1
3349; 2
3366; 1
3371; 2
3376; 1
3382; 2
3379; 1
3384; 2
3379; 1
3385; 2
3398; 1
3403; 2
3399; 1
3405; 2
3405; 1
3411; 2
3463; 1
3468; 2
3482; 1
3488; 2
3507; 1
3512; 2
3514; 1
3520; 2
3530; 1
3536; 2
3533; 1
3539; 2
3537; 1
3543; 2
3542; 1
3548; 2
3563; 1
3570; 2
3585; 1
3591; 2
3619; 1
3624; 2
3648; 1
3654; 2
3677; 1
3683; 2
3705; 1
3709; 2
3790; 1
3794; 2
3790; 1
3796; 2
3792; 1
3797; 2
3795; 1
3801; 2
3824; 1
3830; 2
3840; 1
3845; 2
3853; 1
3859; 2
3895; 1
3901; 2
3911; 1
3917; 2
3921; 1
3927; 2
3927; 1
3934; 2
3959; 1
3965; 2
3990; 1
3996; 2
4084; 1
4090; 2
4088; 1
4094; 2
4105; 1
4111; 2
4139; 1
4145; 2
4158; 1
4164; 2
4188; 1
4194; 2
4207; 1
4213; 2
4222; 1
4228; 2
4237; 1
4243; 2
4300; 1
4306; 2
4322; 1
4327; 2
4328; 1
4333; 2
4372; 1
4378; 2
4383; 1
4388; 2
4394; 1
4400; 2
4398; 1
4404; 2
4450; 1
4455; 2
4452; 1
4458; 2
4469; 1
4475; 2
4554; 1
4559; 2
4670; 1
4676; 2
4674; 1
4680; 2
4690; 1
4696; 2
4694; 1
4700; 2
4705; 1
4711; 2
4707; 1
4713; 2
4716; 1
4722; 2
4718; 1
4724; 2
4736; 1
4741; 2
4766; 1
4772; 2
4779; 1
4784; 2
4801; 1
4806; 2
4804; 1
4810; 2
4834; 1
4841; 2
4845; 1
4851; 2
4853; 1
4859; 2
4858; 1
4863; 2
4860; 1
4866; 2
4875; 1
4880; 2
4882; 1
4888; 2
4895; 1
4901; 2
4901; 1
4907; 2
4909; 1
4914; 2
4924; 1
4931; 2
4959; 1
4965; 2
4990; 1
4996; 2
5007; 1
5012; 2
5022; 1
5028; 2
5059; 1
5065; 2
5114; 1
5120; 2
5122; 1
5128; 2
5124; 1
5130; 2
5137; 1
5143; 2
5156; 1
5161; 2
5160; 1
5165; 2
5218; 1
5223; 2
5253; 1
5259; 2
5284; 1
5290; 2
5290; 1
5296; 2
5294; 1
5300; 2
5323; 1
5329; 2
5326; 1
5331; 2
5336; 1
5342; 2
5369; 1
5375; 2
5375; 1
5381; 2
5387; 1
5393; 2
5405; 1
5411; 2
5457; 1
5463; 2
5467; 1
5472; 2
5473; 1
5479; 2
5474; 1
5480; 2
5505; 1
5511; 2
5507; 1
5512; 2
5517; 1
5523; 2
5565; 1
5571; 2
5573; 1
5579; 2
5576; 1
5581; 2
5582; 1
5588; 2
5591; 1
5596; 2
5603; 1
5609; 2
5664; 1
5670; 2
5692; 1
5697; 2
5701; 1
5707; 2
5707; 1
5713; 2
5744; 1
5750; 2
5751; 1
5757; 2
5764; 1
5770; 2
5766; 1
5771; 2
5779; 1
5784; 2
5790; 1
5795; 2
5843; 1
5849; 2
5890; 1
5895; 2
5898; 1
5903; 2
5926; 1
5931; 2
5957; 1
5963; 2
5987; 1
5993; 2
5989; 1
5995; 2
5993; 1
5998; 2
6082; 1
6088; 2
6141; 1
6147; 2
6142; 1
6147; 2
6149; 1
6155; 2
6158; 1
6162; 2
6161; 1
6167; 2
6188; 1
6193; 2
6206; 1
6212; 2
6218; 1
6224; 2
6220; 1
6226; 2
6225; 1
6231; 2
6230; 1
6236; 2
6249; 1
6255; 2
6265; 1
6271; 2
6290; 1
6296; 2
6291; 1
6297; 2
6295; 1
6301; 2
6316; 1
6322; 2
6316; 1
6322; 2
6317; 1
6323; 2
6318; 1
6324; 2
6322; 1
6328; 2
6380; 1
6386; 2
6410; 1
6416; 2
6411; 1
6416; 2
6418; 1
6424; 2
6434; 1
6440; 2
6515; 1
6520; 2
6526; 1
6531; 2
6531; 1
6537; 2
6535; 1
6541; 2
6547; 1
6552; 2
6557; 1
6563; 2
6560; 1
6565; 2
6567; 1
6574; 2
6568; 1
6574; 2
6581; 1
6587; 2
6603; 1
6609; 2
6640; 1
6645; 2
6669; 1
6675; 2
6693; 1
6699; 2
6695; 1
6701; 2
6697; 1
6702; 2
6700; 1
6706; 2
6711; 1
6717; 2
6733; 1
6739; 2
6735; 1
6741; 2
6739; 1
6745; 2
6757; 1
6763; 2
6777; 1
6783; 2
6808; 1
6814; 2
6813; 1
6819; 2
6817; 1
6822; 2
6865; 1
6871; 2
6881; 1
6887; 2
6889; 1
6895; 2
6955; 1
6960; 2
6980; 1
6985; 2
7021; 1
7027; 2
7023; 1
7029; 2
7042; 1
7048; 2
7053; 1
7058; 2
7075; 1
7081; 2
7098; 1
7104; 2
7103; 1
7109; 2
7127; 1
7133; 2
7146; 1
7152; 2
7158; 1
7164; 2
7165; 1
7171; 2
7173; 1
7179; 2
7181; 1
7186; 2
7195; 1
7201; 2
7214; 1
7220; 2
7275; 1
7281; 2
7295; 1
7301; 2
7340; 1
7346; 2
7345; 1
7350; 2
7361; 1
7367; 2
7367; 1
7372; 2
7377; 1
7383; 2
7389; 1
7394; 2
7397; 1
7403; 2
7398; 1
7404; 2
7472; 1
7477; 2
7478; 1
7484; 2
7482; 1
7488; 2
7488; 1
7493; 2
7517; 1
7523; 2
7524; 1
7530; 2
7537; 1
7543; 2
7605; 1
7610; 2
7675; 1
7680; 2
7690; 1
7696; 2
7698; 1
7704; 2
7725; 1
7730; 2
7733; 1
7739; 2
7836; 1
7842; 2
7848; 1
7854; 2
7885; 1
7891; 2
7892; 1
7898; 2
7915; 1
7920; 2
7941; 1
7947; 2
7953; 1
7959; 2
7956; 1
7962; 2
7963; 1
7969; 2
7977; 1
7984; 2
8024; 1
8029; 2
8025; 1
8031; 2
8088; 1
8094; 2
8092; 1
8096; 2
8115; 1
8121; 2
8164; 1
8169; 2
8171; 1
8177; 2
8212; 1
8217; 2
8266; 1
8272; 2
8275; 1
8281; 2
8276; 1
8281; 2
8326; 1
8332; 2
8340; 1
8346; 2
8341; 1
8347; 2
8352; 1
8358; 2
8383; 1
8388; 2
8391; 1
8397; 2
8471; 1
8477; 2
8474; 1
8480; 2
8478; 1
8484; 2
8479; 1
8485; 2
8488; 1
8494; 2
8492; 1
8497; 2
8529; 1
8535; 2
8538; 1
8544; 2
8569; 1
8574; 2
8579; 1
8585; 2
8649; 1
8654; 2
8649; 1
8655; 2
8651; 1
8657; 2
8675; 1
8681; 2
8683; 1
8689; 2
8695; 1
8701; 2
8700; 1
8706; 2
8741; 1
8746; 2
8760; 1
8765; 2
8760; 1
8765; 2
8764; 1
8770; 2
8772; 1
8778; 2
8780; 1
8785; 2
8811; 1
8817; 2
8881; 1
8887; 2
8916; 1
8920; 2
8949; 1
8955; 2
9050; 1
9055; 2
9058; 1
9064; 2
9063; 1
9069; 2
9102; 1
9108; 2
9117; 1
9122; 2
9128; 1
9134; 2
9156; 1
9162; 2
9168; 1
9173; 2
9181; 1
9186; 2
9197; 1
9203; 2
9205; 1
9211; 2
9206; 1
9212; 2
9210; 1
9216; 2
9211; 1
9216; 2
9289; 1
9295; 2
9289; 1
9295; 2
9320; 1
9326; 2
9329; 1
9334; 2
9340; 1
9345; 2
9357; 1
9363; 2
9381; 1
9387; 2
9410; 1
9416; 2
9424; 1
9429; 2
9424; 1
9430; 2
9425; 1
9430; 2
9450; 1
9456; 2
9451; 1
9457; 2
9467; 1
9473; 2
9474; 1
9480; 2
9487; 1
9493; 2
9495; 1
9499; 2
9512; 1
9518; 2
9522; 1
9528; 2
9584; 1
9590; 2
9662; 1
9668; 2
9697; 1
9703; 2
9731; 1
9737; 2
9784; 1
9790; 2
9795; 1
9801; 2
9814; 1
9819; 2
9823; 1
9829; 2
9848; 1
9853; 2
9867; 1
9873; 2
9896; 1
9902; 2
9910; 1
9916; 2
9944; 1
9949; 2
9971; 1
9977; 2
9999; 1
10004; 2
10007; 1
10013; 2
10020; 1
10026; 2
10021; 1
10026; 2
10042; 1
10048; 2
