Sequence of timestamped events V1.0
Stream 3
Id =3
Name = Camera_3
Tbegin = 0
Tend = 10000
Count = 5000
17; 1
19; 2
21; 1
23; 2
21; 1
23; 2
22; 1
24; 2
26; 1
28; 2
28; 1
30; 2
30; 1
32; 2
30; 1
32; 2
31; 1
33; 2
31; 1
33; 2
31; 1
33; 2
31; 1
33; 2
32; 1
34; 2
33; 1
35; 2
42; 1
44; 2
42; 1
44; 2
45; 1
47; 2
46; 1
48; 2
46; 1
48; 2
51; 1
53; 2
55; 1
57; 2
55; 1
57; 2
56; 1
58; 2
57; 1
59; 2
60; 1
62; 2
61; 1
63; 2
61; 1
63; 2
65; 1
67; 2
69; 1
71; 2
73; 1
75; 2
74; 1
76; 2
76; 1
78; 2
77; 1
79; 2
79; 1
81; 2
80; 1
82; 2
82; 1
84; 2
82; 1
84; 2
84; 1
86; 2
84; 1
86; 2
84; 1
86; 2
84; 1
86; 2
85; 1
87; 2
87; 1
89; 2
88; 1
90; 2
89; 1
91; 2
91; 1
93; 2
92; 1
94; 2
92; 1
94; 2
93; 1
95; 2
97; 1
99; 2
102; 1
104; 2
103; 1
105; 2
104; 1
106; 2
105; 1
107; 2
107; 1
109; 2
109; 1
111; 2
114; 1
116; 2
114; 1
116; 2
118; 1
120; 2
120; 1
122; 2
120; 1
122; 2
120; 1
122; 2
121; 1
123; 2
123; 1
125; 2
123; 1
125; 2
125; 1
127; 2
126; 1
128; 2
126; 1
128; 2
127; 1
129; 2
128; 1
130; 2
129; 1
131; 2
132; 1
134; 2
136; 1
138; 2
137; 1
139; 2
139; 1
141; 2
143; 1
145; 2
145; 1
147; 2
145; 1
147; 2
146; 1
148; 2
148; 1
150; 2
149; 1
151; 2
150; 1
152; 2
150; 1
152; 2
151; 1
153; 2
152; 1
154; 2
155; 1
157; 2
156; 1
158; 2
157; 1
159; 2
157; 1
159; 2
158; 1
160; 2
158; 1
160; 2
160; 1
162; 2
161; 1
163; 2
161; 1
163; 2
162; 1
164; 2
163; 1
165; 2
164; 1
166; 2
169; 1
171; 2
172; 1
174; 2
180; 1
182; 2
181; 1
183; 2
182; 1
184; 2
186; 1
188; 2
187; 1
189; 2
188; 1
190; 2
189; 1
191; 2
194; 1
196; 2
196; 1
198; 2
198; 1
200; 2
202; 1
204; 2
202; 1
204; 2
202; 1
204; 2
203; 1
205; 2
206; 1
208; 2
207; 1
209; 2
207; 1
209; 2
212; 1
214; 2
213; 1
215; 2
213; 1
215; 2
215; 1
217; 2
215; 1
217; 2
219; 1
221; 2
220; 1
222; 2
223; 1
225; 2
226; 1
228; 2
226; 1
228; 2
229; 1
231; 2
232; 1
234; 2
234; 1
236; 2
236; 1
238; 2
236; 1
238; 2
241; 1
243; 2
255; 1
257; 2
257; 1
259; 2
258; 1
260; 2
260; 1
262; 2
260; 1
262; 2
260; 1
262; 2
272; 1
274; 2
273; 1
275; 2
274; 1
276; 2
276; 1
278; 2
280; 1
282; 2
281; 1
283; 2
282; 1
284; 2
282; 1
284; 2
284; 1
286; 2
285; 1
287; 2
288; 1
290; 2
294; 1
296; 2
298; 1
300; 2
299; 1
301; 2
302; 1
304; 2
303; 1
305; 2
311; 1
313; 2
312; 1
314; 2
315; 1
317; 2
315; 1
317; 2
317; 1
319; 2
324; 1
326; 2
332; 1
334; 2
333; 1
335; 2
336; 1
338; 2
336; 1
338; 2
336; 1
338; 2
347; 1
349; 2
350; 1
352; 2
359; 1
361; 2
363; 1
365; 2
367; 1
369; 2
368; 1
370; 2
377; 1
379; 2
383; 1
385; 2
387; 1
389; 2
389; 1
391; 2
395; 1
397; 2
396; 1
398; 2
398; 1
400; 2
400; 1
402; 2
401; 1
403; 2
401; 1
403; 2
402; 1
404; 2
403; 1
405; 2
409; 1
411; 2
412; 1
414; 2
415; 1
417; 2
416; 1
418; 2
421; 1
423; 2
422; 1
424; 2
426; 1
428; 2
426; 1
428; 2
427; 1
429; 2
428; 1
430; 2
432; 1
434; 2
432; 1
434; 2
438; 1
440; 2
439; 1
441; 2
439; 1
441; 2
440; 1
442; 2
442; 1
444; 2
452; 1
454; 2
452; 1
454; 2
454; 1
456; 2
455; 1
457; 2
456; 1
458; 2
463; 1
465; 2
467; 1
469; 2
468; 1
470; 2
469; 1
471; 2
470; 1
472; 2
471; 1
473; 2
471; 1
473; 2
471; 1
473; 2
472; 1
474; 2
473; 1
475; 2
473; 1
475; 2
474; 1
476; 2
479; 1
481; 2
482; 1
484; 2
489; 1
491; 2
490; 1
492; 2
491; 1
493; 2
492; 1
494; 2
498; 1
500; 2
499; 1
501; 2
501; 1
503; 2
505; 1
507; 2
506; 1
508; 2
506; 1
508; 2
507; 1
509; 2
513; 1
515; 2
514; 1
516; 2
516; 1
518; 2
518; 1
520; 2
522; 1
524; 2
523; 1
525; 2
527; 1
529; 2
529; 1
531; 2
529; 1
531; 2
530; 1
532; 2
530; 1
532; 2
533; 1
535; 2
537; 1
539; 2
537; 1
539; 2
538; 1
540; 2
542; 1
544; 2
542; 1
544; 2
543; 1
545; 2
548; 1
550; 2
548; 1
550; 2
550; 1
552; 2
551; 1
553; 2
555; 1
557; 2
555; 1
557; 2
555; 1
557; 2
556; 1
558; 2
560; 1
562; 2
564; 1
566; 2
567; 1
569; 2
568; 1
570; 2
571; 1
573; 2
571; 1
573; 2
575; 1
577; 2
576; 1
578; 2
578; 1
580; 2
583; 1
585; 2
583; 1
585; 2
583; 1
585; 2
585; 1
587; 2
588; 1
590; 2
590; 1
592; 2
592; 1
594; 2
592; 1
594; 2
594; 1
596; 2
597; 1
599; 2
598; 1
600; 2
599; 1
601; 2
600; 1
602; 2
600; 1
602; 2
601; 1
603; 2
601; 1
603; 2
605; 1
607; 2
607; 1
609; 2
610; 1
612; 2
610; 1
612; 2
611; 1
613; 2
614; 1
616; 2
620; 1
622; 2
623; 1
625; 2
624; 1
626; 2
624; 1
626; 2
626; 1
628; 2
628; 1
630; 2
628; 1
630; 2
631; 1
633; 2
634; 1
636; 2
636; 1
638; 2
639; 1
641; 2
640; 1
642; 2
646; 1
648; 2
648; 1
650; 2
649; 1
651; 2
649; 1
651; 2
651; 1
653; 2
653; 1
655; 2
653; 1
655; 2
655; 1
657; 2
657; 1
659; 2
664; 1
666; 2
665; 1
667; 2
666; 1
668; 2
668; 1
670; 2
669; 1
671; 2
671; 1
673; 2
671; 1
673; 2
679; 1
681; 2
680; 1
682; 2
682; 1
684; 2
684; 1
686; 2
686; 1
688; 2
689; 1
691; 2
690; 1
692; 2
690; 1
692; 2
692; 1
694; 2
692; 1
694; 2
692; 1
694; 2
692; 1
694; 2
694; 1
696; 2
694; 1
696; 2
697; 1
699; 2
698; 1
700; 2
700; 1
702; 2
701; 1
703; 2
702; 1
704; 2
704; 1
706; 2
709; 1
711; 2
720; 1
722; 2
726; 1
728; 2
726; 1
728; 2
728; 1
730; 2
729; 1
731; 2
731; 1
733; 2
733; 1
735; 2
734; 1
736; 2
734; 1
736; 2
740; 1
742; 2
740; 1
742; 2
742; 1
744; 2
745; 1
747; 2
746; 1
748; 2
750; 1
752; 2
750; 1
752; 2
753; 1
755; 2
758; 1
760; 2
762; 1
764; 2
762; 1
764; 2
764; 1
766; 2
769; 1
771; 2
771; 1
773; 2
773; 1
775; 2
774; 1
776; 2
774; 1
776; 2
775; 1
777; 2
775; 1
777; 2
778; 1
780; 2
782; 1
784; 2
785; 1
787; 2
787; 1
789; 2
787; 1
789; 2
787; 1
789; 2
788; 1
790; 2
788; 1
790; 2
796; 1
798; 2
796; 1
798; 2
798; 1
800; 2
801; 1
803; 2
801; 1
803; 2
805; 1
807; 2
807; 1
809; 2
807; 1
809; 2
811; 1
813; 2
813; 1
815; 2
813; 1
815; 2
815; 1
817; 2
816; 1
818; 2
817; 1
819; 2
818; 1
820; 2
824; 1
826; 2
824; 1
826; 2
825; 1
827; 2
827; 1
829; 2
828; 1
830; 2
828; 1
830; 2
828; 1
830; 2
829; 1
831; 2
830; 1
832; 2
830; 1
832; 2
832; 1
834; 2
835; 1
837; 2
836; 1
838; 2
841; 1
843; 2
843; 1
845; 2
844; 1
846; 2
845; 1
847; 2
854; 1
856; 2
857; 1
859; 2
859; 1
861; 2
859; 1
861; 2
860; 1
862; 2
861; 1
863; 2
865; 1
867; 2
865; 1
867; 2
865; 1
867; 2
874; 1
876; 2
876; 1
878; 2
878; 1
880; 2
880; 1
882; 2
888; 1
890; 2
894; 1
896; 2
894; 1
896; 2
894; 1
896; 2
899; 1
901; 2
900; 1
902; 2
904; 1
906; 2
909; 1
911; 2
909; 1
911; 2
912; 1
914; 2
916; 1
918; 2
919; 1
921; 2
920; 1
922; 2
921; 1
923; 2
923; 1
925; 2
927; 1
929; 2
929; 1
931; 2
929; 1
931; 2
930; 1
932; 2
931; 1
933; 2
932; 1
934; 2
932; 1
934; 2
934; 1
936; 2
934; 1
936; 2
934; 1
936; 2
935; 1
937; 2
937; 1
939; 2
940; 1
942; 2
940; 1
942; 2
940; 1
942; 2
941; 1
943; 2
943; 1
945; 2
943; 1
945; 2
946; 1
948; 2
946; 1
948; 2
952; 1
954; 2
952; 1
954; 2
954; 1
956; 2
954; 1
956; 2
956; 1
958; 2
958; 1
960; 2
961; 1
963; 2
962; 1
964; 2
963; 1
965; 2
966; 1
968; 2
967; 1
969; 2
968; 1
970; 2
970; 1
972; 2
973; 1
975; 2
973; 1
975; 2
976; 1
978; 2
978; 1
980; 2
987; 1
989; 2
987; 1
989; 2
994; 1
996; 2
997; 1
999; 2
1000; 1
1002; 2
1002; 1
1004; 2
1002; 1
1004; 2
1004; 1
1006; 2
1005; 1
1007; 2
1006; 1
1008; 2
1008; 1
1010; 2
1011; 1
1013; 2
1015; 1
1017; 2
1015; 1
1017; 2
1017; 1
1019; 2
1019; 1
1021; 2
1021; 1
1023; 2
1022; 1
1024; 2
1024; 1
1026; 2
1027; 1
1029; 2
1028; 1
1030; 2
1029; 1
1031; 2
1033; 1
1035; 2
1037; 1
1039; 2
1040; 1
1042; 2
1040; 1
1042; 2
1044; 1
1046; 2
1044; 1
1046; 2
1047; 1
1049; 2
1049; 1
1051; 2
1049; 1
1051; 2
1054; 1
1056; 2
1056; 1
1058; 2
1063; 1
1065; 2
1064; 1
1066; 2
1064; 1
1066; 2
1067; 1
1069; 2
1067; 1
1069; 2
1072; 1
1074; 2
1079; 1
1081; 2
1079; 1
1081; 2
1080; 1
1082; 2
1089; 1
1091; 2
1090; 1
1092; 2
1091; 1
1093; 2
1093; 1
1095; 2
1093; 1
1095; 2
1094; 1
1096; 2
1096; 1
1098; 2
1096; 1
1098; 2
1096; 1
1098; 2
1100; 1
1102; 2
1101; 1
1103; 2
1102; 1
1104; 2
1106; 1
1108; 2
1107; 1
1109; 2
1113; 1
1115; 2
1116; 1
1118; 2
1118; 1
1120; 2
1120; 1
1122; 2
1124; 1
1126; 2
1125; 1
1127; 2
1127; 1
1129; 2
1129; 1
1131; 2
1135; 1
1137; 2
1138; 1
1140; 2
1139; 1
1141; 2
1149; 1
1151; 2
1149; 1
1151; 2
1150; 1
1152; 2
1153; 1
1155; 2
1155; 1
1157; 2
1155; 1
1157; 2
1156; 1
1158; 2
1157; 1
1159; 2
1159; 1
1161; 2
1161; 1
1163; 2
1162; 1
1164; 2
1163; 1
1165; 2
1163; 1
1165; 2
1165; 1
1167; 2
1169; 1
1171; 2
1169; 1
1171; 2
1170; 1
1172; 2
1172; 1
1174; 2
1174; 1
1176; 2
1176; 1
1178; 2
1176; 1
1178; 2
1177; 1
1179; 2
1177; 1
1179; 2
1179; 1
1181; 2
1180; 1
1182; 2
1181; 1
1183; 2
1182; 1
1184; 2
1186; 1
1188; 2
1186; 1
1188; 2
1191; 1
1193; 2
1193; 1
1195; 2
1194; 1
1196; 2
1195; 1
1197; 2
1200; 1
1202; 2
1200; 1
1202; 2
1202; 1
1204; 2
1203; 1
1205; 2
1204; 1
1206; 2
1205; 1
1207; 2
1207; 1
1209; 2
1208; 1
1210; 2
1209; 1
1211; 2
1210; 1
1212; 2
1210; 1
1212; 2
1211; 1
1213; 2
1212; 1
1214; 2
1223; 1
1225; 2
1227; 1
1229; 2
1229; 1
1231; 2
1232; 1
1234; 2
1234; 1
1236; 2
1236; 1
1238; 2
1238; 1
1240; 2
1243; 1
1245; 2
1247; 1
1249; 2
1248; 1
1250; 2
1248; 1
1250; 2
1248; 1
1250; 2
1250; 1
1252; 2
1251; 1
1253; 2
1251; 1
1253; 2
1255; 1
1257; 2
1256; 1
1258; 2
1258; 1
1260; 2
1261; 1
1263; 2
1261; 1
1263; 2
1262; 1
1264; 2
1262; 1
1264; 2
1263; 1
1265; 2
1263; 1
1265; 2
1265; 1
1267; 2
1266; 1
1268; 2
1266; 1
1268; 2
1270; 1
1272; 2
1270; 1
1272; 2
1272; 1
1274; 2
1275; 1
1277; 2
1276; 1
1278; 2
1277; 1
1279; 2
1279; 1
1281; 2
1280; 1
1282; 2
1280; 1
1282; 2
1281; 1
1283; 2
1282; 1
1284; 2
1285; 1
1287; 2
1290; 1
1292; 2
1290; 1
1292; 2
1293; 1
1295; 2
1295; 1
1297; 2
1299; 1
1301; 2
1300; 1
1302; 2
1302; 1
1304; 2
1303; 1
1305; 2
1306; 1
1308; 2
1308; 1
1310; 2
1308; 1
1310; 2
1310; 1
1312; 2
1315; 1
1317; 2
1315; 1
1317; 2
1319; 1
1321; 2
1319; 1
1321; 2
1322; 1
1324; 2
1323; 1
1325; 2
1324; 1
1326; 2
1325; 1
1327; 2
1326; 1
1328; 2
1328; 1
1330; 2
1329; 1
1331; 2
1330; 1
1332; 2
1331; 1
1333; 2
1332; 1
1334; 2
1332; 1
1334; 2
1333; 1
1335; 2
1333; 1
1335; 2
1333; 1
1335; 2
1334; 1
1336; 2
1335; 1
1337; 2
1337; 1
1339; 2
1338; 1
1340; 2
1343; 1
1345; 2
1344; 1
1346; 2
1347; 1
1349; 2
1348; 1
1350; 2
1348; 1
1350; 2
1349; 1
1351; 2
1349; 1
1351; 2
1349; 1
1351; 2
1351; 1
1353; 2
1351; 1
1353; 2
1352; 1
1354; 2
1352; 1
1354; 2
1358; 1
1360; 2
1359; 1
1361; 2
1361; 1
1363; 2
1361; 1
1363; 2
1362; 1
1364; 2
1362; 1
1364; 2
1364; 1
1366; 2
1365; 1
1367; 2
1366; 1
1368; 2
1367; 1
1369; 2
1369; 1
1371; 2
1371; 1
1373; 2
1372; 1
1374; 2
1372; 1
1374; 2
1372; 1
1374; 2
1374; 1
1376; 2
1375; 1
1377; 2
1379; 1
1381; 2
1380; 1
1382; 2
1381; 1
1383; 2
1381; 1
1383; 2
1385; 1
1387; 2
1387; 1
1389; 2
1389; 1
1391; 2
1391; 1
1393; 2
1391; 1
1393; 2
1396; 1
1398; 2
1396; 1
1398; 2
1398; 1
1400; 2
1399; 1
1401; 2
1401; 1
1403; 2
1402; 1
1404; 2
1402; 1
1404; 2
1404; 1
1406; 2
1406; 1
1408; 2
1406; 1
1408; 2
1409; 1
1411; 2
1412; 1
1414; 2
1412; 1
1414; 2
1413; 1
1415; 2
1419; 1
1421; 2
1422; 1
1424; 2
1432; 1
1434; 2
1434; 1
1436; 2
1434; 1
1436; 2
1435; 1
1437; 2
1437; 1
1439; 2
1439; 1
1441; 2
1440; 1
1442; 2
1442; 1
1444; 2
1444; 1
1446; 2
1445; 1
1447; 2
1446; 1
1448; 2
1447; 1
1449; 2
1447; 1
1449; 2
1448; 1
1450; 2
1452; 1
1454; 2
1453; 1
1455; 2
1459; 1
1461; 2
1460; 1
1462; 2
1460; 1
1462; 2
1461; 1
1463; 2
1462; 1
1464; 2
1463; 1
1465; 2
1466; 1
1468; 2
1468; 1
1470; 2
1468; 1
1470; 2
1471; 1
1473; 2
1473; 1
1475; 2
1476; 1
1478; 2
1478; 1
1480; 2
1479; 1
1481; 2
1480; 1
1482; 2
1481; 1
1483; 2
1481; 1
1483; 2
1482; 1
1484; 2
1482; 1
1484; 2
1484; 1
1486; 2
1484; 1
1486; 2
1486; 1
1488; 2
1487; 1
1489; 2
1490; 1
1492; 2
1494; 1
1496; 2
1495; 1
1497; 2
1495; 1
1497; 2
1497; 1
1499; 2
1498; 1
1500; 2
1502; 1
1504; 2
1503; 1
1505; 2
1503; 1
1505; 2
1505; 1
1507; 2
1509; 1
1511; 2
1511; 1
1513; 2
1512; 1
1514; 2
1517; 1
1519; 2
1517; 1
1519; 2
1518; 1
1520; 2
1520; 1
1522; 2
1522; 1
1524; 2
1524; 1
1526; 2
1531; 1
1533; 2
1532; 1
1534; 2
1533; 1
1535; 2
1534; 1
1536; 2
1534; 1
1536; 2
1537; 1
1539; 2
1545; 1
1547; 2
1555; 1
1557; 2
1557; 1
1559; 2
1561; 1
1563; 2
1562; 1
1564; 2
1564; 1
1566; 2
1564; 1
1566; 2
1565; 1
1567; 2
1569; 1
1571; 2
1576; 1
1578; 2
1577; 1
1579; 2
1578; 1
1580; 2
1582; 1
1584; 2
1586; 1
1588; 2
1587; 1
1589; 2
1590; 1
1592; 2
1590; 1
1592; 2
1590; 1
1592; 2
1590; 1
1592; 2
1591; 1
1593; 2
1593; 1
1595; 2
1596; 1
1598; 2
1597; 1
1599; 2
1597; 1
1599; 2
1599; 1
1601; 2
1599; 1
1601; 2
1599; 1
1601; 2
1601; 1
1603; 2
1601; 1
1603; 2
1602; 1
1604; 2
1605; 1
1607; 2
1610; 1
1612; 2
1610; 1
1612; 2
1615; 1
1617; 2
1615; 1
1617; 2
1616; 1
1618; 2
1621; 1
1623; 2
1623; 1
1625; 2
1623; 1
1625; 2
1624; 1
1626; 2
1625; 1
1627; 2
1627; 1
1629; 2
1627; 1
1629; 2
1627; 1
1629; 2
1633; 1
1635; 2
1639; 1
1641; 2
1640; 1
1642; 2
1641; 1
1643; 2
1642; 1
1644; 2
1643; 1
1645; 2
1645; 1
1647; 2
1645; 1
1647; 2
1647; 1
1649; 2
1647; 1
1649; 2
1654; 1
1656; 2
1655; 1
1657; 2
1656; 1
1658; 2
1656; 1
1658; 2
1658; 1
1660; 2
1658; 1
1660; 2
1659; 1
1661; 2
1661; 1
1663; 2
1661; 1
1663; 2
1662; 1
1664; 2
1662; 1
1664; 2
1665; 1
1667; 2
1666; 1
1668; 2
1667; 1
1669; 2
1667; 1
1669; 2
1668; 1
1670; 2
1668; 1
1670; 2
1670; 1
1672; 2
1671; 1
1673; 2
1672; 1
1674; 2
1673; 1
1675; 2
1674; 1
1676; 2
1679; 1
1681; 2
1684; 1
1686; 2
1687; 1
1689; 2
1689; 1
1691; 2
1693; 1
1695; 2
1697; 1
1699; 2
1699; 1
1701; 2
1702; 1
1704; 2
1703; 1
1705; 2
1703; 1
1705; 2
1705; 1
1707; 2
1705; 1
1707; 2
1708; 1
1710; 2
1710; 1
1712; 2
1712; 1
1714; 2
1717; 1
1719; 2
1719; 1
1721; 2
1720; 1
1722; 2
1720; 1
1722; 2
1721; 1
1723; 2
1722; 1
1724; 2
1724; 1
1726; 2
1724; 1
1726; 2
1725; 1
1727; 2
1727; 1
1729; 2
1728; 1
1730; 2
1728; 1
1730; 2
1729; 1
1731; 2
1732; 1
1734; 2
1735; 1
1737; 2
1735; 1
1737; 2
1736; 1
1738; 2
1737; 1
1739; 2
1737; 1
1739; 2
1738; 1
1740; 2
1745; 1
1747; 2
1746; 1
1748; 2
1749; 1
1751; 2
1749; 1
1751; 2
1750; 1
1752; 2
1750; 1
1752; 2
1754; 1
1756; 2
1768; 1
1770; 2
1768; 1
1770; 2
1768; 1
1770; 2
1769; 1
1771; 2
1771; 1
1773; 2
1772; 1
1774; 2
1775; 1
1777; 2
1776; 1
1778; 2
1777; 1
1779; 2
1778; 1
1780; 2
1783; 1
1785; 2
1784; 1
1786; 2
1784; 1
1786; 2
1785; 1
1787; 2
1787; 1
1789; 2
1788; 1
1790; 2
1788; 1
1790; 2
1792; 1
1794; 2
1795; 1
1797; 2
1800; 1
1802; 2
1802; 1
1804; 2
1802; 1
1804; 2
1802; 1
1804; 2
1803; 1
1805; 2
1804; 1
1806; 2
1808; 1
1810; 2
1809; 1
1811; 2
1809; 1
1811; 2
1810; 1
1812; 2
1814; 1
1816; 2
1824; 1
1826; 2
1826; 1
1828; 2
1827; 1
1829; 2
1828; 1
1830; 2
1830; 1
1832; 2
1833; 1
1835; 2
1837; 1
1839; 2
1843; 1
1845; 2
1845; 1
1847; 2
1845; 1
1847; 2
1849; 1
1851; 2
1849; 1
1851; 2
1851; 1
1853; 2
1852; 1
1854; 2
1854; 1
1856; 2
1855; 1
1857; 2
1857; 1
1859; 2
1858; 1
1860; 2
1858; 1
1860; 2
1860; 1
1862; 2
1862; 1
1864; 2
1865; 1
1867; 2
1866; 1
1868; 2
1868; 1
1870; 2
1868; 1
1870; 2
1872; 1
1874; 2
1873; 1
1875; 2
1875; 1
1877; 2
1877; 1
1879; 2
1880; 1
1882; 2
1880; 1
1882; 2
1883; 1
1885; 2
1884; 1
1886; 2
1885; 1
1887; 2
1887; 1
1889; 2
1888; 1
1890; 2
1894; 1
1896; 2
1895; 1
1897; 2
1898; 1
1900; 2
1899; 1
1901; 2
1899; 1
1901; 2
1901; 1
1903; 2
1903; 1
1905; 2
1905; 1
1907; 2
1908; 1
1910; 2
1909; 1
1911; 2
1911; 1
1913; 2
1913; 1
1915; 2
1916; 1
1918; 2
1917; 1
1919; 2
1917; 1
1919; 2
1918; 1
1920; 2
1918; 1
1920; 2
1918; 1
1920; 2
1921; 1
1923; 2
1921; 1
1923; 2
1922; 1
1924; 2
1923; 1
1925; 2
1927; 1
1929; 2
1929; 1
1931; 2
1930; 1
1932; 2
1933; 1
1935; 2
1937; 1
1939; 2
1945; 1
1947; 2
1946; 1
1948; 2
1952; 1
1954; 2
1952; 1
1954; 2
1957; 1
1959; 2
1957; 1
1959; 2
1962; 1
1964; 2
1966; 1
1968; 2
1970; 1
1972; 2
1972; 1
1974; 2
1973; 1
1975; 2
1973; 1
1975; 2
1973; 1
1975; 2
1975; 1
1977; 2
1982; 1
1984; 2
1986; 1
1988; 2
1986; 1
1988; 2
1993; 1
1995; 2
1994; 1
1996; 2
1996; 1
1998; 2
1996; 1
1998; 2
1998; 1
2000; 2
1999; 1
2001; 2
2000; 1
2002; 2
2000; 1
2002; 2
2001; 1
2003; 2
2002; 1
2004; 2
2002; 1
2004; 2
2009; 1
2011; 2
2009; 1
2011; 2
2009; 1
2011; 2
2019; 1
2021; 2
2021; 1
2023; 2
2022; 1
2024; 2
2022; 1
2024; 2
2022; 1
2024; 2
2027; 1
2029; 2
2031; 1
2033; 2
2034; 1
2036; 2
2035; 1
2037; 2
2035; 1
2037; 2
2038; 1
2040; 2
2039; 1
2041; 2
2040; 1
2042; 2
2041; 1
2043; 2
2043; 1
2045; 2
2043; 1
2045; 2
2044; 1
2046; 2
2044; 1
2046; 2
2046; 1
2048; 2
2050; 1
2052; 2
2050; 1
2052; 2
2050; 1
2052; 2
2051; 1
2053; 2
2054; 1
2056; 2
2058; 1
2060; 2
2059; 1
2061; 2
2060; 1
2062; 2
2060; 1
2062; 2
2062; 1
2064; 2
2063; 1
2065; 2
2066; 1
2068; 2
2068; 1
2070; 2
2069; 1
2071; 2
2070; 1
2072; 2
2071; 1
2073; 2
2071; 1
2073; 2
2072; 1
2074; 2
2073; 1
2075; 2
2074; 1
2076; 2
2082; 1
2084; 2
2085; 1
2087; 2
2086; 1
2088; 2
2089; 1
2091; 2
2090; 1
2092; 2
2090; 1
2092; 2
2090; 1
2092; 2
2095; 1
2097; 2
2099; 1
2101; 2
2104; 1
2106; 2
2109; 1
2111; 2
2119; 1
2121; 2
2120; 1
2122; 2
2124; 1
2126; 2
2124; 1
2126; 2
2128; 1
2130; 2
2129; 1
2131; 2
2133; 1
2135; 2
2133; 1
2135; 2
2134; 1
2136; 2
2137; 1
2139; 2
2137; 1
2139; 2
2138; 1
2140; 2
2149; 1
2151; 2
2151; 1
2153; 2
2153; 1
2155; 2
2154; 1
2156; 2
2154; 1
2156; 2
2154; 1
2156; 2
2154; 1
2156; 2
2155; 1
2157; 2
2159; 1
2161; 2
2163; 1
2165; 2
2163; 1
2165; 2
2165; 1
2167; 2
2165; 1
2167; 2
2166; 1
2168; 2
2167; 1
2169; 2
2173; 1
2175; 2
2177; 1
2179; 2
2182; 1
2184; 2
2182; 1
2184; 2
2185; 1
2187; 2
2185; 1
2187; 2
2185; 1
2187; 2
2186; 1
2188; 2
2188; 1
2190; 2
2189; 1
2191; 2
2192; 1
2194; 2
2193; 1
2195; 2
2197; 1
2199; 2
2198; 1
2200; 2
2200; 1
2202; 2
2200; 1
2202; 2
2200; 1
2202; 2
2202; 1
2204; 2
2203; 1
2205; 2
2203; 1
2205; 2
2205; 1
2207; 2
2207; 1
2209; 2
2212; 1
2214; 2
2212; 1
2214; 2
2213; 1
2215; 2
2216; 1
2218; 2
2217; 1
2219; 2
2218; 1
2220; 2
2220; 1
2222; 2
2225; 1
2227; 2
2227; 1
2229; 2
2227; 1
2229; 2
2228; 1
2230; 2
2229; 1
2231; 2
2231; 1
2233; 2
2232; 1
2234; 2
2233; 1
2235; 2
2240; 1
2242; 2
2244; 1
2246; 2
2245; 1
2247; 2
2249; 1
2251; 2
2250; 1
2252; 2
2252; 1
2254; 2
2253; 1
2255; 2
2257; 1
2259; 2
2259; 1
2261; 2
2260; 1
2262; 2
2261; 1
2263; 2
2263; 1
2265; 2
2265; 1
2267; 2
2266; 1
2268; 2
2266; 1
2268; 2
2270; 1
2272; 2
2271; 1
2273; 2
2272; 1
2274; 2
2273; 1
2275; 2
2273; 1
2275; 2
2273; 1
2275; 2
2274; 1
2276; 2
2274; 1
2276; 2
2276; 1
2278; 2
2277; 1
2279; 2
2277; 1
2279; 2
2279; 1
2281; 2
2280; 1
2282; 2
2281; 1
2283; 2
2281; 1
2283; 2
2282; 1
2284; 2
2283; 1
2285; 2
2283; 1
2285; 2
2288; 1
2290; 2
2289; 1
2291; 2
2290; 1
2292; 2
2291; 1
2293; 2
2293; 1
2295; 2
2301; 1
2303; 2
2303; 1
2305; 2
2304; 1
2306; 2
2305; 1
2307; 2
2306; 1
2308; 2
2310; 1
2312; 2
2311; 1
2313; 2
2311; 1
2313; 2
2313; 1
2315; 2
2315; 1
2317; 2
2318; 1
2320; 2
2320; 1
2322; 2
2323; 1
2325; 2
2323; 1
2325; 2
2325; 1
2327; 2
2327; 1
2329; 2
2330; 1
2332; 2
2335; 1
2337; 2
2336; 1
2338; 2
2338; 1
2340; 2
2339; 1
2341; 2
2345; 1
2347; 2
2347; 1
2349; 2
2349; 1
2351; 2
2352; 1
2354; 2
2352; 1
2354; 2
2362; 1
2364; 2
2364; 1
2366; 2
2366; 1
2368; 2
2366; 1
2368; 2
2368; 1
2370; 2
2373; 1
2375; 2
2374; 1
2376; 2
2376; 1
2378; 2
2384; 1
2386; 2
2384; 1
2386; 2
2385; 1
2387; 2
2386; 1
2388; 2
2389; 1
2391; 2
2390; 1
2392; 2
2393; 1
2395; 2
2393; 1
2395; 2
2395; 1
2397; 2
2397; 1
2399; 2
2398; 1
2400; 2
2398; 1
2400; 2
2403; 1
2405; 2
2405; 1
2407; 2
2411; 1
2413; 2
2413; 1
2415; 2
2413; 1
2415; 2
2414; 1
2416; 2
2418; 1
2420; 2
2418; 1
2420; 2
2420; 1
2422; 2
2422; 1
2424; 2
2422; 1
2424; 2
2425; 1
2427; 2
2431; 1
2433; 2
2433; 1
2435; 2
2433; 1
2435; 2
2434; 1
2436; 2
2435; 1
2437; 2
2437; 1
2439; 2
2438; 1
2440; 2
2440; 1
2442; 2
2441; 1
2443; 2
2445; 1
2447; 2
2445; 1
2447; 2
2450; 1
2452; 2
2455; 1
2457; 2
2457; 1
2459; 2
2457; 1
2459; 2
2461; 1
2463; 2
2464; 1
2466; 2
2466; 1
2468; 2
2470; 1
2472; 2
2477; 1
2479; 2
2478; 1
2480; 2
2478; 1
2480; 2
2478; 1
2480; 2
2480; 1
2482; 2
2481; 1
2483; 2
2481; 1
2483; 2
2482; 1
2484; 2
2483; 1
2485; 2
2483; 1
2485; 2
2489; 1
2491; 2
2489; 1
2491; 2
2492; 1
2494; 2
2492; 1
2494; 2
2494; 1
2496; 2
2499; 1
2501; 2
2502; 1
2504; 2
2502; 1
2504; 2
2506; 1
2508; 2
2510; 1
2512; 2
2512; 1
2514; 2
2514; 1
2516; 2
2514; 1
2516; 2
2517; 1
2519; 2
2517; 1
2519; 2
2519; 1
2521; 2
2522; 1
2524; 2
2523; 1
2525; 2
2524; 1
2526; 2
2526; 1
2528; 2
2527; 1
2529; 2
2531; 1
2533; 2
2536; 1
2538; 2
2539; 1
2541; 2
2539; 1
2541; 2
2541; 1
2543; 2
2544; 1
2546; 2
2545; 1
2547; 2
2545; 1
2547; 2
2547; 1
2549; 2
2549; 1
2551; 2
2554; 1
2556; 2
2555; 1
2557; 2
2558; 1
2560; 2
2559; 1
2561; 2
2566; 1
2568; 2
2568; 1
2570; 2
2571; 1
2573; 2
2574; 1
2576; 2
2575; 1
2577; 2
2576; 1
2578; 2
2577; 1
2579; 2
2578; 1
2580; 2
2578; 1
2580; 2
2582; 1
2584; 2
2584; 1
2586; 2
2584; 1
2586; 2
2586; 1
2588; 2
2587; 1
2589; 2
2587; 1
2589; 2
2589; 1
2591; 2
2590; 1
2592; 2
2592; 1
2594; 2
2595; 1
2597; 2
2599; 1
2601; 2
2600; 1
2602; 2
2601; 1
2603; 2
2601; 1
2603; 2
2604; 1
2606; 2
2605; 1
2607; 2
2614; 1
2616; 2
2616; 1
2618; 2
2618; 1
2620; 2
2618; 1
2620; 2
2619; 1
2621; 2
2622; 1
2624; 2
2623; 1
2625; 2
2625; 1
2627; 2
2628; 1
2630; 2
2629; 1
2631; 2
2630; 1
2632; 2
2630; 1
2632; 2
2632; 1
2634; 2
2634; 1
2636; 2
2637; 1
2639; 2
2638; 1
2640; 2
2642; 1
2644; 2
2645; 1
2647; 2
2646; 1
2648; 2
2647; 1
2649; 2
2647; 1
2649; 2
2650; 1
2652; 2
2654; 1
2656; 2
2656; 1
2658; 2
2657; 1
2659; 2
2665; 1
2667; 2
2673; 1
2675; 2
2674; 1
2676; 2
2675; 1
2677; 2
2677; 1
2679; 2
2679; 1
2681; 2
2681; 1
2683; 2
2682; 1
2684; 2
2682; 1
2684; 2
2689; 1
2691; 2
2690; 1
2692; 2
2695; 1
2697; 2
2698; 1
2700; 2
2699; 1
2701; 2
2700; 1
2702; 2
2703; 1
2705; 2
2705; 1
2707; 2
2709; 1
2711; 2
2714; 1
2716; 2
2715; 1
2717; 2
2716; 1
2718; 2
2719; 1
2721; 2
2719; 1
2721; 2
2724; 1
2726; 2
2726; 1
2728; 2
2727; 1
2729; 2
2727; 1
2729; 2
2727; 1
2729; 2
2729; 1
2731; 2
2731; 1
2733; 2
2732; 1
2734; 2
2734; 1
2736; 2
2735; 1
2737; 2
2737; 1
2739; 2
2737; 1
2739; 2
2747; 1
2749; 2
2748; 1
2750; 2
2752; 1
2754; 2
2752; 1
2754; 2
2752; 1
2754; 2
2753; 1
2755; 2
2753; 1
2755; 2
2758; 1
2760; 2
2761; 1
2763; 2
2764; 1
2766; 2
2765; 1
2767; 2
2767; 1
2769; 2
2772; 1
2774; 2
2772; 1
2774; 2
2776; 1
2778; 2
2780; 1
2782; 2
2784; 1
2786; 2
2784; 1
2786; 2
2786; 1
2788; 2
2789; 1
2791; 2
2789; 1
2791; 2
2790; 1
2792; 2
2799; 1
2801; 2
2799; 1
2801; 2
2801; 1
2803; 2
2802; 1
2804; 2
2802; 1
2804; 2
2803; 1
2805; 2
2804; 1
2806; 2
2807; 1
2809; 2
2809; 1
2811; 2
2810; 1
2812; 2
2812; 1
2814; 2
2813; 1
2815; 2
2817; 1
2819; 2
2821; 1
2823; 2
2821; 1
2823; 2
2824; 1
2826; 2
2824; 1
2826; 2
2825; 1
2827; 2
2825; 1
2827; 2
2825; 1
2827; 2
2826; 1
2828; 2
2829; 1
2831; 2
2829; 1
2831; 2
2831; 1
2833; 2
2835; 1
2837; 2
2839; 1
2841; 2
2839; 1
2841; 2
2843; 1
2845; 2
2843; 1
2845; 2
2844; 1
2846; 2
2844; 1
2846; 2
2846; 1
2848; 2
2847; 1
2849; 2
2848; 1
2850; 2
2851; 1
2853; 2
2854; 1
2856; 2
2856; 1
2858; 2
2857; 1
2859; 2
2858; 1
2860; 2
2859; 1
2861; 2
2863; 1
2865; 2
2864; 1
2866; 2
2865; 1
2867; 2
2866; 1
2868; 2
2866; 1
2868; 2
2866; 1
2868; 2
2868; 1
2870; 2
2869; 1
2871; 2
2872; 1
2874; 2
2877; 1
2879; 2
2878; 1
2880; 2
2880; 1
2882; 2
2883; 1
2885; 2
2884; 1
2886; 2
2890; 1
2892; 2
2890; 1
2892; 2
2894; 1
2896; 2
2896; 1
2898; 2
2896; 1
2898; 2
2901; 1
2903; 2
2904; 1
2906; 2
2904; 1
2906; 2
2907; 1
2909; 2
2907; 1
2909; 2
2908; 1
2910; 2
2909; 1
2911; 2
2909; 1
2911; 2
2911; 1
2913; 2
2913; 1
2915; 2
2913; 1
2915; 2
2915; 1
2917; 2
2915; 1
2917; 2
2916; 1
2918; 2
2918; 1
2920; 2
2920; 1
2922; 2
2920; 1
2922; 2
2921; 1
2923; 2
2922; 1
2924; 2
2932; 1
2934; 2
2932; 1
2934; 2
2933; 1
2935; 2
2936; 1
2938; 2
2936; 1
2938; 2
2950; 1
2952; 2
2950; 1
2952; 2
2950; 1
2952; 2
2953; 1
2955; 2
2953; 1
2955; 2
2954; 1
2956; 2
2956; 1
2958; 2
2956; 1
2958; 2
2956; 1
2958; 2
2960; 1
2962; 2
2961; 1
2963; 2
2966; 1
2968; 2
2966; 1
2968; 2
2969; 1
2971; 2
2973; 1
2975; 2
2984; 1
2986; 2
2985; 1
2987; 2
2985; 1
2987; 2
2987; 1
2989; 2
2993; 1
2995; 2
2994; 1
2996; 2
3000; 1
3002; 2
3002; 1
3004; 2
3005; 1
3007; 2
3005; 1
3007; 2
3009; 1
3011; 2
3010; 1
3012; 2
3011; 1
3013; 2
3015; 1
3017; 2
3016; 1
3018; 2
3019; 1
3021; 2
3020; 1
3022; 2
3020; 1
3022; 2
3022; 1
3024; 2
3023; 1
3025; 2
3024; 1
3026; 2
3025; 1
3027; 2
3031; 1
3033; 2
3035; 1
3037; 2
3035; 1
3037; 2
3038; 1
3040; 2
3042; 1
3044; 2
3043; 1
3045; 2
3048; 1
3050; 2
3049; 1
3051; 2
3050; 1
3052; 2
3052; 1
3054; 2
3052; 1
3054; 2
3053; 1
3055; 2
3053; 1
3055; 2
3053; 1
3055; 2
3054; 1
3056; 2
3059; 1
3061; 2
3062; 1
3064; 2
3065; 1
3067; 2
3068; 1
3070; 2
3069; 1
3071; 2
3069; 1
3071; 2
3074; 1
3076; 2
3078; 1
3080; 2
3081; 1
3083; 2
3082; 1
3084; 2
3082; 1
3084; 2
3083; 1
3085; 2
3084; 1
3086; 2
3084; 1
3086; 2
3086; 1
3088; 2
3088; 1
3090; 2
3090; 1
3092; 2
3093; 1
3095; 2
3096; 1
3098; 2
3097; 1
3099; 2
3098; 1
3100; 2
3098; 1
3100; 2
3099; 1
3101; 2
3100; 1
3102; 2
3111; 1
3113; 2
3111; 1
3113; 2
3113; 1
3115; 2
3114; 1
3116; 2
3116; 1
3118; 2
3116; 1
3118; 2
3118; 1
3120; 2
3119; 1
3121; 2
3120; 1
3122; 2
3121; 1
3123; 2
3122; 1
3124; 2
3123; 1
3125; 2
3124; 1
3126; 2
3125; 1
3127; 2
3128; 1
3130; 2
3130; 1
3132; 2
3133; 1
3135; 2
3134; 1
3136; 2
3135; 1
3137; 2
3136; 1
3138; 2
3141; 1
3143; 2
3142; 1
3144; 2
3142; 1
3144; 2
3142; 1
3144; 2
3145; 1
3147; 2
3146; 1
3148; 2
3146; 1
3148; 2
3150; 1
3152; 2
3151; 1
3153; 2
3152; 1
3154; 2
3152; 1
3154; 2
3152; 1
3154; 2
3152; 1
3154; 2
3153; 1
3155; 2
3153; 1
3155; 2
3154; 1
3156; 2
3156; 1
3158; 2
3161; 1
3163; 2
3164; 1
3166; 2
3166; 1
3168; 2
3168; 1
3170; 2
3168; 1
3170; 2
3169; 1
3171; 2
3171; 1
3173; 2
3172; 1
3174; 2
3175; 1
3177; 2
3176; 1
3178; 2
3179; 1
3181; 2
3180; 1
3182; 2
3181; 1
3183; 2
3182; 1
3184; 2
3183; 1
3185; 2
3184; 1
3186; 2
3185; 1
3187; 2
3186; 1
3188; 2
3189; 1
3191; 2
3189; 1
3191; 2
3190; 1
3192; 2
3191; 1
3193; 2
3195; 1
3197; 2
3195; 1
3197; 2
3198; 1
3200; 2
3199; 1
3201; 2
3201; 1
3203; 2
3207; 1
3209; 2
3208; 1
3210; 2
3208; 1
3210; 2
3211; 1
3213; 2
3212; 1
3214; 2
3213; 1
3215; 2
3213; 1
3215; 2
3220; 1
3222; 2
3221; 1
3223; 2
3223; 1
3225; 2
3226; 1
3228; 2
3228; 1
3230; 2
3228; 1
3230; 2
3230; 1
3232; 2
3234; 1
3236; 2
3235; 1
3237; 2
3236; 1
3238; 2
3237; 1
3239; 2
3238; 1
3240; 2
3238; 1
3240; 2
3240; 1
3242; 2
3242; 1
3244; 2
3242; 1
3244; 2
3244; 1
3246; 2
3245; 1
3247; 2
3246; 1
3248; 2
3247; 1
3249; 2
3247; 1
3249; 2
3251; 1
3253; 2
3252; 1
3254; 2
3255; 1
3257; 2
3255; 1
3257; 2
3256; 1
3258; 2
3256; 1
3258; 2
3259; 1
3261; 2
3261; 1
3263; 2
3268; 1
3270; 2
3270; 1
3272; 2
3275; 1
3277; 2
3276; 1
3278; 2
3278; 1
3280; 2
3278; 1
3280; 2
3281; 1
3283; 2
3284; 1
3286; 2
3284; 1
3286; 2
3286; 1
3288; 2
3286; 1
3288; 2
3288; 1
3290; 2
3289; 1
3291; 2
3292; 1
3294; 2
3295; 1
3297; 2
3297; 1
3299; 2
3301; 1
3303; 2
3303; 1
3305; 2
3305; 1
3307; 2
3305; 1
3307; 2
3306; 1
3308; 2
3307; 1
3309; 2
3308; 1
3310; 2
3308; 1
3310; 2
3311; 1
3313; 2
3313; 1
3315; 2
3320; 1
3322; 2
3323; 1
3325; 2
3324; 1
3326; 2
3325; 1
3327; 2
3325; 1
3327; 2
3328; 1
3330; 2
3331; 1
3333; 2
3331; 1
3333; 2
3332; 1
3334; 2
3334; 1
3336; 2
3334; 1
3336; 2
3336; 1
3338; 2
3338; 1
3340; 2
3339; 1
3341; 2
3340; 1
3342; 2
3341; 1
3343; 2
3343; 1
3345; 2
3343; 1
3345; 2
3347; 1
3349; 2
3348; 1
3350; 2
3354; 1
3356; 2
3354; 1
3356; 2
3355; 1
3357; 2
3355; 1
3357; 2
3356; 1
3358; 2
3358; 1
3360; 2
3358; 1
3360; 2
3365; 1
3367; 2
3366; 1
3368; 2
3367; 1
3369; 2
3368; 1
3370; 2
3370; 1
3372; 2
3370; 1
3372; 2
3372; 1
3374; 2
3373; 1
3375; 2
3373; 1
3375; 2
3374; 1
3376; 2
3376; 1
3378; 2
3377; 1
3379; 2
3378; 1
3380; 2
3379; 1
3381; 2
3381; 1
3383; 2
3386; 1
3388; 2
3387; 1
3389; 2
3394; 1
3396; 2
3395; 1
3397; 2
3395; 1
3397; 2
3396; 1
3398; 2
3400; 1
3402; 2
3400; 1
3402; 2
3405; 1
3407; 2
3410; 1
3412; 2
3410; 1
3412; 2
3413; 1
3415; 2
3413; 1
3415; 2
3414; 1
3416; 2
3417; 1
3419; 2
3417; 1
3419; 2
3420; 1
3422; 2
3427; 1
3429; 2
3428; 1
3430; 2
3428; 1
3430; 2
3429; 1
3431; 2
3431; 1
3433; 2
3433; 1
3435; 2
3435; 1
3437; 2
3440; 1
3442; 2
3440; 1
3442; 2
3441; 1
3443; 2
3443; 1
3445; 2
3445; 1
3447; 2
3446; 1
3448; 2
3446; 1
3448; 2
3449; 1
3451; 2
3449; 1
3451; 2
3453; 1
3455; 2
3458; 1
3460; 2
3459; 1
3461; 2
3467; 1
3469; 2
3467; 1
3469; 2
3469; 1
3471; 2
3469; 1
3471; 2
3472; 1
3474; 2
3475; 1
3477; 2
3477; 1
3479; 2
3479; 1
3481; 2
3480; 1
3482; 2
3481; 1
3483; 2
3483; 1
3485; 2
3483; 1
3485; 2
3484; 1
3486; 2
3485; 1
3487; 2
3486; 1
3488; 2
3487; 1
3489; 2
3488; 1
3490; 2
3489; 1
3491; 2
3489; 1
3491; 2
3490; 1
3492; 2
3490; 1
3492; 2
3496; 1
3498; 2
3496; 1
3498; 2
3502; 1
3504; 2
3506; 1
3508; 2
3506; 1
3508; 2
3508; 1
3510; 2
3509; 1
3511; 2
3509; 1
3511; 2
3509; 1
3511; 2
3512; 1
3514; 2
3515; 1
3517; 2
3516; 1
3518; 2
3517; 1
3519; 2
3519; 1
3521; 2
3521; 1
3523; 2
3522; 1
3524; 2
3525; 1
3527; 2
3525; 1
3527; 2
3528; 1
3530; 2
3529; 1
3531; 2
3529; 1
3531; 2
3531; 1
3533; 2
3533; 1
3535; 2
3535; 1
3537; 2
3537; 1
3539; 2
3537; 1
3539; 2
3539; 1
3541; 2
3541; 1
3543; 2
3543; 1
3545; 2
3545; 1
3547; 2
3546; 1
3548; 2
3550; 1
3552; 2
3554; 1
3556; 2
3557; 1
3559; 2
3558; 1
3560; 2
3560; 1
3562; 2
3560; 1
3562; 2
3564; 1
3566; 2
3567; 1
3569; 2
3570; 1
3572; 2
3570; 1
3572; 2
3571; 1
3573; 2
3582; 1
3584; 2
3584; 1
3586; 2
3584; 1
3586; 2
3586; 1
3588; 2
3588; 1
3590; 2
3589; 1
3591; 2
3591; 1
3593; 2
3592; 1
3594; 2
3593; 1
3595; 2
3599; 1
3601; 2
3600; 1
3602; 2
3601; 1
3603; 2
3604; 1
3606; 2
3605; 1
3607; 2
3607; 1
3609; 2
3610; 1
3612; 2
3610; 1
3612; 2
3613; 1
3615; 2
3617; 1
3619; 2
3617; 1
3619; 2
3618; 1
3620; 2
3622; 1
3624; 2
3623; 1
3625; 2
3624; 1
3626; 2
3624; 1
3626; 2
3627; 1
3629; 2
3629; 1
3631; 2
3630; 1
3632; 2
3631; 1
3633; 2
3631; 1
3633; 2
3632; 1
3634; 2
3632; 1
3634; 2
3634; 1
3636; 2
3635; 1
3637; 2
3637; 1
3639; 2
3640; 1
3642; 2
3644; 1
3646; 2
3647; 1
3649; 2
3649; 1
3651; 2
3651; 1
3653; 2
3651; 1
3653; 2
3651; 1
3653; 2
3658; 1
3660; 2
3660; 1
3662; 2
3665; 1
3667; 2
3666; 1
3668; 2
3669; 1
3671; 2
3670; 1
3672; 2
3672; 1
3674; 2
3673; 1
3675; 2
3674; 1
3676; 2
3676; 1
3678; 2
3681; 1
3683; 2
3686; 1
3688; 2
3687; 1
3689; 2
3691; 1
3693; 2
3691; 1
3693; 2
3692; 1
3694; 2
3692; 1
3694; 2
3692; 1
3694; 2
3693; 1
3695; 2
3696; 1
3698; 2
3703; 1
3705; 2
3706; 1
3708; 2
3706; 1
3708; 2
3708; 1
3710; 2
3716; 1
3718; 2
3717; 1
3719; 2
3725; 1
3727; 2
3725; 1
3727; 2
3726; 1
3728; 2
3728; 1
3730; 2
3735; 1
3737; 2
3735; 1
3737; 2
3737; 1
3739; 2
3737; 1
3739; 2
3738; 1
3740; 2
3739; 1
3741; 2
3740; 1
3742; 2
3740; 1
3742; 2
3742; 1
3744; 2
3744; 1
3746; 2
3747; 1
3749; 2
3748; 1
3750; 2
3751; 1
3753; 2
3752; 1
3754; 2
3754; 1
3756; 2
3761; 1
3763; 2
3764; 1
3766; 2
3766; 1
3768; 2
3766; 1
3768; 2
3769; 1
3771; 2
3773; 1
3775; 2
3774; 1
3776; 2
3776; 1
3778; 2
3784; 1
3786; 2
3786; 1
3788; 2
3793; 1
3795; 2
3796; 1
3798; 2
3797; 1
3799; 2
3797; 1
3799; 2
3800; 1
3802; 2
3801; 1
3803; 2
3801; 1
3803; 2
3802; 1
3804; 2
3802; 1
3804; 2
3808; 1
3810; 2
3809; 1
3811; 2
3810; 1
3812; 2
3816; 1
3818; 2
3818; 1
3820; 2
3818; 1
3820; 2
3821; 1
3823; 2
3824; 1
3826; 2
3824; 1
3826; 2
3827; 1
3829; 2
3829; 1
3831; 2
3831; 1
3833; 2
3832; 1
3834; 2
3833; 1
3835; 2
3837; 1
3839; 2
3841; 1
3843; 2
3844; 1
3846; 2
3846; 1
3848; 2
3848; 1
3850; 2
3850; 1
3852; 2
3852; 1
3854; 2
3854; 1
3856; 2
3856; 1
3858; 2
3859; 1
3861; 2
3860; 1
3862; 2
3863; 1
3865; 2
3863; 1
3865; 2
3864; 1
3866; 2
3867; 1
3869; 2
3868; 1
3870; 2
3868; 1
3870; 2
3871; 1
3873; 2
3872; 1
3874; 2
3873; 1
3875; 2
3873; 1
3875; 2
3875; 1
3877; 2
3879; 1
3881; 2
3882; 1
3884; 2
3886; 1
3888; 2
3887; 1
3889; 2
3888; 1
3890; 2
3889; 1
3891; 2
3891; 1
3893; 2
3894; 1
3896; 2
3896; 1
3898; 2
3897; 1
3899; 2
3897; 1
3899; 2
3899; 1
3901; 2
3900; 1
3902; 2
3902; 1
3904; 2
3903; 1
3905; 2
3903; 1
3905; 2
3903; 1
3905; 2
3908; 1
3910; 2
3916; 1
3918; 2
3916; 1
3918; 2
3917; 1
3919; 2
3922; 1
3924; 2
3923; 1
3925; 2
3925; 1
3927; 2
3925; 1
3927; 2
3926; 1
3928; 2
3926; 1
3928; 2
3927; 1
3929; 2
3930; 1
3932; 2
3931; 1
3933; 2
3933; 1
3935; 2
3934; 1
3936; 2
3935; 1
3937; 2
3936; 1
3938; 2
3937; 1
3939; 2
3939; 1
3941; 2
3943; 1
3945; 2
3944; 1
3946; 2
3945; 1
3947; 2
3948; 1
3950; 2
3950; 1
3952; 2
3950; 1
3952; 2
3955; 1
3957; 2
3957; 1
3959; 2
3959; 1
3961; 2
3962; 1
3964; 2
3964; 1
3966; 2
3965; 1
3967; 2
3967; 1
3969; 2
3968; 1
3970; 2
3968; 1
3970; 2
3971; 1
3973; 2
3977; 1
3979; 2
3985; 1
3987; 2
3987; 1
3989; 2
3988; 1
3990; 2
3992; 1
3994; 2
3992; 1
3994; 2
3996; 1
3998; 2
4002; 1
4004; 2
4002; 1
4004; 2
4003; 1
4005; 2
4003; 1
4005; 2
4005; 1
4007; 2
4006; 1
4008; 2
4007; 1
4009; 2
4008; 1
4010; 2
4009; 1
4011; 2
4012; 1
4014; 2
4021; 1
4023; 2
4022; 1
4024; 2
4027; 1
4029; 2
4030; 1
4032; 2
4032; 1
4034; 2
4032; 1
4034; 2
4033; 1
4035; 2
4033; 1
4035; 2
4039; 1
4041; 2
4042; 1
4044; 2
4042; 1
4044; 2
4043; 1
4045; 2
4045; 1
4047; 2
4049; 1
4051; 2
4050; 1
4052; 2
4052; 1
4054; 2
4053; 1
4055; 2
4058; 1
4060; 2
4068; 1
4070; 2
4069; 1
4071; 2
4073; 1
4075; 2
4074; 1
4076; 2
4078; 1
4080; 2
4078; 1
4080; 2
4078; 1
4080; 2
4079; 1
4081; 2
4081; 1
4083; 2
4085; 1
4087; 2
4086; 1
4088; 2
4088; 1
4090; 2
4088; 1
4090; 2
4089; 1
4091; 2
4092; 1
4094; 2
4094; 1
4096; 2
4100; 1
4102; 2
4101; 1
4103; 2
4102; 1
4104; 2
4103; 1
4105; 2
4105; 1
4107; 2
4108; 1
4110; 2
4108; 1
4110; 2
4112; 1
4114; 2
4112; 1
4114; 2
4114; 1
4116; 2
4116; 1
4118; 2
4117; 1
4119; 2
4118; 1
4120; 2
4119; 1
4121; 2
4119; 1
4121; 2
4122; 1
4124; 2
4127; 1
4129; 2
4130; 1
4132; 2
4131; 1
4133; 2
4132; 1
4134; 2
4137; 1
4139; 2
4146; 1
4148; 2
4148; 1
4150; 2
4155; 1
4157; 2
4160; 1
4162; 2
4164; 1
4166; 2
4166; 1
4168; 2
4171; 1
4173; 2
4171; 1
4173; 2
4172; 1
4174; 2
4172; 1
4174; 2
4174; 1
4176; 2
4175; 1
4177; 2
4178; 1
4180; 2
4181; 1
4183; 2
4181; 1
4183; 2
4182; 1
4184; 2
4186; 1
4188; 2
4187; 1
4189; 2
4187; 1
4189; 2
4189; 1
4191; 2
4190; 1
4192; 2
4190; 1
4192; 2
4193; 1
4195; 2
4194; 1
4196; 2
4198; 1
4200; 2
4202; 1
4204; 2
4205; 1
4207; 2
4207; 1
4209; 2
4208; 1
4210; 2
4209; 1
4211; 2
4210; 1
4212; 2
4212; 1
4214; 2
4217; 1
4219; 2
4217; 1
4219; 2
4219; 1
4221; 2
4220; 1
4222; 2
4221; 1
4223; 2
4224; 1
4226; 2
4228; 1
4230; 2
4231; 1
4233; 2
4232; 1
4234; 2
4234; 1
4236; 2
4237; 1
4239; 2
4237; 1
4239; 2
4243; 1
4245; 2
4244; 1
4246; 2
4245; 1
4247; 2
4246; 1
4248; 2
4246; 1
4248; 2
4247; 1
4249; 2
4247; 1
4249; 2
4248; 1
4250; 2
4250; 1
4252; 2
4251; 1
4253; 2
4253; 1
4255; 2
4253; 1
4255; 2
4253; 1
4255; 2
4255; 1
4257; 2
4256; 1
4258; 2
4258; 1
4260; 2
4259; 1
4261; 2
4259; 1
4261; 2
4262; 1
4264; 2
4266; 1
4268; 2
4270; 1
4272; 2
4277; 1
4279; 2
4278; 1
4280; 2
4281; 1
4283; 2
4281; 1
4283; 2
4281; 1
4283; 2
4283; 1
4285; 2
4283; 1
4285; 2
4284; 1
4286; 2
4285; 1
4287; 2
4286; 1
4288; 2
4287; 1
4289; 2
4288; 1
4290; 2
4290; 1
4292; 2
4294; 1
4296; 2
4296; 1
4298; 2
4296; 1
4298; 2
4299; 1
4301; 2
4304; 1
4306; 2
4304; 1
4306; 2
4306; 1
4308; 2
4310; 1
4312; 2
4310; 1
4312; 2
4311; 1
4313; 2
4312; 1
4314; 2
4312; 1
4314; 2
4314; 1
4316; 2
4316; 1
4318; 2
4320; 1
4322; 2
4321; 1
4323; 2
4321; 1
4323; 2
4324; 1
4326; 2
4331; 1
4333; 2
4335; 1
4337; 2
4335; 1
4337; 2
4337; 1
4339; 2
4338; 1
4340; 2
4340; 1
4342; 2
4342; 1
4344; 2
4345; 1
4347; 2
4346; 1
4348; 2
4348; 1
4350; 2
4351; 1
4353; 2
4353; 1
4355; 2
4356; 1
4358; 2
4358; 1
4360; 2
4360; 1
4362; 2
4363; 1
4365; 2
4365; 1
4367; 2
4367; 1
4369; 2
4368; 1
4370; 2
4368; 1
4370; 2
4373; 1
4375; 2
4378; 1
4380; 2
4384; 1
4386; 2
4384; 1
4386; 2
4385; 1
4387; 2
4385; 1
4387; 2
4387; 1
4389; 2
4387; 1
4389; 2
4389; 1
4391; 2
4389; 1
4391; 2
4392; 1
4394; 2
4392; 1
4394; 2
4392; 1
4394; 2
4394; 1
4396; 2
4395; 1
4397; 2
4395; 1
4397; 2
4395; 1
4397; 2
4397; 1
4399; 2
4401; 1
4403; 2
4403; 1
4405; 2
4409; 1
4411; 2
4409; 1
4411; 2
4410; 1
4412; 2
4412; 1
4414; 2
4414; 1
4416; 2
4416; 1
4418; 2
4416; 1
4418; 2
4416; 1
4418; 2
4417; 1
4419; 2
4419; 1
4421; 2
4420; 1
4422; 2
4421; 1
4423; 2
4423; 1
4425; 2
4424; 1
4426; 2
4425; 1
4427; 2
4431; 1
4433; 2
4433; 1
4435; 2
4433; 1
4435; 2
4434; 1
4436; 2
4435; 1
4437; 2
4435; 1
4437; 2
4442; 1
4444; 2
4443; 1
4445; 2
4445; 1
4447; 2
4445; 1
4447; 2
4452; 1
4454; 2
4452; 1
4454; 2
4459; 1
4461; 2
4460; 1
4462; 2
4461; 1
4463; 2
4462; 1
4464; 2
4462; 1
4464; 2
4463; 1
4465; 2
4463; 1
4465; 2
4466; 1
4468; 2
4470; 1
4472; 2
4476; 1
4478; 2
4477; 1
4479; 2
4480; 1
4482; 2
4481; 1
4483; 2
4484; 1
4486; 2
4485; 1
4487; 2
4485; 1
4487; 2
4486; 1
4488; 2
4488; 1
4490; 2
4489; 1
4491; 2
4490; 1
4492; 2
4491; 1
4493; 2
4493; 1
4495; 2
4493; 1
4495; 2
4494; 1
4496; 2
4496; 1
4498; 2
4497; 1
4499; 2
4499; 1
4501; 2
4499; 1
4501; 2
4503; 1
4505; 2
4506; 1
4508; 2
4508; 1
4510; 2
4510; 1
4512; 2
4511; 1
4513; 2
4512; 1
4514; 2
4514; 1
4516; 2
4516; 1
4518; 2
4518; 1
4520; 2
4520; 1
4522; 2
4527; 1
4529; 2
4532; 1
4534; 2
4532; 1
4534; 2
4533; 1
4535; 2
4534; 1
4536; 2
4539; 1
4541; 2
4544; 1
4546; 2
4546; 1
4548; 2
4547; 1
4549; 2
4550; 1
4552; 2
4550; 1
4552; 2
4551; 1
4553; 2
4551; 1
4553; 2
4553; 1
4555; 2
4554; 1
4556; 2
4555; 1
4557; 2
4556; 1
4558; 2
4560; 1
4562; 2
4560; 1
4562; 2
4569; 1
4571; 2
4569; 1
4571; 2
4571; 1
4573; 2
4572; 1
4574; 2
4574; 1
4576; 2
4580; 1
4582; 2
4586; 1
4588; 2
4586; 1
4588; 2
4586; 1
4588; 2
4588; 1
4590; 2
4592; 1
4594; 2
4594; 1
4596; 2
4598; 1
4600; 2
4601; 1
4603; 2
4603; 1
4605; 2
4604; 1
4606; 2
4605; 1
4607; 2
4607; 1
4609; 2
4610; 1
4612; 2
4618; 1
4620; 2
4618; 1
4620; 2
4619; 1
4621; 2
4620; 1
4622; 2
4623; 1
4625; 2
4624; 1
4626; 2
4626; 1
4628; 2
4627; 1
4629; 2
4628; 1
4630; 2
4629; 1
4631; 2
4635; 1
4637; 2
4637; 1
4639; 2
4640; 1
4642; 2
4641; 1
4643; 2
4645; 1
4647; 2
4645; 1
4647; 2
4645; 1
4647; 2
4645; 1
4647; 2
4648; 1
4650; 2
4649; 1
4651; 2
4649; 1
4651; 2
4651; 1
4653; 2
4652; 1
4654; 2
4653; 1
4655; 2
4658; 1
4660; 2
4659; 1
4661; 2
4662; 1
4664; 2
4662; 1
4664; 2
4663; 1
4665; 2
4663; 1
4665; 2
4667; 1
4669; 2
4667; 1
4669; 2
4669; 1
4671; 2
4675; 1
4677; 2
4676; 1
4678; 2
4678; 1
4680; 2
4679; 1
4681; 2
4680; 1
4682; 2
4682; 1
4684; 2
4682; 1
4684; 2
4682; 1
4684; 2
4683; 1
4685; 2
4683; 1
4685; 2
4684; 1
4686; 2
4684; 1
4686; 2
4684; 1
4686; 2
4685; 1
4687; 2
4685; 1
4687; 2
4686; 1
4688; 2
4689; 1
4691; 2
4692; 1
4694; 2
4693; 1
4695; 2
4695; 1
4697; 2
4697; 1
4699; 2
4699; 1
4701; 2
4699; 1
4701; 2
4702; 1
4704; 2
4707; 1
4709; 2
4708; 1
4710; 2
4709; 1
4711; 2
4709; 1
4711; 2
4710; 1
4712; 2
4710; 1
4712; 2
4710; 1
4712; 2
4712; 1
4714; 2
4712; 1
4714; 2
4712; 1
4714; 2
4715; 1
4717; 2
4717; 1
4719; 2
4718; 1
4720; 2
4722; 1
4724; 2
4730; 1
4732; 2
4738; 1
4740; 2
4740; 1
4742; 2
4741; 1
4743; 2
4742; 1
4744; 2
4746; 1
4748; 2
4746; 1
4748; 2
4751; 1
4753; 2
4751; 1
4753; 2
4753; 1
4755; 2
4754; 1
4756; 2
4759; 1
4761; 2
4759; 1
4761; 2
4760; 1
4762; 2
4764; 1
4766; 2
4764; 1
4766; 2
4765; 1
4767; 2
4767; 1
4769; 2
4768; 1
4770; 2
4768; 1
4770; 2
4769; 1
4771; 2
4769; 1
4771; 2
4772; 1
4774; 2
4772; 1
4774; 2
4773; 1
4775; 2
4776; 1
4778; 2
4777; 1
4779; 2
4781; 1
4783; 2
4784; 1
4786; 2
4790; 1
4792; 2
4791; 1
4793; 2
4792; 1
4794; 2
4794; 1
4796; 2
4795; 1
4797; 2
4799; 1
4801; 2
4801; 1
4803; 2
4803; 1
4805; 2
4804; 1
4806; 2
4804; 1
4806; 2
4804; 1
4806; 2
4805; 1
4807; 2
4805; 1
4807; 2
4806; 1
4808; 2
4810; 1
4812; 2
4810; 1
4812; 2
4813; 1
4815; 2
4816; 1
4818; 2
4819; 1
4821; 2
4819; 1
4821; 2
4822; 1
4824; 2
4823; 1
4825; 2
4824; 1
4826; 2
4826; 1
4828; 2
4828; 1
4830; 2
4829; 1
4831; 2
4831; 1
4833; 2
4832; 1
4834; 2
4832; 1
4834; 2
4835; 1
4837; 2
4835; 1
4837; 2
4838; 1
4840; 2
4839; 1
4841; 2
4839; 1
4841; 2
4844; 1
4846; 2
4847; 1
4849; 2
4850; 1
4852; 2
4859; 1
4861; 2
4860; 1
4862; 2
4861; 1
4863; 2
4861; 1
4863; 2
4862; 1
4864; 2
4863; 1
4865; 2
4867; 1
4869; 2
4872; 1
4874; 2
4880; 1
4882; 2
4882; 1
4884; 2
4885; 1
4887; 2
4885; 1
4887; 2
4888; 1
4890; 2
4888; 1
4890; 2
4891; 1
4893; 2
4892; 1
4894; 2
4893; 1
4895; 2
4893; 1
4895; 2
4896; 1
4898; 2
4899; 1
4901; 2
4901; 1
4903; 2
4903; 1
4905; 2
4903; 1
4905; 2
4903; 1
4905; 2
4904; 1
4906; 2
4906; 1
4908; 2
4907; 1
4909; 2
4907; 1
4909; 2
4908; 1
4910; 2
4910; 1
4912; 2
4911; 1
4913; 2
4914; 1
4916; 2
4917; 1
4919; 2
4919; 1
4921; 2
4921; 1
4923; 2
4923; 1
4925; 2
4923; 1
4925; 2
4924; 1
4926; 2
4926; 1
4928; 2
4927; 1
4929; 2
4930; 1
4932; 2
4930; 1
4932; 2
4934; 1
4936; 2
4934; 1
4936; 2
4936; 1
4938; 2
4941; 1
4943; 2
4943; 1
4945; 2
4943; 1
4945; 2
4943; 1
4945; 2
4945; 1
4947; 2
4946; 1
4948; 2
4947; 1
4949; 2
4948; 1
4950; 2
4948; 1
4950; 2
4949; 1
4951; 2
4950; 1
4952; 2
4951; 1
4953; 2
4953; 1
4955; 2
4955; 1
4957; 2
4955; 1
4957; 2
4959; 1
4961; 2
4959; 1
4961; 2
4959; 1
4961; 2
4960; 1
4962; 2
4961; 1
4963; 2
4964; 1
4966; 2
4964; 1
4966; 2
4965; 1
4967; 2
4969; 1
4971; 2
4971; 1
4973; 2
4974; 1
4976; 2
4974; 1
4976; 2
4975; 1
4977; 2
4975; 1
4977; 2
4977; 1
4979; 2
4978; 1
4980; 2
4979; 1
4981; 2
4981; 1
4983; 2
4983; 1
4985; 2
4985; 1
4987; 2
4985; 1
4987; 2
4986; 1
4988; 2
4990; 1
4992; 2
4991; 1
4993; 2
4993; 1
4995; 2
4994; 1
4996; 2
4996; 1
4998; 2
5000; 1
5002; 2
5003; 1
5005; 2
5007; 1
5009; 2
5008; 1
5010; 2
5010; 1
5012; 2
5016; 1
5018; 2
5016; 1
5018; 2
5019; 1
5021; 2
5020; 1
5022; 2
5020; 1
5022; 2
5022; 1
5024; 2
5025; 1
5027; 2
5027; 1
5029; 2
5028; 1
5030; 2
5029; 1
5031; 2
5032; 1
5034; 2
5036; 1
5038; 2
5044; 1
5046; 2
5048; 1
5050; 2
5054; 1
5056; 2
5055; 1
5057; 2
5058; 1
5060; 2
5059; 1
5061; 2
5059; 1
5061; 2
5060; 1
5062; 2
5061; 1
5063; 2
5062; 1
5064; 2
5064; 1
5066; 2
5069; 1
5071; 2
5069; 1
5071; 2
5071; 1
5073; 2
5071; 1
5073; 2
5072; 1
5074; 2
5075; 1
5077; 2
5081; 1
5083; 2
5084; 1
5086; 2
5085; 1
5087; 2
5092; 1
5094; 2
5092; 1
5094; 2
5093; 1
5095; 2
5094; 1
5096; 2
5097; 1
5099; 2
5098; 1
5100; 2
5098; 1
5100; 2
5100; 1
5102; 2
5108; 1
5110; 2
5109; 1
5111; 2
5110; 1
5112; 2
5111; 1
5113; 2
5112; 1
5114; 2
5113; 1
5115; 2
5115; 1
5117; 2
5117; 1
5119; 2
5117; 1
5119; 2
5118; 1
5120; 2
5118; 1
5120; 2
5121; 1
5123; 2
5123; 1
5125; 2
5131; 1
5133; 2
5131; 1
5133; 2
5133; 1
5135; 2
5134; 1
5136; 2
5135; 1
5137; 2
5138; 1
5140; 2
5138; 1
5140; 2
5146; 1
5148; 2
5147; 1
5149; 2
5149; 1
5151; 2
5150; 1
5152; 2
5153; 1
5155; 2
5155; 1
5157; 2
5158; 1
5160; 2
5159; 1
5161; 2
5159; 1
5161; 2
5163; 1
5165; 2
5165; 1
5167; 2
5165; 1
5167; 2
5165; 1
5167; 2
5165; 1
5167; 2
5165; 1
5167; 2
5169; 1
5171; 2
5170; 1
5172; 2
5170; 1
5172; 2
5175; 1
5177; 2
5175; 1
5177; 2
5175; 1
5177; 2
5176; 1
5178; 2
5178; 1
5180; 2
5180; 1
5182; 2
5191; 1
5193; 2
5191; 1
5193; 2
5192; 1
5194; 2
5195; 1
5197; 2
5195; 1
5197; 2
5199; 1
5201; 2
5203; 1
5205; 2
5203; 1
5205; 2
5203; 1
5205; 2
5204; 1
5206; 2
5206; 1
5208; 2
5209; 1
5211; 2
5211; 1
5213; 2
5216; 1
5218; 2
5217; 1
5219; 2
5225; 1
5227; 2
5225; 1
5227; 2
5229; 1
5231; 2
5230; 1
5232; 2
5232; 1
5234; 2
5232; 1
5234; 2
5233; 1
5235; 2
5234; 1
5236; 2
5235; 1
5237; 2
5235; 1
5237; 2
5235; 1
5237; 2
5236; 1
5238; 2
5244; 1
5246; 2
5245; 1
5247; 2
5250; 1
5252; 2
5252; 1
5254; 2
5253; 1
5255; 2
5254; 1
5256; 2
5255; 1
5257; 2
5257; 1
5259; 2
5258; 1
5260; 2
5258; 1
5260; 2
5259; 1
5261; 2
5261; 1
5263; 2
5263; 1
5265; 2
5264; 1
5266; 2
5264; 1
5266; 2
5265; 1
5267; 2
5266; 1
5268; 2
5269; 1
5271; 2
5269; 1
5271; 2
5273; 1
5275; 2
5273; 1
5275; 2
5279; 1
5281; 2
5280; 1
5282; 2
5281; 1
5283; 2
5283; 1
5285; 2
5284; 1
5286; 2
5284; 1
5286; 2
5287; 1
5289; 2
5287; 1
5289; 2
5287; 1
5289; 2
5290; 1
5292; 2
5294; 1
5296; 2
5294; 1
5296; 2
5294; 1
5296; 2
5295; 1
5297; 2
5297; 1
5299; 2
5297; 1
5299; 2
5302; 1
5304; 2
5312; 1
5314; 2
5312; 1
5314; 2
5313; 1
5315; 2
5315; 1
5317; 2
5315; 1
5317; 2
5317; 1
5319; 2
5317; 1
5319; 2
5319; 1
5321; 2
5322; 1
5324; 2
5323; 1
5325; 2
5323; 1
5325; 2
5327; 1
5329; 2
5327; 1
5329; 2
5329; 1
5331; 2
5338; 1
5340; 2
5344; 1
5346; 2
5346; 1
5348; 2
5349; 1
5351; 2
5353; 1
5355; 2
5355; 1
5357; 2
5358; 1
5360; 2
5359; 1
5361; 2
5365; 1
5367; 2
5366; 1
5368; 2
5367; 1
5369; 2
5379; 1
5381; 2
5385; 1
5387; 2
5386; 1
5388; 2
5389; 1
5391; 2
5390; 1
5392; 2
5390; 1
5392; 2
5390; 1
5392; 2
5390; 1
5392; 2
5392; 1
5394; 2
5393; 1
5395; 2
5393; 1
5395; 2
5394; 1
5396; 2
5394; 1
5396; 2
5396; 1
5398; 2
5406; 1
5408; 2
5409; 1
5411; 2
5410; 1
5412; 2
5411; 1
5413; 2
5411; 1
5413; 2
5413; 1
5415; 2
5417; 1
5419; 2
5421; 1
5423; 2
5422; 1
5424; 2
5423; 1
5425; 2
5424; 1
5426; 2
5424; 1
5426; 2
5426; 1
5428; 2
5428; 1
5430; 2
5429; 1
5431; 2
5429; 1
5431; 2
5431; 1
5433; 2
5432; 1
5434; 2
5434; 1
5436; 2
5435; 1
5437; 2
5436; 1
5438; 2
5436; 1
5438; 2
5440; 1
5442; 2
5444; 1
5446; 2
5446; 1
5448; 2
5449; 1
5451; 2
5454; 1
5456; 2
5454; 1
5456; 2
5456; 1
5458; 2
5458; 1
5460; 2
5458; 1
5460; 2
5458; 1
5460; 2
5460; 1
5462; 2
5461; 1
5463; 2
5462; 1
5464; 2
5463; 1
5465; 2
5464; 1
5466; 2
5468; 1
5470; 2
5468; 1
5470; 2
5468; 1
5470; 2
5469; 1
5471; 2
5470; 1
5472; 2
5472; 1
5474; 2
5476; 1
5478; 2
5478; 1
5480; 2
5486; 1
5488; 2
5490; 1
5492; 2
5490; 1
5492; 2
5491; 1
5493; 2
5493; 1
5495; 2
5497; 1
5499; 2
5501; 1
5503; 2
5501; 1
5503; 2
5503; 1
5505; 2
5503; 1
5505; 2
5504; 1
5506; 2
5506; 1
5508; 2
5512; 1
5514; 2
5514; 1
5516; 2
5516; 1
5518; 2
5517; 1
5519; 2
5517; 1
5519; 2
5531; 1
5533; 2
5532; 1
5534; 2
5535; 1
5537; 2
5537; 1
5539; 2
5538; 1
5540; 2
5539; 1
5541; 2
5544; 1
5546; 2
5545; 1
5547; 2
5548; 1
5550; 2
5548; 1
5550; 2
5549; 1
5551; 2
5550; 1
5552; 2
5552; 1
5554; 2
5552; 1
5554; 2
5552; 1
5554; 2
5558; 1
5560; 2
5559; 1
5561; 2
5559; 1
5561; 2
5559; 1
5561; 2
5560; 1
5562; 2
5565; 1
5567; 2
5569; 1
5571; 2
5570; 1
5572; 2
5570; 1
5572; 2
5571; 1
5573; 2
5575; 1
5577; 2
5577; 1
5579; 2
5577; 1
5579; 2
5578; 1
5580; 2
5580; 1
5582; 2
5583; 1
5585; 2
5583; 1
5585; 2
5583; 1
5585; 2
5588; 1
5590; 2
5590; 1
5592; 2
5592; 1
5594; 2
5592; 1
5594; 2
5593; 1
5595; 2
5595; 1
5597; 2
5599; 1
5601; 2
5601; 1
5603; 2
5602; 1
5604; 2
5603; 1
5605; 2
5605; 1
5607; 2
5608; 1
5610; 2
5612; 1
5614; 2
5613; 1
5615; 2
5614; 1
5616; 2
5614; 1
5616; 2
5615; 1
5617; 2
5616; 1
5618; 2
5617; 1
5619; 2
5617; 1
5619; 2
5618; 1
5620; 2
5619; 1
5621; 2
5619; 1
5621; 2
5619; 1
5621; 2
5619; 1
5621; 2
5619; 1
5621; 2
5622; 1
5624; 2
5622; 1
5624; 2
5623; 1
5625; 2
5625; 1
5627; 2
5628; 1
5630; 2
5634; 1
5636; 2
5637; 1
5639; 2
5640; 1
5642; 2
5640; 1
5642; 2
5641; 1
5643; 2
5643; 1
5645; 2
5643; 1
5645; 2
5649; 1
5651; 2
5651; 1
5653; 2
5652; 1
5654; 2
5652; 1
5654; 2
5654; 1
5656; 2
5664; 1
5666; 2
5665; 1
5667; 2
5670; 1
5672; 2
5670; 1
5672; 2
5672; 1
5674; 2
5672; 1
5674; 2
5673; 1
5675; 2
5674; 1
5676; 2
5676; 1
5678; 2
5676; 1
5678; 2
5679; 1
5681; 2
5683; 1
5685; 2
5683; 1
5685; 2
5683; 1
5685; 2
5690; 1
5692; 2
5690; 1
5692; 2
5692; 1
5694; 2
5693; 1
5695; 2
5700; 1
5702; 2
5705; 1
5707; 2
5709; 1
5711; 2
5709; 1
5711; 2
5711; 1
5713; 2
5712; 1
5714; 2
5713; 1
5715; 2
5715; 1
5717; 2
5715; 1
5717; 2
5716; 1
5718; 2
5718; 1
5720; 2
5718; 1
5720; 2
5723; 1
5725; 2
5724; 1
5726; 2
5725; 1
5727; 2
5725; 1
5727; 2
5725; 1
5727; 2
5729; 1
5731; 2
5730; 1
5732; 2
5732; 1
5734; 2
5733; 1
5735; 2
5734; 1
5736; 2
5736; 1
5738; 2
5737; 1
5739; 2
5738; 1
5740; 2
5739; 1
5741; 2
5740; 1
5742; 2
5740; 1
5742; 2
5742; 1
5744; 2
5742; 1
5744; 2
5746; 1
5748; 2
5746; 1
5748; 2
5749; 1
5751; 2
5752; 1
5754; 2
5757; 1
5759; 2
5758; 1
5760; 2
5758; 1
5760; 2
5758; 1
5760; 2
5760; 1
5762; 2
5760; 1
5762; 2
5763; 1
5765; 2
5767; 1
5769; 2
5769; 1
5771; 2
5771; 1
5773; 2
5771; 1
5773; 2
5771; 1
5773; 2
5774; 1
5776; 2
5774; 1
5776; 2
5781; 1
5783; 2
5787; 1
5789; 2
5789; 1
5791; 2
5797; 1
5799; 2
5800; 1
5802; 2
5800; 1
5802; 2
5806; 1
5808; 2
5810; 1
5812; 2
5813; 1
5815; 2
5816; 1
5818; 2
5818; 1
5820; 2
5823; 1
5825; 2
5824; 1
5826; 2
5826; 1
5828; 2
5826; 1
5828; 2
5828; 1
5830; 2
5829; 1
5831; 2
5830; 1
5832; 2
5831; 1
5833; 2
5831; 1
5833; 2
5834; 1
5836; 2
5835; 1
5837; 2
5843; 1
5845; 2
5850; 1
5852; 2
5852; 1
5854; 2
5854; 1
5856; 2
5854; 1
5856; 2
5854; 1
5856; 2
5856; 1
5858; 2
5862; 1
5864; 2
5864; 1
5866; 2
5864; 1
5866; 2
5864; 1
5866; 2
5865; 1
5867; 2
5871; 1
5873; 2
5876; 1
5878; 2
5877; 1
5879; 2
5879; 1
5881; 2
5883; 1
5885; 2
5885; 1
5887; 2
5887; 1
5889; 2
5889; 1
5891; 2
5894; 1
5896; 2
5895; 1
5897; 2
5899; 1
5901; 2
5900; 1
5902; 2
5902; 1
5904; 2
5905; 1
5907; 2
5907; 1
5909; 2
5909; 1
5911; 2
5913; 1
5915; 2
5914; 1
5916; 2
5923; 1
5925; 2
5930; 1
5932; 2
5937; 1
5939; 2
5940; 1
5942; 2
5940; 1
5942; 2
5947; 1
5949; 2
5948; 1
5950; 2
5955; 1
5957; 2
5956; 1
5958; 2
5958; 1
5960; 2
5963; 1
5965; 2
5970; 1
5972; 2
5972; 1
5974; 2
5974; 1
5976; 2
5975; 1
5977; 2
5976; 1
5978; 2
5977; 1
5979; 2
5980; 1
5982; 2
5982; 1
5984; 2
5983; 1
5985; 2
5984; 1
5986; 2
5985; 1
5987; 2
5986; 1
5988; 2
5987; 1
5989; 2
5987; 1
5989; 2
5987; 1
5989; 2
5990; 1
5992; 2
5991; 1
5993; 2
5994; 1
5996; 2
5997; 1
5999; 2
5998; 1
6000; 2
6001; 1
6003; 2
6001; 1
6003; 2
6001; 1
6003; 2
6002; 1
6004; 2
6011; 1
6013; 2
6011; 1
6013; 2
6012; 1
6014; 2
6012; 1
6014; 2
6013; 1
6015; 2
6016; 1
6018; 2
6019; 1
6021; 2
6021; 1
6023; 2
6022; 1
6024; 2
6024; 1
6026; 2
6027; 1
6029; 2
6029; 1
6031; 2
6030; 1
6032; 2
6030; 1
6032; 2
6032; 1
6034; 2
6035; 1
6037; 2
6036; 1
6038; 2
6037; 1
6039; 2
6038; 1
6040; 2
6042; 1
6044; 2
6053; 1
6055; 2
6056; 1
6058; 2
6057; 1
6059; 2
6058; 1
6060; 2
6059; 1
6061; 2
6069; 1
6071; 2
6069; 1
6071; 2
6076; 1
6078; 2
6078; 1
6080; 2
6080; 1
6082; 2
6082; 1
6084; 2
6082; 1
6084; 2
6086; 1
6088; 2
6088; 1
6090; 2
6092; 1
6094; 2
6099; 1
6101; 2
6100; 1
6102; 2
6102; 1
6104; 2
6103; 1
6105; 2
6106; 1
6108; 2
6107; 1
6109; 2
6111; 1
6113; 2
6113; 1
6115; 2
6114; 1
6116; 2
6119; 1
6121; 2
6120; 1
6122; 2
6121; 1
6123; 2
6122; 1
6124; 2
6126; 1
6128; 2
6131; 1
6133; 2
6131; 1
6133; 2
6132; 1
6134; 2
6133; 1
6135; 2
6135; 1
6137; 2
6136; 1
6138; 2
6138; 1
6140; 2
6139; 1
6141; 2
6140; 1
6142; 2
6141; 1
6143; 2
6142; 1
6144; 2
6148; 1
6150; 2
6148; 1
6150; 2
6150; 1
6152; 2
6152; 1
6154; 2
6152; 1
6154; 2
6158; 1
6160; 2
6158; 1
6160; 2
6164; 1
6166; 2
6166; 1
6168; 2
6168; 1
6170; 2
6170; 1
6172; 2
6173; 1
6175; 2
6176; 1
6178; 2
6176; 1
6178; 2
6176; 1
6178; 2
6176; 1
6178; 2
6181; 1
6183; 2
6182; 1
6184; 2
6186; 1
6188; 2
6189; 1
6191; 2
6199; 1
6201; 2
6202; 1
6204; 2
6208; 1
6210; 2
6208; 1
6210; 2
6209; 1
6211; 2
6211; 1
6213; 2
6215; 1
6217; 2
6216; 1
6218; 2
6217; 1
6219; 2
6219; 1
6221; 2
6221; 1
6223; 2
6222; 1
6224; 2
6225; 1
6227; 2
6227; 1
6229; 2
6230; 1
6232; 2
6235; 1
6237; 2
6238; 1
6240; 2
6238; 1
6240; 2
6239; 1
6241; 2
6250; 1
6252; 2
6252; 1
6254; 2
6258; 1
6260; 2
6266; 1
6268; 2
6266; 1
6268; 2
6269; 1
6271; 2
6274; 1
6276; 2
6276; 1
6278; 2
6277; 1
6279; 2
6279; 1
6281; 2
6281; 1
6283; 2
6282; 1
6284; 2
6282; 1
6284; 2
6285; 1
6287; 2
6291; 1
6293; 2
6292; 1
6294; 2
6295; 1
6297; 2
6300; 1
6302; 2
6300; 1
6302; 2
6303; 1
6305; 2
6308; 1
6310; 2
6311; 1
6313; 2
6312; 1
6314; 2
6320; 1
6322; 2
6322; 1
6324; 2
6326; 1
6328; 2
6327; 1
6329; 2
6328; 1
6330; 2
6330; 1
6332; 2
6332; 1
6334; 2
6333; 1
6335; 2
6342; 1
6344; 2
6344; 1
6346; 2
6350; 1
6352; 2
6351; 1
6353; 2
6351; 1
6353; 2
6351; 1
6353; 2
6353; 1
6355; 2
6357; 1
6359; 2
6364; 1
6366; 2
6367; 1
6369; 2
6367; 1
6369; 2
6368; 1
6370; 2
6370; 1
6372; 2
6374; 1
6376; 2
6375; 1
6377; 2
6375; 1
6377; 2
6376; 1
6378; 2
6379; 1
6381; 2
6379; 1
6381; 2
6383; 1
6385; 2
6385; 1
6387; 2
6385; 1
6387; 2
6386; 1
6388; 2
6388; 1
6390; 2
6392; 1
6394; 2
6396; 1
6398; 2
6398; 1
6400; 2
6398; 1
6400; 2
6400; 1
6402; 2
6401; 1
6403; 2
6401; 1
6403; 2
6404; 1
6406; 2
6410; 1
6412; 2
6411; 1
6413; 2
6413; 1
6415; 2
6414; 1
6416; 2
6414; 1
6416; 2
6415; 1
6417; 2
6415; 1
6417; 2
6415; 1
6417; 2
6416; 1
6418; 2
6420; 1
6422; 2
6421; 1
6423; 2
6422; 1
6424; 2
6423; 1
6425; 2
6424; 1
6426; 2
6426; 1
6428; 2
6431; 1
6433; 2
6433; 1
6435; 2
6433; 1
6435; 2
6434; 1
6436; 2
6434; 1
6436; 2
6439; 1
6441; 2
6440; 1
6442; 2
6441; 1
6443; 2
6441; 1
6443; 2
6446; 1
6448; 2
6449; 1
6451; 2
6452; 1
6454; 2
6455; 1
6457; 2
6455; 1
6457; 2
6455; 1
6457; 2
6457; 1
6459; 2
6461; 1
6463; 2
6461; 1
6463; 2
6462; 1
6464; 2
6463; 1
6465; 2
6466; 1
6468; 2
6467; 1
6469; 2
6469; 1
6471; 2
6471; 1
6473; 2
6472; 1
6474; 2
6473; 1
6475; 2
6478; 1
6480; 2
6484; 1
6486; 2
6492; 1
6494; 2
6492; 1
6494; 2
6493; 1
6495; 2
6493; 1
6495; 2
6496; 1
6498; 2
6505; 1
6507; 2
6507; 1
6509; 2
6512; 1
6514; 2
6513; 1
6515; 2
6519; 1
6521; 2
6521; 1
6523; 2
6522; 1
6524; 2
6524; 1
6526; 2
6524; 1
6526; 2
6524; 1
6526; 2
6526; 1
6528; 2
6526; 1
6528; 2
6533; 1
6535; 2
6536; 1
6538; 2
6537; 1
6539; 2
6539; 1
6541; 2
6543; 1
6545; 2
6544; 1
6546; 2
6549; 1
6551; 2
6551; 1
6553; 2
6552; 1
6554; 2
6552; 1
6554; 2
6553; 1
6555; 2
6554; 1
6556; 2
6558; 1
6560; 2
6558; 1
6560; 2
6560; 1
6562; 2
6565; 1
6567; 2
6571; 1
6573; 2
6573; 1
6575; 2
6577; 1
6579; 2
6577; 1
6579; 2
6578; 1
6580; 2
6582; 1
6584; 2
6583; 1
6585; 2
6585; 1
6587; 2
6588; 1
6590; 2
6591; 1
6593; 2
6592; 1
6594; 2
6594; 1
6596; 2
6595; 1
6597; 2
6596; 1
6598; 2
6598; 1
6600; 2
6598; 1
6600; 2
6599; 1
6601; 2
6600; 1
6602; 2
6600; 1
6602; 2
6601; 1
6603; 2
6601; 1
6603; 2
6604; 1
6606; 2
6607; 1
6609; 2
6616; 1
6618; 2
6618; 1
6620; 2
6619; 1
6621; 2
6621; 1
6623; 2
6621; 1
6623; 2
6627; 1
6629; 2
6630; 1
6632; 2
6633; 1
6635; 2
6636; 1
6638; 2
6637; 1
6639; 2
6639; 1
6641; 2
6640; 1
6642; 2
6640; 1
6642; 2
6641; 1
6643; 2
6644; 1
6646; 2
6644; 1
6646; 2
6646; 1
6648; 2
6646; 1
6648; 2
6648; 1
6650; 2
6649; 1
6651; 2
6650; 1
6652; 2
6651; 1
6653; 2
6653; 1
6655; 2
6656; 1
6658; 2
6659; 1
6661; 2
6662; 1
6664; 2
6662; 1
6664; 2
6664; 1
6666; 2
6665; 1
6667; 2
6666; 1
6668; 2
6668; 1
6670; 2
6671; 1
6673; 2
6675; 1
6677; 2
6676; 1
6678; 2
6676; 1
6678; 2
6684; 1
6686; 2
6685; 1
6687; 2
6693; 1
6695; 2
6695; 1
6697; 2
6696; 1
6698; 2
6698; 1
6700; 2
6698; 1
6700; 2
6699; 1
6701; 2
6702; 1
6704; 2
6709; 1
6711; 2
6715; 1
6717; 2
6715; 1
6717; 2
6716; 1
6718; 2
6716; 1
6718; 2
6717; 1
6719; 2
6718; 1
6720; 2
6718; 1
6720; 2
6719; 1
6721; 2
6722; 1
6724; 2
6723; 1
6725; 2
6724; 1
6726; 2
6724; 1
6726; 2
6732; 1
6734; 2
6738; 1
6740; 2
6739; 1
6741; 2
6739; 1
6741; 2
6743; 1
6745; 2
6743; 1
6745; 2
6746; 1
6748; 2
6759; 1
6761; 2
6761; 1
6763; 2
6763; 1
6765; 2
6763; 1
6765; 2
6764; 1
6766; 2
6769; 1
6771; 2
6769; 1
6771; 2
6770; 1
6772; 2
6771; 1
6773; 2
6773; 1
6775; 2
6775; 1
6777; 2
6775; 1
6777; 2
6782; 1
6784; 2
6782; 1
6784; 2
6783; 1
6785; 2
6783; 1
6785; 2
6784; 1
6786; 2
6784; 1
6786; 2
6786; 1
6788; 2
6787; 1
6789; 2
6792; 1
6794; 2
6792; 1
6794; 2
6792; 1
6794; 2
6793; 1
6795; 2
6793; 1
6795; 2
6795; 1
6797; 2
6796; 1
6798; 2
6801; 1
6803; 2
6803; 1
6805; 2
6810; 1
6812; 2
6812; 1
6814; 2
6816; 1
6818; 2
6822; 1
6824; 2
6822; 1
6824; 2
6822; 1
6824; 2
6824; 1
6826; 2
6824; 1
6826; 2
6825; 1
6827; 2
6826; 1
6828; 2
6830; 1
6832; 2
6833; 1
6835; 2
6835; 1
6837; 2
6836; 1
6838; 2
6836; 1
6838; 2
6845; 1
6847; 2
6847; 1
6849; 2
6850; 1
6852; 2
6851; 1
6853; 2
6854; 1
6856; 2
6855; 1
6857; 2
6856; 1
6858; 2
6860; 1
6862; 2
6861; 1
6863; 2
6862; 1
6864; 2
6869; 1
6871; 2
6869; 1
6871; 2
6876; 1
6878; 2
6876; 1
6878; 2
6879; 1
6881; 2
6881; 1
6883; 2
6882; 1
6884; 2
6883; 1
6885; 2
6884; 1
6886; 2
6885; 1
6887; 2
6889; 1
6891; 2
6893; 1
6895; 2
6897; 1
6899; 2
6901; 1
6903; 2
6906; 1
6908; 2
6907; 1
6909; 2
6907; 1
6909; 2
6912; 1
6914; 2
6916; 1
6918; 2
6916; 1
6918; 2
6920; 1
6922; 2
6922; 1
6924; 2
6925; 1
6927; 2
6926; 1
6928; 2
6930; 1
6932; 2
6931; 1
6933; 2
6931; 1
6933; 2
6932; 1
6934; 2
6932; 1
6934; 2
6934; 1
6936; 2
6934; 1
6936; 2
6934; 1
6936; 2
6935; 1
6937; 2
6937; 1
6939; 2
6938; 1
6940; 2
6939; 1
6941; 2
6940; 1
6942; 2
6941; 1
6943; 2
6942; 1
6944; 2
6947; 1
6949; 2
6949; 1
6951; 2
6951; 1
6953; 2
6952; 1
6954; 2
6953; 1
6955; 2
6954; 1
6956; 2
6955; 1
6957; 2
6958; 1
6960; 2
6958; 1
6960; 2
6959; 1
6961; 2
6962; 1
6964; 2
6963; 1
6965; 2
6969; 1
6971; 2
6969; 1
6971; 2
6970; 1
6972; 2
6970; 1
6972; 2
6970; 1
6972; 2
6971; 1
6973; 2
6972; 1
6974; 2
6973; 1
6975; 2
6975; 1
6977; 2
6977; 1
6979; 2
6980; 1
6982; 2
6982; 1
6984; 2
6983; 1
6985; 2
6984; 1
6986; 2
6984; 1
6986; 2
6986; 1
6988; 2
6987; 1
6989; 2
6987; 1
6989; 2
6987; 1
6989; 2
6988; 1
6990; 2
6988; 1
6990; 2
6989; 1
6991; 2
6991; 1
6993; 2
6992; 1
6994; 2
6993; 1
6995; 2
6995; 1
6997; 2
6996; 1
6998; 2
6996; 1
6998; 2
6998; 1
7000; 2
6999; 1
7001; 2
7000; 1
7002; 2
7001; 1
7003; 2
7002; 1
7004; 2
7003; 1
7005; 2
7004; 1
7006; 2
7006; 1
7008; 2
7008; 1
7010; 2
7012; 1
7014; 2
7013; 1
7015; 2
7013; 1
7015; 2
7020; 1
7022; 2
7023; 1
7025; 2
7025; 1
7027; 2
7026; 1
7028; 2
7030; 1
7032; 2
7031; 1
7033; 2
7031; 1
7033; 2
7031; 1
7033; 2
7036; 1
7038; 2
7037; 1
7039; 2
7039; 1
7041; 2
7039; 1
7041; 2
7041; 1
7043; 2
7046; 1
7048; 2
7047; 1
7049; 2
7052; 1
7054; 2
7052; 1
7054; 2
7055; 1
7057; 2
7056; 1
7058; 2
7056; 1
7058; 2
7057; 1
7059; 2
7062; 1
7064; 2
7065; 1
7067; 2
7069; 1
7071; 2
7070; 1
7072; 2
7073; 1
7075; 2
7073; 1
7075; 2
7076; 1
7078; 2
7079; 1
7081; 2
7079; 1
7081; 2
7084; 1
7086; 2
7085; 1
7087; 2
7086; 1
7088; 2
7086; 1
7088; 2
7088; 1
7090; 2
7090; 1
7092; 2
7090; 1
7092; 2
7091; 1
7093; 2
7096; 1
7098; 2
7098; 1
7100; 2
7098; 1
7100; 2
7099; 1
7101; 2
7099; 1
7101; 2
7101; 1
7103; 2
7101; 1
7103; 2
7104; 1
7106; 2
7105; 1
7107; 2
7106; 1
7108; 2
7106; 1
7108; 2
7108; 1
7110; 2
7109; 1
7111; 2
7111; 1
7113; 2
7111; 1
7113; 2
7113; 1
7115; 2
7114; 1
7116; 2
7114; 1
7116; 2
7116; 1
7118; 2
7119; 1
7121; 2
7121; 1
7123; 2
7125; 1
7127; 2
7127; 1
7129; 2
7127; 1
7129; 2
7128; 1
7130; 2
7132; 1
7134; 2
7132; 1
7134; 2
7133; 1
7135; 2
7136; 1
7138; 2
7136; 1
7138; 2
7138; 1
7140; 2
7139; 1
7141; 2
7140; 1
7142; 2
7146; 1
7148; 2
7147; 1
7149; 2
7147; 1
7149; 2
7147; 1
7149; 2
7149; 1
7151; 2
7150; 1
7152; 2
7152; 1
7154; 2
7153; 1
7155; 2
7155; 1
7157; 2
7156; 1
7158; 2
7159; 1
7161; 2
7160; 1
7162; 2
7162; 1
7164; 2
7163; 1
7165; 2
7167; 1
7169; 2
7169; 1
7171; 2
7169; 1
7171; 2
7175; 1
7177; 2
7179; 1
7181; 2
7179; 1
7181; 2
7181; 1
7183; 2
7183; 1
7185; 2
7186; 1
7188; 2
7187; 1
7189; 2
7187; 1
7189; 2
7187; 1
7189; 2
7188; 1
7190; 2
7189; 1
7191; 2
7191; 1
7193; 2
7193; 1
7195; 2
7193; 1
7195; 2
7194; 1
7196; 2
7195; 1
7197; 2
7196; 1
7198; 2
7196; 1
7198; 2
7206; 1
7208; 2
7209; 1
7211; 2
7213; 1
7215; 2
7214; 1
7216; 2
7216; 1
7218; 2
7217; 1
7219; 2
7218; 1
7220; 2
7218; 1
7220; 2
7219; 1
7221; 2
7223; 1
7225; 2
7226; 1
7228; 2
7226; 1
7228; 2
7229; 1
7231; 2
7230; 1
7232; 2
7232; 1
7234; 2
7234; 1
7236; 2
7237; 1
7239; 2
7238; 1
7240; 2
7239; 1
7241; 2
7240; 1
7242; 2
7242; 1
7244; 2
7242; 1
7244; 2
7243; 1
7245; 2
7245; 1
7247; 2
7254; 1
7256; 2
7256; 1
7258; 2
7257; 1
7259; 2
7257; 1
7259; 2
7261; 1
7263; 2
7261; 1
7263; 2
7263; 1
7265; 2
7265; 1
7267; 2
7266; 1
7268; 2
7267; 1
7269; 2
7277; 1
7279; 2
7281; 1
7283; 2
7282; 1
7284; 2
7285; 1
7287; 2
7285; 1
7287; 2
7286; 1
7288; 2
7291; 1
7293; 2
7296; 1
7298; 2
7297; 1
7299; 2
7298; 1
7300; 2
7299; 1
7301; 2
7302; 1
7304; 2
7304; 1
7306; 2
7306; 1
7308; 2
7307; 1
7309; 2
7309; 1
7311; 2
7309; 1
7311; 2
7310; 1
7312; 2
7310; 1
7312; 2
7312; 1
7314; 2
7316; 1
7318; 2
7319; 1
7321; 2
7320; 1
7322; 2
7322; 1
7324; 2
7324; 1
7326; 2
7329; 1
7331; 2
7332; 1
7334; 2
7333; 1
7335; 2
7338; 1
7340; 2
7338; 1
7340; 2
7339; 1
7341; 2
7341; 1
7343; 2
7346; 1
7348; 2
7349; 1
7351; 2
7350; 1
7352; 2
7351; 1
7353; 2
7352; 1
7354; 2
7354; 1
7356; 2
7357; 1
7359; 2
7359; 1
7361; 2
7359; 1
7361; 2
7360; 1
7362; 2
7361; 1
7363; 2
7366; 1
7368; 2
7369; 1
7371; 2
7371; 1
7373; 2
7375; 1
7377; 2
7375; 1
7377; 2
7376; 1
7378; 2
7377; 1
7379; 2
7379; 1
7381; 2
7381; 1
7383; 2
7382; 1
7384; 2
7382; 1
7384; 2
7385; 1
7387; 2
7385; 1
7387; 2
7388; 1
7390; 2
7388; 1
7390; 2
7389; 1
7391; 2
7390; 1
7392; 2
7391; 1
7393; 2
7398; 1
7400; 2
7401; 1
7403; 2
7402; 1
7404; 2
7406; 1
7408; 2
7407; 1
7409; 2
7408; 1
7410; 2
7410; 1
7412; 2
7410; 1
7412; 2
7411; 1
7413; 2
7411; 1
7413; 2
7411; 1
7413; 2
7412; 1
7414; 2
7412; 1
7414; 2
7413; 1
7415; 2
7420; 1
7422; 2
7421; 1
7423; 2
7421; 1
7423; 2
7425; 1
7427; 2
7426; 1
7428; 2
7426; 1
7428; 2
7429; 1
7431; 2
7431; 1
7433; 2
7434; 1
7436; 2
7434; 1
7436; 2
7435; 1
7437; 2
7436; 1
7438; 2
7438; 1
7440; 2
7443; 1
7445; 2
7449; 1
7451; 2
7451; 1
7453; 2
7457; 1
7459; 2
7460; 1
7462; 2
7471; 1
7473; 2
7471; 1
7473; 2
7472; 1
7474; 2
7472; 1
7474; 2
7472; 1
7474; 2
7474; 1
7476; 2
7477; 1
7479; 2
7478; 1
7480; 2
7479; 1
7481; 2
7483; 1
7485; 2
7484; 1
7486; 2
7484; 1
7486; 2
7485; 1
7487; 2
7488; 1
7490; 2
7489; 1
7491; 2
7490; 1
7492; 2
7493; 1
7495; 2
7494; 1
7496; 2
7497; 1
7499; 2
7499; 1
7501; 2
7500; 1
7502; 2
7505; 1
7507; 2
7507; 1
7509; 2
7512; 1
7514; 2
7520; 1
7522; 2
7520; 1
7522; 2
7522; 1
7524; 2
7524; 1
7526; 2
7524; 1
7526; 2
7525; 1
7527; 2
7525; 1
7527; 2
7527; 1
7529; 2
7531; 1
7533; 2
7536; 1
7538; 2
7542; 1
7544; 2
7547; 1
7549; 2
7552; 1
7554; 2
7553; 1
7555; 2
7554; 1
7556; 2
7561; 1
7563; 2
7566; 1
7568; 2
7567; 1
7569; 2
7572; 1
7574; 2
7572; 1
7574; 2
7574; 1
7576; 2
7575; 1
7577; 2
7576; 1
7578; 2
7581; 1
7583; 2
7583; 1
7585; 2
7583; 1
7585; 2
7585; 1
7587; 2
7585; 1
7587; 2
7588; 1
7590; 2
7589; 1
7591; 2
7590; 1
7592; 2
7595; 1
7597; 2
7597; 1
7599; 2
7597; 1
7599; 2
7598; 1
7600; 2
7599; 1
7601; 2
7603; 1
7605; 2
7609; 1
7611; 2
7615; 1
7617; 2
7618; 1
7620; 2
7620; 1
7622; 2
7622; 1
7624; 2
7625; 1
7627; 2
7625; 1
7627; 2
7626; 1
7628; 2
7632; 1
7634; 2
7636; 1
7638; 2
7636; 1
7638; 2
7638; 1
7640; 2
7642; 1
7644; 2
7642; 1
7644; 2
7646; 1
7648; 2
7647; 1
7649; 2
7648; 1
7650; 2
7649; 1
7651; 2
7649; 1
7651; 2
7650; 1
7652; 2
7652; 1
7654; 2
7658; 1
7660; 2
7663; 1
7665; 2
7666; 1
7668; 2
7667; 1
7669; 2
7668; 1
7670; 2
7668; 1
7670; 2
7669; 1
7671; 2
7671; 1
7673; 2
7674; 1
7676; 2
7677; 1
7679; 2
7681; 1
7683; 2
7684; 1
7686; 2
7689; 1
7691; 2
7693; 1
7695; 2
7700; 1
7702; 2
7701; 1
7703; 2
7702; 1
7704; 2
7702; 1
7704; 2
7704; 1
7706; 2
7704; 1
7706; 2
7708; 1
7710; 2
7711; 1
7713; 2
7717; 1
7719; 2
7719; 1
7721; 2
7727; 1
7729; 2
7727; 1
7729; 2
7728; 1
7730; 2
7738; 1
7740; 2
7741; 1
7743; 2
7742; 1
7744; 2
7743; 1
7745; 2
7744; 1
7746; 2
7746; 1
7748; 2
7747; 1
7749; 2
7748; 1
7750; 2
7753; 1
7755; 2
7755; 1
7757; 2
7756; 1
7758; 2
7756; 1
7758; 2
7759; 1
7761; 2
7760; 1
7762; 2
7763; 1
7765; 2
7764; 1
7766; 2
7764; 1
7766; 2
7766; 1
7768; 2
7771; 1
7773; 2
7776; 1
7778; 2
7778; 1
7780; 2
7779; 1
7781; 2
7790; 1
7792; 2
7792; 1
7794; 2
7792; 1
7794; 2
7792; 1
7794; 2
7792; 1
7794; 2
7794; 1
7796; 2
7796; 1
7798; 2
7797; 1
7799; 2
7798; 1
7800; 2
7799; 1
7801; 2
7803; 1
7805; 2
7805; 1
7807; 2
7805; 1
7807; 2
7810; 1
7812; 2
7811; 1
7813; 2
7817; 1
7819; 2
7819; 1
7821; 2
7819; 1
7821; 2
7819; 1
7821; 2
7824; 1
7826; 2
7825; 1
7827; 2
7829; 1
7831; 2
7830; 1
7832; 2
7832; 1
7834; 2
7834; 1
7836; 2
7838; 1
7840; 2
7838; 1
7840; 2
7839; 1
7841; 2
7841; 1
7843; 2
7841; 1
7843; 2
7842; 1
7844; 2
7846; 1
7848; 2
7847; 1
7849; 2
7853; 1
7855; 2
7854; 1
7856; 2
7855; 1
7857; 2
7860; 1
7862; 2
7861; 1
7863; 2
7861; 1
7863; 2
7865; 1
7867; 2
7867; 1
7869; 2
7871; 1
7873; 2
7872; 1
7874; 2
7873; 1
7875; 2
7874; 1
7876; 2
7876; 1
7878; 2
7877; 1
7879; 2
7879; 1
7881; 2
7881; 1
7883; 2
7886; 1
7888; 2
7886; 1
7888; 2
7887; 1
7889; 2
7889; 1
7891; 2
7890; 1
7892; 2
7895; 1
7897; 2
7908; 1
7910; 2
7910; 1
7912; 2
7911; 1
7913; 2
7913; 1
7915; 2
7914; 1
7916; 2
7915; 1
7917; 2
7916; 1
7918; 2
7919; 1
7921; 2
7920; 1
7922; 2
7923; 1
7925; 2
7926; 1
7928; 2
7927; 1
7929; 2
7930; 1
7932; 2
7931; 1
7933; 2
7931; 1
7933; 2
7932; 1
7934; 2
7932; 1
7934; 2
7932; 1
7934; 2
7932; 1
7934; 2
7935; 1
7937; 2
7939; 1
7941; 2
7939; 1
7941; 2
7940; 1
7942; 2
7952; 1
7954; 2
7952; 1
7954; 2
7953; 1
7955; 2
7957; 1
7959; 2
7958; 1
7960; 2
7958; 1
7960; 2
7960; 1
7962; 2
7961; 1
7963; 2
7963; 1
7965; 2
7966; 1
7968; 2
7968; 1
7970; 2
7970; 1
7972; 2
7974; 1
7976; 2
7978; 1
7980; 2
7980; 1
7982; 2
7985; 1
7987; 2
7987; 1
7989; 2
7990; 1
7992; 2
7990; 1
7992; 2
7991; 1
7993; 2
7993; 1
7995; 2
7993; 1
7995; 2
7996; 1
7998; 2
8003; 1
8005; 2
8005; 1
8007; 2
8007; 1
8009; 2
8007; 1
8009; 2
8007; 1
8009; 2
8008; 1
8010; 2
8009; 1
8011; 2
8011; 1
8013; 2
8011; 1
8013; 2
8015; 1
8017; 2
8016; 1
8018; 2
8028; 1
8030; 2
8030; 1
8032; 2
8037; 1
8039; 2
8037; 1
8039; 2
8038; 1
8040; 2
8042; 1
8044; 2
8043; 1
8045; 2
8045; 1
8047; 2
8046; 1
8048; 2
8049; 1
8051; 2
8051; 1
8053; 2
8058; 1
8060; 2
8058; 1
8060; 2
8059; 1
8061; 2
8063; 1
8065; 2
8064; 1
8066; 2
8072; 1
8074; 2
8076; 1
8078; 2
8077; 1
8079; 2
8079; 1
8081; 2
8080; 1
8082; 2
8080; 1
8082; 2
8081; 1
8083; 2
8094; 1
8096; 2
8098; 1
8100; 2
8098; 1
8100; 2
8101; 1
8103; 2
8102; 1
8104; 2
8103; 1
8105; 2
8103; 1
8105; 2
8107; 1
8109; 2
8107; 1
8109; 2
8109; 1
8111; 2
8110; 1
8112; 2
8110; 1
8112; 2
8114; 1
8116; 2
8114; 1
8116; 2
8116; 1
8118; 2
8117; 1
8119; 2
8118; 1
8120; 2
8121; 1
8123; 2
8123; 1
8125; 2
8123; 1
8125; 2
8123; 1
8125; 2
8125; 1
8127; 2
8127; 1
8129; 2
8127; 1
8129; 2
8127; 1
8129; 2
8130; 1
8132; 2
8132; 1
8134; 2
8141; 1
8143; 2
8141; 1
8143; 2
8143; 1
8145; 2
8144; 1
8146; 2
8144; 1
8146; 2
8144; 1
8146; 2
8145; 1
8147; 2
8146; 1
8148; 2
8148; 1
8150; 2
8150; 1
8152; 2
8151; 1
8153; 2
8152; 1
8154; 2
8154; 1
8156; 2
8154; 1
8156; 2
8155; 1
8157; 2
8159; 1
8161; 2
8160; 1
8162; 2
8161; 1
8163; 2
8171; 1
8173; 2
8173; 1
8175; 2
8175; 1
8177; 2
8180; 1
8182; 2
8180; 1
8182; 2
8182; 1
8184; 2
8182; 1
8184; 2
8183; 1
8185; 2
8189; 1
8191; 2
8189; 1
8191; 2
8191; 1
8193; 2
8191; 1
8193; 2
8192; 1
8194; 2
8197; 1
8199; 2
8198; 1
8200; 2
8198; 1
8200; 2
8201; 1
8203; 2
8202; 1
8204; 2
8202; 1
8204; 2
8204; 1
8206; 2
8206; 1
8208; 2
8206; 1
8208; 2
8210; 1
8212; 2
8210; 1
8212; 2
8214; 1
8216; 2
8215; 1
8217; 2
8216; 1
8218; 2
8218; 1
8220; 2
8225; 1
8227; 2
8226; 1
8228; 2
8229; 1
8231; 2
8229; 1
8231; 2
8235; 1
8237; 2
8236; 1
8238; 2
8237; 1
8239; 2
8240; 1
8242; 2
8241; 1
8243; 2
8244; 1
8246; 2
8247; 1
8249; 2
8247; 1
8249; 2
8248; 1
8250; 2
8249; 1
8251; 2
8257; 1
8259; 2
8258; 1
8260; 2
8258; 1
8260; 2
8259; 1
8261; 2
8260; 1
8262; 2
8260; 1
8262; 2
8261; 1
8263; 2
8264; 1
8266; 2
8269; 1
8271; 2
8275; 1
8277; 2
8276; 1
8278; 2
8291; 1
8293; 2
8292; 1
8294; 2
8293; 1
8295; 2
8297; 1
8299; 2
8299; 1
8301; 2
8300; 1
8302; 2
8301; 1
8303; 2
8308; 1
8310; 2
8308; 1
8310; 2
8310; 1
8312; 2
8310; 1
8312; 2
8310; 1
8312; 2
8310; 1
8312; 2
8311; 1
8313; 2
8312; 1
8314; 2
8313; 1
8315; 2
8313; 1
8315; 2
8314; 1
8316; 2
8317; 1
8319; 2
8318; 1
8320; 2
8324; 1
8326; 2
8328; 1
8330; 2
8330; 1
8332; 2
8333; 1
8335; 2
8339; 1
8341; 2
8345; 1
8347; 2
8353; 1
8355; 2
8357; 1
8359; 2
8357; 1
8359; 2
8359; 1
8361; 2
8360; 1
8362; 2
8366; 1
8368; 2
8372; 1
8374; 2
8377; 1
8379; 2
8380; 1
8382; 2
8381; 1
8383; 2
8387; 1
8389; 2
8387; 1
8389; 2
8387; 1
8389; 2
8390; 1
8392; 2
8392; 1
8394; 2
8393; 1
8395; 2
8396; 1
8398; 2
8397; 1
8399; 2
8402; 1
8404; 2
8403; 1
8405; 2
8403; 1
8405; 2
8411; 1
8413; 2
8411; 1
8413; 2
8415; 1
8417; 2
8416; 1
8418; 2
8417; 1
8419; 2
8418; 1
8420; 2
8420; 1
8422; 2
8424; 1
8426; 2
8424; 1
8426; 2
8426; 1
8428; 2
8428; 1
8430; 2
8428; 1
8430; 2
8429; 1
8431; 2
8430; 1
8432; 2
8431; 1
8433; 2
8433; 1
8435; 2
8435; 1
8437; 2
8438; 1
8440; 2
8441; 1
8443; 2
8448; 1
8450; 2
8452; 1
8454; 2
8452; 1
8454; 2
8453; 1
8455; 2
8459; 1
8461; 2
8463; 1
8465; 2
8463; 1
8465; 2
8464; 1
8466; 2
8465; 1
8467; 2
8469; 1
8471; 2
8472; 1
8474; 2
8473; 1
8475; 2
8477; 1
8479; 2
8478; 1
8480; 2
8478; 1
8480; 2
8478; 1
8480; 2
8480; 1
8482; 2
8483; 1
8485; 2
8484; 1
8486; 2
8484; 1
8486; 2
8484; 1
8486; 2
8486; 1
8488; 2
8486; 1
8488; 2
8490; 1
8492; 2
8493; 1
8495; 2
8494; 1
8496; 2
8496; 1
8498; 2
8499; 1
8501; 2
8501; 1
8503; 2
8504; 1
8506; 2
8504; 1
8506; 2
8504; 1
8506; 2
8505; 1
8507; 2
8506; 1
8508; 2
8509; 1
8511; 2
8510; 1
8512; 2
8510; 1
8512; 2
8510; 1
8512; 2
8514; 1
8516; 2
8515; 1
8517; 2
8519; 1
8521; 2
8519; 1
8521; 2
8520; 1
8522; 2
8523; 1
8525; 2
8526; 1
8528; 2
8526; 1
8528; 2
8527; 1
8529; 2
8528; 1
8530; 2
8528; 1
8530; 2
8529; 1
8531; 2
8531; 1
8533; 2
8531; 1
8533; 2
8531; 1
8533; 2
8532; 1
8534; 2
8534; 1
8536; 2
8539; 1
8541; 2
8539; 1
8541; 2
8542; 1
8544; 2
8542; 1
8544; 2
8549; 1
8551; 2
8549; 1
8551; 2
8550; 1
8552; 2
8550; 1
8552; 2
8552; 1
8554; 2
8554; 1
8556; 2
8554; 1
8556; 2
8558; 1
8560; 2
8559; 1
8561; 2
8560; 1
8562; 2
8561; 1
8563; 2
8562; 1
8564; 2
8562; 1
8564; 2
8563; 1
8565; 2
8567; 1
8569; 2
8568; 1
8570; 2
8570; 1
8572; 2
8571; 1
8573; 2
8572; 1
8574; 2
8575; 1
8577; 2
8577; 1
8579; 2
8585; 1
8587; 2
8588; 1
8590; 2
8589; 1
8591; 2
8589; 1
8591; 2
8596; 1
8598; 2
8600; 1
8602; 2
8602; 1
8604; 2
8603; 1
8605; 2
8605; 1
8607; 2
8608; 1
8610; 2
8613; 1
8615; 2
8617; 1
8619; 2
8617; 1
8619; 2
8620; 1
8622; 2
8620; 1
8622; 2
8620; 1
8622; 2
8621; 1
8623; 2
8625; 1
8627; 2
8628; 1
8630; 2
8629; 1
8631; 2
8630; 1
8632; 2
8633; 1
8635; 2
8636; 1
8638; 2
8638; 1
8640; 2
8642; 1
8644; 2
8643; 1
8645; 2
8644; 1
8646; 2
8646; 1
8648; 2
8649; 1
8651; 2
8650; 1
8652; 2
8650; 1
8652; 2
8655; 1
8657; 2
8656; 1
8658; 2
8659; 1
8661; 2
8660; 1
8662; 2
8664; 1
8666; 2
8665; 1
8667; 2
8667; 1
8669; 2
8669; 1
8671; 2
8670; 1
8672; 2
8674; 1
8676; 2
8677; 1
8679; 2
8677; 1
8679; 2
8680; 1
8682; 2
8681; 1
8683; 2
8682; 1
8684; 2
8683; 1
8685; 2
8686; 1
8688; 2
8686; 1
8688; 2
8686; 1
8688; 2
8691; 1
8693; 2
8694; 1
8696; 2
8699; 1
8701; 2
8706; 1
8708; 2
8706; 1
8708; 2
8707; 1
8709; 2
8707; 1
8709; 2
8711; 1
8713; 2
8714; 1
8716; 2
8718; 1
8720; 2
8718; 1
8720; 2
8721; 1
8723; 2
8723; 1
8725; 2
8724; 1
8726; 2
8725; 1
8727; 2
8726; 1
8728; 2
8727; 1
8729; 2
8729; 1
8731; 2
8735; 1
8737; 2
8736; 1
8738; 2
8737; 1
8739; 2
8740; 1
8742; 2
8742; 1
8744; 2
8745; 1
8747; 2
8745; 1
8747; 2
8746; 1
8748; 2
8746; 1
8748; 2
8746; 1
8748; 2
8748; 1
8750; 2
8748; 1
8750; 2
8750; 1
8752; 2
8751; 1
8753; 2
8753; 1
8755; 2
8753; 1
8755; 2
8754; 1
8756; 2
8759; 1
8761; 2
8761; 1
8763; 2
8763; 1
8765; 2
8763; 1
8765; 2
8763; 1
8765; 2
8770; 1
8772; 2
8772; 1
8774; 2
8777; 1
8779; 2
8777; 1
8779; 2
8780; 1
8782; 2
8785; 1
8787; 2
8785; 1
8787; 2
8788; 1
8790; 2
8790; 1
8792; 2
8791; 1
8793; 2
8792; 1
8794; 2
8792; 1
8794; 2
8794; 1
8796; 2
8795; 1
8797; 2
8796; 1
8798; 2
8798; 1
8800; 2
8799; 1
8801; 2
8799; 1
8801; 2
8800; 1
8802; 2
8801; 1
8803; 2
8802; 1
8804; 2
8802; 1
8804; 2
8803; 1
8805; 2
8803; 1
8805; 2
8804; 1
8806; 2
8810; 1
8812; 2
8810; 1
8812; 2
8811; 1
8813; 2
8811; 1
8813; 2
8817; 1
8819; 2
8818; 1
8820; 2
8819; 1
8821; 2
8824; 1
8826; 2
8825; 1
8827; 2
8826; 1
8828; 2
8826; 1
8828; 2
8828; 1
8830; 2
8830; 1
8832; 2
8833; 1
8835; 2
8835; 1
8837; 2
8837; 1
8839; 2
8837; 1
8839; 2
8838; 1
8840; 2
8839; 1
8841; 2
8841; 1
8843; 2
8846; 1
8848; 2
8847; 1
8849; 2
8849; 1
8851; 2
8849; 1
8851; 2
8851; 1
8853; 2
8853; 1
8855; 2
8856; 1
8858; 2
8858; 1
8860; 2
8860; 1
8862; 2
8860; 1
8862; 2
8862; 1
8864; 2
8862; 1
8864; 2
8864; 1
8866; 2
8864; 1
8866; 2
8864; 1
8866; 2
8865; 1
8867; 2
8867; 1
8869; 2
8868; 1
8870; 2
8874; 1
8876; 2
8876; 1
8878; 2
8881; 1
8883; 2
8881; 1
8883; 2
8883; 1
8885; 2
8883; 1
8885; 2
8890; 1
8892; 2
8891; 1
8893; 2
8898; 1
8900; 2
8899; 1
8901; 2
8903; 1
8905; 2
8905; 1
8907; 2
8906; 1
8908; 2
8910; 1
8912; 2
8911; 1
8913; 2
8912; 1
8914; 2
8914; 1
8916; 2
8918; 1
8920; 2
8919; 1
8921; 2
8922; 1
8924; 2
8923; 1
8925; 2
8924; 1
8926; 2
8925; 1
8927; 2
8925; 1
8927; 2
8928; 1
8930; 2
8929; 1
8931; 2
8930; 1
8932; 2
8932; 1
8934; 2
8933; 1
8935; 2
8936; 1
8938; 2
8937; 1
8939; 2
8939; 1
8941; 2
8939; 1
8941; 2
8943; 1
8945; 2
8947; 1
8949; 2
8948; 1
8950; 2
8950; 1
8952; 2
8951; 1
8953; 2
8955; 1
8957; 2
8960; 1
8962; 2
8965; 1
8967; 2
8969; 1
8971; 2
8973; 1
8975; 2
8976; 1
8978; 2
8976; 1
8978; 2
8977; 1
8979; 2
8977; 1
8979; 2
8980; 1
8982; 2
8983; 1
8985; 2
8985; 1
8987; 2
8988; 1
8990; 2
8989; 1
8991; 2
8990; 1
8992; 2
8992; 1
8994; 2
8994; 1
8996; 2
8994; 1
8996; 2
8997; 1
8999; 2
9004; 1
9006; 2
9007; 1
9009; 2
9008; 1
9010; 2
9010; 1
9012; 2
9011; 1
9013; 2
9011; 1
9013; 2
9012; 1
9014; 2
9013; 1
9015; 2
9016; 1
9018; 2
9020; 1
9022; 2
9020; 1
9022; 2
9024; 1
9026; 2
9026; 1
9028; 2
9029; 1
9031; 2
9030; 1
9032; 2
9030; 1
9032; 2
9031; 1
9033; 2
9035; 1
9037; 2
9036; 1
9038; 2
9041; 1
9043; 2
9042; 1
9044; 2
9043; 1
9045; 2
9046; 1
9048; 2
9046; 1
9048; 2
9049; 1
9051; 2
9049; 1
9051; 2
9052; 1
9054; 2
9056; 1
9058; 2
9056; 1
9058; 2
9056; 1
9058; 2
9058; 1
9060; 2
9061; 1
9063; 2
9062; 1
9064; 2
9063; 1
9065; 2
9065; 1
9067; 2
9069; 1
9071; 2
9070; 1
9072; 2
9071; 1
9073; 2
9073; 1
9075; 2
9073; 1
9075; 2
9075; 1
9077; 2
9077; 1
9079; 2
9078; 1
9080; 2
9078; 1
9080; 2
9080; 1
9082; 2
9081; 1
9083; 2
9082; 1
9084; 2
9082; 1
9084; 2
9083; 1
9085; 2
9083; 1
9085; 2
9083; 1
9085; 2
9086; 1
9088; 2
9087; 1
9089; 2
9089; 1
9091; 2
9090; 1
9092; 2
9091; 1
9093; 2
9093; 1
9095; 2
9094; 1
9096; 2
9097; 1
9099; 2
9099; 1
9101; 2
9101; 1
9103; 2
9108; 1
9110; 2
9109; 1
9111; 2
9110; 1
9112; 2
9111; 1
9113; 2
9113; 1
9115; 2
9115; 1
9117; 2
9118; 1
9120; 2
9121; 1
9123; 2
9127; 1
9129; 2
9128; 1
9130; 2
9128; 1
9130; 2
9129; 1
9131; 2
9130; 1
9132; 2
9134; 1
9136; 2
9134; 1
9136; 2
9135; 1
9137; 2
9136; 1
9138; 2
9137; 1
9139; 2
9139; 1
9141; 2
9143; 1
9145; 2
9146; 1
9148; 2
9147; 1
9149; 2
9148; 1
9150; 2
9149; 1
9151; 2
9149; 1
9151; 2
9150; 1
9152; 2
9150; 1
9152; 2
9150; 1
9152; 2
9151; 1
9153; 2
9155; 1
9157; 2
9157; 1
9159; 2
9161; 1
9163; 2
9164; 1
9166; 2
9164; 1
9166; 2
9165; 1
9167; 2
9167; 1
9169; 2
9171; 1
9173; 2
9171; 1
9173; 2
9172; 1
9174; 2
9173; 1
9175; 2
9174; 1
9176; 2
9178; 1
9180; 2
9181; 1
9183; 2
9182; 1
9184; 2
9186; 1
9188; 2
9193; 1
9195; 2
9194; 1
9196; 2
9194; 1
9196; 2
9194; 1
9196; 2
9194; 1
9196; 2
9195; 1
9197; 2
9196; 1
9198; 2
9200; 1
9202; 2
9200; 1
9202; 2
9206; 1
9208; 2
9214; 1
9216; 2
9218; 1
9220; 2
9221; 1
9223; 2
9221; 1
9223; 2
9222; 1
9224; 2
9223; 1
9225; 2
9223; 1
9225; 2
9228; 1
9230; 2
9230; 1
9232; 2
9236; 1
9238; 2
9240; 1
9242; 2
9242; 1
9244; 2
9243; 1
9245; 2
9245; 1
9247; 2
9249; 1
9251; 2
9252; 1
9254; 2
9254; 1
9256; 2
9255; 1
9257; 2
9257; 1
9259; 2
9259; 1
9261; 2
9262; 1
9264; 2
9263; 1
9265; 2
9264; 1
9266; 2
9264; 1
9266; 2
9266; 1
9268; 2
9271; 1
9273; 2
9277; 1
9279; 2
9278; 1
9280; 2
9278; 1
9280; 2
9282; 1
9284; 2
9283; 1
9285; 2
9285; 1
9287; 2
9288; 1
9290; 2
9290; 1
9292; 2
9294; 1
9296; 2
9295; 1
9297; 2
9298; 1
9300; 2
9302; 1
9304; 2
9303; 1
9305; 2
9303; 1
9305; 2
9304; 1
9306; 2
9304; 1
9306; 2
9307; 1
9309; 2
9309; 1
9311; 2
9309; 1
9311; 2
9314; 1
9316; 2
9314; 1
9316; 2
9314; 1
9316; 2
9314; 1
9316; 2
9315; 1
9317; 2
9316; 1
9318; 2
9316; 1
9318; 2
9318; 1
9320; 2
9319; 1
9321; 2
9320; 1
9322; 2
9320; 1
9322; 2
9321; 1
9323; 2
9322; 1
9324; 2
9322; 1
9324; 2
9323; 1
9325; 2
9324; 1
9326; 2
9325; 1
9327; 2
9327; 1
9329; 2
9331; 1
9333; 2
9331; 1
9333; 2
9335; 1
9337; 2
9339; 1
9341; 2
9339; 1
9341; 2
9341; 1
9343; 2
9342; 1
9344; 2
9342; 1
9344; 2
9343; 1
9345; 2
9344; 1
9346; 2
9348; 1
9350; 2
9351; 1
9353; 2
9352; 1
9354; 2
9360; 1
9362; 2
9361; 1
9363; 2
9363; 1
9365; 2
9368; 1
9370; 2
9370; 1
9372; 2
9370; 1
9372; 2
9370; 1
9372; 2
9372; 1
9374; 2
9373; 1
9375; 2
9377; 1
9379; 2
9378; 1
9380; 2
9380; 1
9382; 2
9381; 1
9383; 2
9383; 1
9385; 2
9387; 1
9389; 2
9399; 1
9401; 2
9401; 1
9403; 2
9402; 1
9404; 2
9404; 1
9406; 2
9408; 1
9410; 2
9410; 1
9412; 2
9411; 1
9413; 2
9414; 1
9416; 2
9414; 1
9416; 2
9417; 1
9419; 2
9418; 1
9420; 2
9421; 1
9423; 2
9422; 1
9424; 2
9425; 1
9427; 2
9426; 1
9428; 2
9431; 1
9433; 2
9432; 1
9434; 2
9434; 1
9436; 2
9436; 1
9438; 2
9437; 1
9439; 2
9442; 1
9444; 2
9444; 1
9446; 2
9444; 1
9446; 2
9447; 1
9449; 2
9449; 1
9451; 2
9454; 1
9456; 2
9454; 1
9456; 2
9456; 1
9458; 2
9459; 1
9461; 2
9461; 1
9463; 2
9463; 1
9465; 2
9465; 1
9467; 2
9465; 1
9467; 2
9466; 1
9468; 2
9467; 1
9469; 2
9468; 1
9470; 2
9471; 1
9473; 2
9471; 1
9473; 2
9475; 1
9477; 2
9475; 1
9477; 2
9477; 1
9479; 2
9477; 1
9479; 2
9478; 1
9480; 2
9479; 1
9481; 2
9481; 1
9483; 2
9486; 1
9488; 2
9486; 1
9488; 2
9486; 1
9488; 2
9488; 1
9490; 2
9490; 1
9492; 2
9490; 1
9492; 2
9490; 1
9492; 2
9490; 1
9492; 2
9492; 1
9494; 2
9494; 1
9496; 2
9494; 1
9496; 2
9496; 1
9498; 2
9498; 1
9500; 2
9499; 1
9501; 2
9499; 1
9501; 2
9499; 1
9501; 2
9502; 1
9504; 2
9502; 1
9504; 2
9502; 1
9504; 2
9506; 1
9508; 2
9508; 1
9510; 2
9509; 1
9511; 2
9516; 1
9518; 2
9516; 1
9518; 2
9517; 1
9519; 2
9518; 1
9520; 2
9521; 1
9523; 2
9522; 1
9524; 2
9522; 1
9524; 2
9522; 1
9524; 2
9523; 1
9525; 2
9524; 1
9526; 2
9525; 1
9527; 2
9527; 1
9529; 2
9530; 1
9532; 2
9535; 1
9537; 2
9535; 1
9537; 2
9536; 1
9538; 2
9538; 1
9540; 2
9544; 1
9546; 2
9545; 1
9547; 2
9548; 1
9550; 2
9552; 1
9554; 2
9553; 1
9555; 2
9554; 1
9556; 2
9556; 1
9558; 2
9556; 1
9558; 2
9558; 1
9560; 2
9559; 1
9561; 2
9560; 1
9562; 2
9562; 1
9564; 2
9564; 1
9566; 2
9570; 1
9572; 2
9572; 1
9574; 2
9572; 1
9574; 2
9574; 1
9576; 2
9575; 1
9577; 2
9575; 1
9577; 2
9577; 1
9579; 2
9580; 1
9582; 2
9580; 1
9582; 2
9582; 1
9584; 2
9582; 1
9584; 2
9583; 1
9585; 2
9584; 1
9586; 2
9585; 1
9587; 2
9587; 1
9589; 2
9588; 1
9590; 2
9588; 1
9590; 2
9591; 1
9593; 2
9595; 1
9597; 2
9601; 1
9603; 2
9603; 1
9605; 2
9604; 1
9606; 2
9605; 1
9607; 2
9610; 1
9612; 2
9611; 1
9613; 2
9613; 1
9615; 2
9615; 1
9617; 2
9615; 1
9617; 2
9616; 1
9618; 2
9619; 1
9621; 2
9621; 1
9623; 2
9623; 1
9625; 2
9624; 1
9626; 2
9624; 1
9626; 2
9625; 1
9627; 2
9627; 1
9629; 2
9628; 1
9630; 2
9629; 1
9631; 2
9629; 1
9631; 2
9629; 1
9631; 2
9630; 1
9632; 2
9630; 1
9632; 2
9631; 1
9633; 2
9632; 1
9634; 2
9634; 1
9636; 2
9634; 1
9636; 2
9638; 1
9640; 2
9640; 1
9642; 2
9651; 1
9653; 2
9651; 1
9653; 2
9652; 1
9654; 2
9654; 1
9656; 2
9655; 1
9657; 2
9657; 1
9659; 2
9658; 1
9660; 2
9660; 1
9662; 2
9661; 1
9663; 2
9661; 1
9663; 2
9662; 1
9664; 2
9667; 1
9669; 2
9671; 1
9673; 2
9672; 1
9674; 2
9673; 1
9675; 2
9674; 1
9676; 2
9680; 1
9682; 2
9684; 1
9686; 2
9685; 1
9687; 2
9688; 1
9690; 2
9688; 1
9690; 2
9688; 1
9690; 2
9689; 1
9691; 2
9690; 1
9692; 2
9691; 1
9693; 2
9699; 1
9701; 2
9699; 1
9701; 2
9703; 1
9705; 2
9705; 1
9707; 2
9706; 1
9708; 2
9709; 1
9711; 2
9709; 1
9711; 2
9711; 1
9713; 2
9712; 1
9714; 2
9713; 1
9715; 2
9715; 1
9717; 2
9715; 1
9717; 2
9716; 1
9718; 2
9716; 1
9718; 2
9719; 1
9721; 2
9721; 1
9723; 2
9722; 1
9724; 2
9724; 1
9726; 2
9727; 1
9729; 2
9728; 1
9730; 2
9728; 1
9730; 2
9730; 1
9732; 2
9730; 1
9732; 2
9733; 1
9735; 2
9735; 1
9737; 2
9740; 1
9742; 2
9741; 1
9743; 2
9741; 1
9743; 2
9743; 1
9745; 2
9743; 1
9745; 2
9744; 1
9746; 2
9745; 1
9747; 2
9745; 1
9747; 2
9746; 1
9748; 2
9748; 1
9750; 2
9748; 1
9750; 2
9748; 1
9750; 2
9754; 1
9756; 2
9755; 1
9757; 2
9755; 1
9757; 2
9756; 1
9758; 2
9756; 1
9758; 2
9762; 1
9764; 2
9766; 1
9768; 2
9767; 1
9769; 2
9768; 1
9770; 2
9771; 1
9773; 2
9771; 1
9773; 2
9773; 1
9775; 2
9775; 1
9777; 2
9775; 1
9777; 2
9776; 1
9778; 2
9779; 1
9781; 2
9781; 1
9783; 2
9785; 1
9787; 2
9785; 1
9787; 2
9786; 1
9788; 2
9787; 1
9789; 2
9787; 1
9789; 2
9787; 1
9789; 2
9789; 1
9791; 2
9792; 1
9794; 2
9803; 1
9805; 2
9803; 1
9805; 2
9805; 1
9807; 2
9805; 1
9807; 2
9805; 1
9807; 2
9813; 1
9815; 2
9813; 1
9815; 2
9818; 1
9820; 2
9823; 1
9825; 2
9826; 1
9828; 2
9827; 1
9829; 2
9829; 1
9831; 2
9829; 1
9831; 2
9829; 1
9831; 2
9830; 1
9832; 2
9831; 1
9833; 2
9831; 1
9833; 2
9831; 1
9833; 2
9831; 1
9833; 2
9835; 1
9837; 2
9836; 1
9838; 2
9838; 1
9840; 2
9839; 1
9841; 2
9839; 1
9841; 2
9842; 1
9844; 2
9843; 1
9845; 2
9844; 1
9846; 2
9846; 1
9848; 2
9846; 1
9848; 2
9847; 1
9849; 2
9850; 1
9852; 2
9855; 1
9857; 2
9856; 1
9858; 2
9856; 1
9858; 2
9857; 1
9859; 2
9858; 1
9860; 2
9859; 1
9861; 2
9859; 1
9861; 2
9861; 1
9863; 2
9862; 1
9864; 2
9862; 1
9864; 2
9862; 1
9864; 2
9863; 1
9865; 2
9867; 1
9869; 2
9867; 1
9869; 2
9872; 1
9874; 2
9872; 1
9874; 2
9874; 1
9876; 2
9878; 1
9880; 2
9881; 1
9883; 2
9882; 1
9884; 2
9884; 1
9886; 2
9889; 1
9891; 2
9891; 1
9893; 2
9891; 1
9893; 2
9891; 1
9893; 2
9892; 1
9894; 2
9893; 1
9895; 2
9894; 1
9896; 2
9896; 1
9898; 2
9897; 1
9899; 2
9902; 1
9904; 2
9903; 1
9905; 2
9905; 1
9907; 2
9908; 1
9910; 2
9908; 1
9910; 2
9910; 1
9912; 2
9911; 1
9913; 2
9914; 1
9916; 2
9917; 1
9919; 2
9918; 1
9920; 2
9920; 1
9922; 2
9921; 1
9923; 2
9922; 1
9924; 2
9923; 1
9925; 2
9929; 1
9931; 2
9931; 1
9933; 2
9936; 1
9938; 2
9936; 1
9938; 2
9941; 1
9943; 2
9942; 1
9944; 2
9942; 1
9944; 2
9943; 1
9945; 2
9957; 1
9959; 2
9958; 1
9960; 2
9961; 1
9963; 2
9962; 1
9964; 2
9964; 1
9966; 2
9968; 1
9970; 2
9971; 1
9973; 2
9975; 1
9977; 2
9984; 1
9986; 2
9993; 1
9995; 2
9997; 1
9999; 2
9998; 1
10000; 2
10002; 1
10004; 2
10003; 1
10005; 2
10003; 1
10005; 2
10004; 1
10006; 2
10004; 1
10006; 2
10006; 1
10008; 2
10009; 1
10011; 2
10011; 1
10013; 2
