Sequence of timestamped events V1.0
Stream 5
Id =5
Name = Camera_5
Tbegin = 0
Tend = 10000
Count = 5000
24; 1
26; 2
28; 1
30; 2
28; 1
30; 2
29; 1
31; 2
33; 1
35; 2
35; 1
37; 2
37; 1
39; 2
37; 1
39; 2
38; 1
40; 2
38; 1
40; 2
38; 1
40; 2
38; 1
40; 2
39; 1
41; 2
40; 1
42; 2
49; 1
51; 2
49; 1
51; 2
52; 1
54; 2
53; 1
55; 2
53; 1
55; 2
58; 1
60; 2
62; 1
64; 2
62; 1
64; 2
63; 1
65; 2
64; 1
66; 2
67; 1
69; 2
68; 1
70; 2
68; 1
70; 2
72; 1
74; 2
76; 1
78; 2
80; 1
82; 2
81; 1
83; 2
83; 1
85; 2
84; 1
86; 2
86; 1
88; 2
87; 1
89; 2
89; 1
91; 2
89; 1
91; 2
91; 1
93; 2
91; 1
93; 2
91; 1
93; 2
91; 1
93; 2
92; 1
94; 2
94; 1
96; 2
95; 1
97; 2
96; 1
98; 2
98; 1
100; 2
99; 1
101; 2
99; 1
101; 2
100; 1
102; 2
104; 1
106; 2
109; 1
111; 2
110; 1
112; 2
111; 1
113; 2
112; 1
114; 2
114; 1
116; 2
116; 1
118; 2
121; 1
123; 2
121; 1
123; 2
125; 1
127; 2
127; 1
129; 2
127; 1
129; 2
127; 1
129; 2
128; 1
130; 2
130; 1
132; 2
130; 1
132; 2
132; 1
134; 2
133; 1
135; 2
133; 1
135; 2
134; 1
136; 2
135; 1
137; 2
136; 1
138; 2
139; 1
141; 2
143; 1
145; 2
144; 1
146; 2
146; 1
148; 2
150; 1
152; 2
152; 1
154; 2
152; 1
154; 2
153; 1
155; 2
155; 1
157; 2
156; 1
158; 2
157; 1
159; 2
157; 1
159; 2
158; 1
160; 2
159; 1
161; 2
162; 1
164; 2
163; 1
165; 2
164; 1
166; 2
164; 1
166; 2
165; 1
167; 2
165; 1
167; 2
167; 1
169; 2
168; 1
170; 2
168; 1
170; 2
169; 1
171; 2
170; 1
172; 2
171; 1
173; 2
176; 1
178; 2
179; 1
181; 2
187; 1
189; 2
188; 1
190; 2
189; 1
191; 2
193; 1
195; 2
194; 1
196; 2
195; 1
197; 2
196; 1
198; 2
201; 1
203; 2
203; 1
205; 2
205; 1
207; 2
209; 1
211; 2
209; 1
211; 2
209; 1
211; 2
210; 1
212; 2
213; 1
215; 2
214; 1
216; 2
214; 1
216; 2
219; 1
221; 2
220; 1
222; 2
220; 1
222; 2
222; 1
224; 2
222; 1
224; 2
226; 1
228; 2
227; 1
229; 2
230; 1
232; 2
233; 1
235; 2
233; 1
235; 2
236; 1
238; 2
239; 1
241; 2
241; 1
243; 2
243; 1
245; 2
243; 1
245; 2
248; 1
250; 2
262; 1
264; 2
264; 1
266; 2
265; 1
267; 2
267; 1
269; 2
267; 1
269; 2
267; 1
269; 2
279; 1
281; 2
280; 1
282; 2
281; 1
283; 2
283; 1
285; 2
287; 1
289; 2
288; 1
290; 2
289; 1
291; 2
289; 1
291; 2
291; 1
293; 2
292; 1
294; 2
295; 1
297; 2
301; 1
303; 2
305; 1
307; 2
306; 1
308; 2
309; 1
311; 2
310; 1
312; 2
318; 1
320; 2
319; 1
321; 2
322; 1
324; 2
322; 1
324; 2
324; 1
326; 2
331; 1
333; 2
339; 1
341; 2
340; 1
342; 2
343; 1
345; 2
343; 1
345; 2
343; 1
345; 2
354; 1
356; 2
357; 1
359; 2
366; 1
368; 2
370; 1
372; 2
374; 1
376; 2
375; 1
377; 2
384; 1
386; 2
390; 1
392; 2
394; 1
396; 2
396; 1
398; 2
402; 1
404; 2
403; 1
405; 2
405; 1
407; 2
407; 1
409; 2
408; 1
410; 2
408; 1
410; 2
409; 1
411; 2
410; 1
412; 2
416; 1
418; 2
419; 1
421; 2
422; 1
424; 2
423; 1
425; 2
428; 1
430; 2
429; 1
431; 2
433; 1
435; 2
433; 1
435; 2
434; 1
436; 2
435; 1
437; 2
439; 1
441; 2
439; 1
441; 2
445; 1
447; 2
446; 1
448; 2
446; 1
448; 2
447; 1
449; 2
449; 1
451; 2
459; 1
461; 2
459; 1
461; 2
461; 1
463; 2
462; 1
464; 2
463; 1
465; 2
470; 1
472; 2
474; 1
476; 2
475; 1
477; 2
476; 1
478; 2
477; 1
479; 2
478; 1
480; 2
478; 1
480; 2
478; 1
480; 2
479; 1
481; 2
480; 1
482; 2
480; 1
482; 2
481; 1
483; 2
486; 1
488; 2
489; 1
491; 2
496; 1
498; 2
497; 1
499; 2
498; 1
500; 2
499; 1
501; 2
505; 1
507; 2
506; 1
508; 2
508; 1
510; 2
512; 1
514; 2
513; 1
515; 2
513; 1
515; 2
514; 1
516; 2
520; 1
522; 2
521; 1
523; 2
523; 1
525; 2
525; 1
527; 2
529; 1
531; 2
530; 1
532; 2
534; 1
536; 2
536; 1
538; 2
536; 1
538; 2
537; 1
539; 2
537; 1
539; 2
540; 1
542; 2
544; 1
546; 2
544; 1
546; 2
545; 1
547; 2
549; 1
551; 2
549; 1
551; 2
550; 1
552; 2
555; 1
557; 2
555; 1
557; 2
557; 1
559; 2
558; 1
560; 2
562; 1
564; 2
562; 1
564; 2
562; 1
564; 2
563; 1
565; 2
567; 1
569; 2
571; 1
573; 2
574; 1
576; 2
575; 1
577; 2
578; 1
580; 2
578; 1
580; 2
582; 1
584; 2
583; 1
585; 2
585; 1
587; 2
590; 1
592; 2
590; 1
592; 2
590; 1
592; 2
592; 1
594; 2
595; 1
597; 2
597; 1
599; 2
599; 1
601; 2
599; 1
601; 2
601; 1
603; 2
604; 1
606; 2
605; 1
607; 2
606; 1
608; 2
607; 1
609; 2
607; 1
609; 2
608; 1
610; 2
608; 1
610; 2
612; 1
614; 2
614; 1
616; 2
617; 1
619; 2
617; 1
619; 2
618; 1
620; 2
621; 1
623; 2
627; 1
629; 2
630; 1
632; 2
631; 1
633; 2
631; 1
633; 2
633; 1
635; 2
635; 1
637; 2
635; 1
637; 2
638; 1
640; 2
641; 1
643; 2
643; 1
645; 2
646; 1
648; 2
647; 1
649; 2
653; 1
655; 2
655; 1
657; 2
656; 1
658; 2
656; 1
658; 2
658; 1
660; 2
660; 1
662; 2
660; 1
662; 2
662; 1
664; 2
664; 1
666; 2
671; 1
673; 2
672; 1
674; 2
673; 1
675; 2
675; 1
677; 2
676; 1
678; 2
678; 1
680; 2
678; 1
680; 2
686; 1
688; 2
687; 1
689; 2
689; 1
691; 2
691; 1
693; 2
693; 1
695; 2
696; 1
698; 2
697; 1
699; 2
697; 1
699; 2
699; 1
701; 2
699; 1
701; 2
699; 1
701; 2
699; 1
701; 2
701; 1
703; 2
701; 1
703; 2
704; 1
706; 2
705; 1
707; 2
707; 1
709; 2
708; 1
710; 2
709; 1
711; 2
711; 1
713; 2
716; 1
718; 2
727; 1
729; 2
733; 1
735; 2
733; 1
735; 2
735; 1
737; 2
736; 1
738; 2
738; 1
740; 2
740; 1
742; 2
741; 1
743; 2
741; 1
743; 2
747; 1
749; 2
747; 1
749; 2
749; 1
751; 2
752; 1
754; 2
753; 1
755; 2
757; 1
759; 2
757; 1
759; 2
760; 1
762; 2
765; 1
767; 2
769; 1
771; 2
769; 1
771; 2
771; 1
773; 2
776; 1
778; 2
778; 1
780; 2
780; 1
782; 2
781; 1
783; 2
781; 1
783; 2
782; 1
784; 2
782; 1
784; 2
785; 1
787; 2
789; 1
791; 2
792; 1
794; 2
794; 1
796; 2
794; 1
796; 2
794; 1
796; 2
795; 1
797; 2
795; 1
797; 2
803; 1
805; 2
803; 1
805; 2
805; 1
807; 2
808; 1
810; 2
808; 1
810; 2
812; 1
814; 2
814; 1
816; 2
814; 1
816; 2
818; 1
820; 2
820; 1
822; 2
820; 1
822; 2
822; 1
824; 2
823; 1
825; 2
824; 1
826; 2
825; 1
827; 2
831; 1
833; 2
831; 1
833; 2
832; 1
834; 2
834; 1
836; 2
835; 1
837; 2
835; 1
837; 2
835; 1
837; 2
836; 1
838; 2
837; 1
839; 2
837; 1
839; 2
839; 1
841; 2
842; 1
844; 2
843; 1
845; 2
848; 1
850; 2
850; 1
852; 2
851; 1
853; 2
852; 1
854; 2
861; 1
863; 2
864; 1
866; 2
866; 1
868; 2
866; 1
868; 2
867; 1
869; 2
868; 1
870; 2
872; 1
874; 2
872; 1
874; 2
872; 1
874; 2
881; 1
883; 2
883; 1
885; 2
885; 1
887; 2
887; 1
889; 2
895; 1
897; 2
901; 1
903; 2
901; 1
903; 2
901; 1
903; 2
906; 1
908; 2
907; 1
909; 2
911; 1
913; 2
916; 1
918; 2
916; 1
918; 2
919; 1
921; 2
923; 1
925; 2
926; 1
928; 2
927; 1
929; 2
928; 1
930; 2
930; 1
932; 2
934; 1
936; 2
936; 1
938; 2
936; 1
938; 2
937; 1
939; 2
938; 1
940; 2
939; 1
941; 2
939; 1
941; 2
941; 1
943; 2
941; 1
943; 2
941; 1
943; 2
942; 1
944; 2
944; 1
946; 2
947; 1
949; 2
947; 1
949; 2
947; 1
949; 2
948; 1
950; 2
950; 1
952; 2
950; 1
952; 2
953; 1
955; 2
953; 1
955; 2
959; 1
961; 2
959; 1
961; 2
961; 1
963; 2
961; 1
963; 2
963; 1
965; 2
965; 1
967; 2
968; 1
970; 2
969; 1
971; 2
970; 1
972; 2
973; 1
975; 2
974; 1
976; 2
975; 1
977; 2
977; 1
979; 2
980; 1
982; 2
980; 1
982; 2
983; 1
985; 2
985; 1
987; 2
994; 1
996; 2
994; 1
996; 2
1001; 1
1003; 2
1004; 1
1006; 2
1007; 1
1009; 2
1009; 1
1011; 2
1009; 1
1011; 2
1011; 1
1013; 2
1012; 1
1014; 2
1013; 1
1015; 2
1015; 1
1017; 2
1018; 1
1020; 2
1022; 1
1024; 2
1022; 1
1024; 2
1024; 1
1026; 2
1026; 1
1028; 2
1028; 1
1030; 2
1029; 1
1031; 2
1031; 1
1033; 2
1034; 1
1036; 2
1035; 1
1037; 2
1036; 1
1038; 2
1040; 1
1042; 2
1044; 1
1046; 2
1047; 1
1049; 2
1047; 1
1049; 2
1051; 1
1053; 2
1051; 1
1053; 2
1054; 1
1056; 2
1056; 1
1058; 2
1056; 1
1058; 2
1061; 1
1063; 2
1063; 1
1065; 2
1070; 1
1072; 2
1071; 1
1073; 2
1071; 1
1073; 2
1074; 1
1076; 2
1074; 1
1076; 2
1079; 1
1081; 2
1086; 1
1088; 2
1086; 1
1088; 2
1087; 1
1089; 2
1096; 1
1098; 2
1097; 1
1099; 2
1098; 1
1100; 2
1100; 1
1102; 2
1100; 1
1102; 2
1101; 1
1103; 2
1103; 1
1105; 2
1103; 1
1105; 2
1103; 1
1105; 2
1107; 1
1109; 2
1108; 1
1110; 2
1109; 1
1111; 2
1113; 1
1115; 2
1114; 1
1116; 2
1120; 1
1122; 2
1123; 1
1125; 2
1125; 1
1127; 2
1127; 1
1129; 2
1131; 1
1133; 2
1132; 1
1134; 2
1134; 1
1136; 2
1136; 1
1138; 2
1142; 1
1144; 2
1145; 1
1147; 2
1146; 1
1148; 2
1156; 1
1158; 2
1156; 1
1158; 2
1157; 1
1159; 2
1160; 1
1162; 2
1162; 1
1164; 2
1162; 1
1164; 2
1163; 1
1165; 2
1164; 1
1166; 2
1166; 1
1168; 2
1168; 1
1170; 2
1169; 1
1171; 2
1170; 1
1172; 2
1170; 1
1172; 2
1172; 1
1174; 2
1176; 1
1178; 2
1176; 1
1178; 2
1177; 1
1179; 2
1179; 1
1181; 2
1181; 1
1183; 2
1183; 1
1185; 2
1183; 1
1185; 2
1184; 1
1186; 2
1184; 1
1186; 2
1186; 1
1188; 2
1187; 1
1189; 2
1188; 1
1190; 2
1189; 1
1191; 2
1193; 1
1195; 2
1193; 1
1195; 2
1198; 1
1200; 2
1200; 1
1202; 2
1201; 1
1203; 2
1202; 1
1204; 2
1207; 1
1209; 2
1207; 1
1209; 2
1209; 1
1211; 2
1210; 1
1212; 2
1211; 1
1213; 2
1212; 1
1214; 2
1214; 1
1216; 2
1215; 1
1217; 2
1216; 1
1218; 2
1217; 1
1219; 2
1217; 1
1219; 2
1218; 1
1220; 2
1219; 1
1221; 2
1230; 1
1232; 2
1234; 1
1236; 2
1236; 1
1238; 2
1239; 1
1241; 2
1241; 1
1243; 2
1243; 1
1245; 2
1245; 1
1247; 2
1250; 1
1252; 2
1254; 1
1256; 2
1255; 1
1257; 2
1255; 1
1257; 2
1255; 1
1257; 2
1257; 1
1259; 2
1258; 1
1260; 2
1258; 1
1260; 2
1262; 1
1264; 2
1263; 1
1265; 2
1265; 1
1267; 2
1268; 1
1270; 2
1268; 1
1270; 2
1269; 1
1271; 2
1269; 1
1271; 2
1270; 1
1272; 2
1270; 1
1272; 2
1272; 1
1274; 2
1273; 1
1275; 2
1273; 1
1275; 2
1277; 1
1279; 2
1277; 1
1279; 2
1279; 1
1281; 2
1282; 1
1284; 2
1283; 1
1285; 2
1284; 1
1286; 2
1286; 1
1288; 2
1287; 1
1289; 2
1287; 1
1289; 2
1288; 1
1290; 2
1289; 1
1291; 2
1292; 1
1294; 2
1297; 1
1299; 2
1297; 1
1299; 2
1300; 1
1302; 2
1302; 1
1304; 2
1306; 1
1308; 2
1307; 1
1309; 2
1309; 1
1311; 2
1310; 1
1312; 2
1313; 1
1315; 2
1315; 1
1317; 2
1315; 1
1317; 2
1317; 1
1319; 2
1322; 1
1324; 2
1322; 1
1324; 2
1326; 1
1328; 2
1326; 1
1328; 2
1329; 1
1331; 2
1330; 1
1332; 2
1331; 1
1333; 2
1332; 1
1334; 2
1333; 1
1335; 2
1335; 1
1337; 2
1336; 1
1338; 2
1337; 1
1339; 2
1338; 1
1340; 2
1339; 1
1341; 2
1339; 1
1341; 2
1340; 1
1342; 2
1340; 1
1342; 2
1340; 1
1342; 2
1341; 1
1343; 2
1342; 1
1344; 2
1344; 1
1346; 2
1345; 1
1347; 2
1350; 1
1352; 2
1351; 1
1353; 2
1354; 1
1356; 2
1355; 1
1357; 2
1355; 1
1357; 2
1356; 1
1358; 2
1356; 1
1358; 2
1356; 1
1358; 2
1358; 1
1360; 2
1358; 1
1360; 2
1359; 1
1361; 2
1359; 1
1361; 2
1365; 1
1367; 2
1366; 1
1368; 2
1368; 1
1370; 2
1368; 1
1370; 2
1369; 1
1371; 2
1369; 1
1371; 2
1371; 1
1373; 2
1372; 1
1374; 2
1373; 1
1375; 2
1374; 1
1376; 2
1376; 1
1378; 2
1378; 1
1380; 2
1379; 1
1381; 2
1379; 1
1381; 2
1379; 1
1381; 2
1381; 1
1383; 2
1382; 1
1384; 2
1386; 1
1388; 2
1387; 1
1389; 2
1388; 1
1390; 2
1388; 1
1390; 2
1392; 1
1394; 2
1394; 1
1396; 2
1396; 1
1398; 2
1398; 1
1400; 2
1398; 1
1400; 2
1403; 1
1405; 2
1403; 1
1405; 2
1405; 1
1407; 2
1406; 1
1408; 2
1408; 1
1410; 2
1409; 1
1411; 2
1409; 1
1411; 2
1411; 1
1413; 2
1413; 1
1415; 2
1413; 1
1415; 2
1416; 1
1418; 2
1419; 1
1421; 2
1419; 1
1421; 2
1420; 1
1422; 2
1426; 1
1428; 2
1429; 1
1431; 2
1439; 1
1441; 2
1441; 1
1443; 2
1441; 1
1443; 2
1442; 1
1444; 2
1444; 1
1446; 2
1446; 1
1448; 2
1447; 1
1449; 2
1449; 1
1451; 2
1451; 1
1453; 2
1452; 1
1454; 2
1453; 1
1455; 2
1454; 1
1456; 2
1454; 1
1456; 2
1455; 1
1457; 2
1459; 1
1461; 2
1460; 1
1462; 2
1466; 1
1468; 2
1467; 1
1469; 2
1467; 1
1469; 2
1468; 1
1470; 2
1469; 1
1471; 2
1470; 1
1472; 2
1473; 1
1475; 2
1475; 1
1477; 2
1475; 1
1477; 2
1478; 1
1480; 2
1480; 1
1482; 2
1483; 1
1485; 2
1485; 1
1487; 2
1486; 1
1488; 2
1487; 1
1489; 2
1488; 1
1490; 2
1488; 1
1490; 2
1489; 1
1491; 2
1489; 1
1491; 2
1491; 1
1493; 2
1491; 1
1493; 2
1493; 1
1495; 2
1494; 1
1496; 2
1497; 1
1499; 2
1501; 1
1503; 2
1502; 1
1504; 2
1502; 1
1504; 2
1504; 1
1506; 2
1505; 1
1507; 2
1509; 1
1511; 2
1510; 1
1512; 2
1510; 1
1512; 2
1512; 1
1514; 2
1516; 1
1518; 2
1518; 1
1520; 2
1519; 1
1521; 2
1524; 1
1526; 2
1524; 1
1526; 2
1525; 1
1527; 2
1527; 1
1529; 2
1529; 1
1531; 2
1531; 1
1533; 2
1538; 1
1540; 2
1539; 1
1541; 2
1540; 1
1542; 2
1541; 1
1543; 2
1541; 1
1543; 2
1544; 1
1546; 2
1552; 1
1554; 2
1562; 1
1564; 2
1564; 1
1566; 2
1568; 1
1570; 2
1569; 1
1571; 2
1571; 1
1573; 2
1571; 1
1573; 2
1572; 1
1574; 2
1576; 1
1578; 2
1583; 1
1585; 2
1584; 1
1586; 2
1585; 1
1587; 2
1589; 1
1591; 2
1593; 1
1595; 2
1594; 1
1596; 2
1597; 1
1599; 2
1597; 1
1599; 2
1597; 1
1599; 2
1597; 1
1599; 2
1598; 1
1600; 2
1600; 1
1602; 2
1603; 1
1605; 2
1604; 1
1606; 2
1604; 1
1606; 2
1606; 1
1608; 2
1606; 1
1608; 2
1606; 1
1608; 2
1608; 1
1610; 2
1608; 1
1610; 2
1609; 1
1611; 2
1612; 1
1614; 2
1617; 1
1619; 2
1617; 1
1619; 2
1622; 1
1624; 2
1622; 1
1624; 2
1623; 1
1625; 2
1628; 1
1630; 2
1630; 1
1632; 2
1630; 1
1632; 2
1631; 1
1633; 2
1632; 1
1634; 2
1634; 1
1636; 2
1634; 1
1636; 2
1634; 1
1636; 2
1640; 1
1642; 2
1646; 1
1648; 2
1647; 1
1649; 2
1648; 1
1650; 2
1649; 1
1651; 2
1650; 1
1652; 2
1652; 1
1654; 2
1652; 1
1654; 2
1654; 1
1656; 2
1654; 1
1656; 2
1661; 1
1663; 2
1662; 1
1664; 2
1663; 1
1665; 2
1663; 1
1665; 2
1665; 1
1667; 2
1665; 1
1667; 2
1666; 1
1668; 2
1668; 1
1670; 2
1668; 1
1670; 2
1669; 1
1671; 2
1669; 1
1671; 2
1672; 1
1674; 2
1673; 1
1675; 2
1674; 1
1676; 2
1674; 1
1676; 2
1675; 1
1677; 2
1675; 1
1677; 2
1677; 1
1679; 2
1678; 1
1680; 2
1679; 1
1681; 2
1680; 1
1682; 2
1681; 1
1683; 2
1686; 1
1688; 2
1691; 1
1693; 2
1694; 1
1696; 2
1696; 1
1698; 2
1700; 1
1702; 2
1704; 1
1706; 2
1706; 1
1708; 2
1709; 1
1711; 2
1710; 1
1712; 2
1710; 1
1712; 2
1712; 1
1714; 2
1712; 1
1714; 2
1715; 1
1717; 2
1717; 1
1719; 2
1719; 1
1721; 2
1724; 1
1726; 2
1726; 1
1728; 2
1727; 1
1729; 2
1727; 1
1729; 2
1728; 1
1730; 2
1729; 1
1731; 2
1731; 1
1733; 2
1731; 1
1733; 2
1732; 1
1734; 2
1734; 1
1736; 2
1735; 1
1737; 2
1735; 1
1737; 2
1736; 1
1738; 2
1739; 1
1741; 2
1742; 1
1744; 2
1742; 1
1744; 2
1743; 1
1745; 2
1744; 1
1746; 2
1744; 1
1746; 2
1745; 1
1747; 2
1752; 1
1754; 2
1753; 1
1755; 2
1756; 1
1758; 2
1756; 1
1758; 2
1757; 1
1759; 2
1757; 1
1759; 2
1761; 1
1763; 2
1775; 1
1777; 2
1775; 1
1777; 2
1775; 1
1777; 2
1776; 1
1778; 2
1778; 1
1780; 2
1779; 1
1781; 2
1782; 1
1784; 2
1783; 1
1785; 2
1784; 1
1786; 2
1785; 1
1787; 2
1790; 1
1792; 2
1791; 1
1793; 2
1791; 1
1793; 2
1792; 1
1794; 2
1794; 1
1796; 2
1795; 1
1797; 2
1795; 1
1797; 2
1799; 1
1801; 2
1802; 1
1804; 2
1807; 1
1809; 2
1809; 1
1811; 2
1809; 1
1811; 2
1809; 1
1811; 2
1810; 1
1812; 2
1811; 1
1813; 2
1815; 1
1817; 2
1816; 1
1818; 2
1816; 1
1818; 2
1817; 1
1819; 2
1821; 1
1823; 2
1831; 1
1833; 2
1833; 1
1835; 2
1834; 1
1836; 2
1835; 1
1837; 2
1837; 1
1839; 2
1840; 1
1842; 2
1844; 1
1846; 2
1850; 1
1852; 2
1852; 1
1854; 2
1852; 1
1854; 2
1856; 1
1858; 2
1856; 1
1858; 2
1858; 1
1860; 2
1859; 1
1861; 2
1861; 1
1863; 2
1862; 1
1864; 2
1864; 1
1866; 2
1865; 1
1867; 2
1865; 1
1867; 2
1867; 1
1869; 2
1869; 1
1871; 2
1872; 1
1874; 2
1873; 1
1875; 2
1875; 1
1877; 2
1875; 1
1877; 2
1879; 1
1881; 2
1880; 1
1882; 2
1882; 1
1884; 2
1884; 1
1886; 2
1887; 1
1889; 2
1887; 1
1889; 2
1890; 1
1892; 2
1891; 1
1893; 2
1892; 1
1894; 2
1894; 1
1896; 2
1895; 1
1897; 2
1901; 1
1903; 2
1902; 1
1904; 2
1905; 1
1907; 2
1906; 1
1908; 2
1906; 1
1908; 2
1908; 1
1910; 2
1910; 1
1912; 2
1912; 1
1914; 2
1915; 1
1917; 2
1916; 1
1918; 2
1918; 1
1920; 2
1920; 1
1922; 2
1923; 1
1925; 2
1924; 1
1926; 2
1924; 1
1926; 2
1925; 1
1927; 2
1925; 1
1927; 2
1925; 1
1927; 2
1928; 1
1930; 2
1928; 1
1930; 2
1929; 1
1931; 2
1930; 1
1932; 2
1934; 1
1936; 2
1936; 1
1938; 2
1937; 1
1939; 2
1940; 1
1942; 2
1944; 1
1946; 2
1952; 1
1954; 2
1953; 1
1955; 2
1959; 1
1961; 2
1959; 1
1961; 2
1964; 1
1966; 2
1964; 1
1966; 2
1969; 1
1971; 2
1973; 1
1975; 2
1977; 1
1979; 2
1979; 1
1981; 2
1980; 1
1982; 2
1980; 1
1982; 2
1980; 1
1982; 2
1982; 1
1984; 2
1989; 1
1991; 2
1993; 1
1995; 2
1993; 1
1995; 2
2000; 1
2002; 2
2001; 1
2003; 2
2003; 1
2005; 2
2003; 1
2005; 2
2005; 1
2007; 2
2006; 1
2008; 2
2007; 1
2009; 2
2007; 1
2009; 2
2008; 1
2010; 2
2009; 1
2011; 2
2009; 1
2011; 2
2016; 1
2018; 2
2016; 1
2018; 2
2016; 1
2018; 2
2026; 1
2028; 2
2028; 1
2030; 2
2029; 1
2031; 2
2029; 1
2031; 2
2029; 1
2031; 2
2034; 1
2036; 2
2038; 1
2040; 2
2041; 1
2043; 2
2042; 1
2044; 2
2042; 1
2044; 2
2045; 1
2047; 2
2046; 1
2048; 2
2047; 1
2049; 2
2048; 1
2050; 2
2050; 1
2052; 2
2050; 1
2052; 2
2051; 1
2053; 2
2051; 1
2053; 2
2053; 1
2055; 2
2057; 1
2059; 2
2057; 1
2059; 2
2057; 1
2059; 2
2058; 1
2060; 2
2061; 1
2063; 2
2065; 1
2067; 2
2066; 1
2068; 2
2067; 1
2069; 2
2067; 1
2069; 2
2069; 1
2071; 2
2070; 1
2072; 2
2073; 1
2075; 2
2075; 1
2077; 2
2076; 1
2078; 2
2077; 1
2079; 2
2078; 1
2080; 2
2078; 1
2080; 2
2079; 1
2081; 2
2080; 1
2082; 2
2081; 1
2083; 2
2089; 1
2091; 2
2092; 1
2094; 2
2093; 1
2095; 2
2096; 1
2098; 2
2097; 1
2099; 2
2097; 1
2099; 2
2097; 1
2099; 2
2102; 1
2104; 2
2106; 1
2108; 2
2111; 1
2113; 2
2116; 1
2118; 2
2126; 1
2128; 2
2127; 1
2129; 2
2131; 1
2133; 2
2131; 1
2133; 2
2135; 1
2137; 2
2136; 1
2138; 2
2140; 1
2142; 2
2140; 1
2142; 2
2141; 1
2143; 2
2144; 1
2146; 2
2144; 1
2146; 2
2145; 1
2147; 2
2156; 1
2158; 2
2158; 1
2160; 2
2160; 1
2162; 2
2161; 1
2163; 2
2161; 1
2163; 2
2161; 1
2163; 2
2161; 1
2163; 2
2162; 1
2164; 2
2166; 1
2168; 2
2170; 1
2172; 2
2170; 1
2172; 2
2172; 1
2174; 2
2172; 1
2174; 2
2173; 1
2175; 2
2174; 1
2176; 2
2180; 1
2182; 2
2184; 1
2186; 2
2189; 1
2191; 2
2189; 1
2191; 2
2192; 1
2194; 2
2192; 1
2194; 2
2192; 1
2194; 2
2193; 1
2195; 2
2195; 1
2197; 2
2196; 1
2198; 2
2199; 1
2201; 2
2200; 1
2202; 2
2204; 1
2206; 2
2205; 1
2207; 2
2207; 1
2209; 2
2207; 1
2209; 2
2207; 1
2209; 2
2209; 1
2211; 2
2210; 1
2212; 2
2210; 1
2212; 2
2212; 1
2214; 2
2214; 1
2216; 2
2219; 1
2221; 2
2219; 1
2221; 2
2220; 1
2222; 2
2223; 1
2225; 2
2224; 1
2226; 2
2225; 1
2227; 2
2227; 1
2229; 2
2232; 1
2234; 2
2234; 1
2236; 2
2234; 1
2236; 2
2235; 1
2237; 2
2236; 1
2238; 2
2238; 1
2240; 2
2239; 1
2241; 2
2240; 1
2242; 2
2247; 1
2249; 2
2251; 1
2253; 2
2252; 1
2254; 2
2256; 1
2258; 2
2257; 1
2259; 2
2259; 1
2261; 2
2260; 1
2262; 2
2264; 1
2266; 2
2266; 1
2268; 2
2267; 1
2269; 2
2268; 1
2270; 2
2270; 1
2272; 2
2272; 1
2274; 2
2273; 1
2275; 2
2273; 1
2275; 2
2277; 1
2279; 2
2278; 1
2280; 2
2279; 1
2281; 2
2280; 1
2282; 2
2280; 1
2282; 2
2280; 1
2282; 2
2281; 1
2283; 2
2281; 1
2283; 2
2283; 1
2285; 2
2284; 1
2286; 2
2284; 1
2286; 2
2286; 1
2288; 2
2287; 1
2289; 2
2288; 1
2290; 2
2288; 1
2290; 2
2289; 1
2291; 2
2290; 1
2292; 2
2290; 1
2292; 2
2295; 1
2297; 2
2296; 1
2298; 2
2297; 1
2299; 2
2298; 1
2300; 2
2300; 1
2302; 2
2308; 1
2310; 2
2310; 1
2312; 2
2311; 1
2313; 2
2312; 1
2314; 2
2313; 1
2315; 2
2317; 1
2319; 2
2318; 1
2320; 2
2318; 1
2320; 2
2320; 1
2322; 2
2322; 1
2324; 2
2325; 1
2327; 2
2327; 1
2329; 2
2330; 1
2332; 2
2330; 1
2332; 2
2332; 1
2334; 2
2334; 1
2336; 2
2337; 1
2339; 2
2342; 1
2344; 2
2343; 1
2345; 2
2345; 1
2347; 2
2346; 1
2348; 2
2352; 1
2354; 2
2354; 1
2356; 2
2356; 1
2358; 2
2359; 1
2361; 2
2359; 1
2361; 2
2369; 1
2371; 2
2371; 1
2373; 2
2373; 1
2375; 2
2373; 1
2375; 2
2375; 1
2377; 2
2380; 1
2382; 2
2381; 1
2383; 2
2383; 1
2385; 2
2391; 1
2393; 2
2391; 1
2393; 2
2392; 1
2394; 2
2393; 1
2395; 2
2396; 1
2398; 2
2397; 1
2399; 2
2400; 1
2402; 2
2400; 1
2402; 2
2402; 1
2404; 2
2404; 1
2406; 2
2405; 1
2407; 2
2405; 1
2407; 2
2410; 1
2412; 2
2412; 1
2414; 2
2418; 1
2420; 2
2420; 1
2422; 2
2420; 1
2422; 2
2421; 1
2423; 2
2425; 1
2427; 2
2425; 1
2427; 2
2427; 1
2429; 2
2429; 1
2431; 2
2429; 1
2431; 2
2432; 1
2434; 2
2438; 1
2440; 2
2440; 1
2442; 2
2440; 1
2442; 2
2441; 1
2443; 2
2442; 1
2444; 2
2444; 1
2446; 2
2445; 1
2447; 2
2447; 1
2449; 2
2448; 1
2450; 2
2452; 1
2454; 2
2452; 1
2454; 2
2457; 1
2459; 2
2462; 1
2464; 2
2464; 1
2466; 2
2464; 1
2466; 2
2468; 1
2470; 2
2471; 1
2473; 2
2473; 1
2475; 2
2477; 1
2479; 2
2484; 1
2486; 2
2485; 1
2487; 2
2485; 1
2487; 2
2485; 1
2487; 2
2487; 1
2489; 2
2488; 1
2490; 2
2488; 1
2490; 2
2489; 1
2491; 2
2490; 1
2492; 2
2490; 1
2492; 2
2496; 1
2498; 2
2496; 1
2498; 2
2499; 1
2501; 2
2499; 1
2501; 2
2501; 1
2503; 2
2506; 1
2508; 2
2509; 1
2511; 2
2509; 1
2511; 2
2513; 1
2515; 2
2517; 1
2519; 2
2519; 1
2521; 2
2521; 1
2523; 2
2521; 1
2523; 2
2524; 1
2526; 2
2524; 1
2526; 2
2526; 1
2528; 2
2529; 1
2531; 2
2530; 1
2532; 2
2531; 1
2533; 2
2533; 1
2535; 2
2534; 1
2536; 2
2538; 1
2540; 2
2543; 1
2545; 2
2546; 1
2548; 2
2546; 1
2548; 2
2548; 1
2550; 2
2551; 1
2553; 2
2552; 1
2554; 2
2552; 1
2554; 2
2554; 1
2556; 2
2556; 1
2558; 2
2561; 1
2563; 2
2562; 1
2564; 2
2565; 1
2567; 2
2566; 1
2568; 2
2573; 1
2575; 2
2575; 1
2577; 2
2578; 1
2580; 2
2581; 1
2583; 2
2582; 1
2584; 2
2583; 1
2585; 2
2584; 1
2586; 2
2585; 1
2587; 2
2585; 1
2587; 2
2589; 1
2591; 2
2591; 1
2593; 2
2591; 1
2593; 2
2593; 1
2595; 2
2594; 1
2596; 2
2594; 1
2596; 2
2596; 1
2598; 2
2597; 1
2599; 2
2599; 1
2601; 2
2602; 1
2604; 2
2606; 1
2608; 2
2607; 1
2609; 2
2608; 1
2610; 2
2608; 1
2610; 2
2611; 1
2613; 2
2612; 1
2614; 2
2621; 1
2623; 2
2623; 1
2625; 2
2625; 1
2627; 2
2625; 1
2627; 2
2626; 1
2628; 2
2629; 1
2631; 2
2630; 1
2632; 2
2632; 1
2634; 2
2635; 1
2637; 2
2636; 1
2638; 2
2637; 1
2639; 2
2637; 1
2639; 2
2639; 1
2641; 2
2641; 1
2643; 2
2644; 1
2646; 2
2645; 1
2647; 2
2649; 1
2651; 2
2652; 1
2654; 2
2653; 1
2655; 2
2654; 1
2656; 2
2654; 1
2656; 2
2657; 1
2659; 2
2661; 1
2663; 2
2663; 1
2665; 2
2664; 1
2666; 2
2672; 1
2674; 2
2680; 1
2682; 2
2681; 1
2683; 2
2682; 1
2684; 2
2684; 1
2686; 2
2686; 1
2688; 2
2688; 1
2690; 2
2689; 1
2691; 2
2689; 1
2691; 2
2696; 1
2698; 2
2697; 1
2699; 2
2702; 1
2704; 2
2705; 1
2707; 2
2706; 1
2708; 2
2707; 1
2709; 2
2710; 1
2712; 2
2712; 1
2714; 2
2716; 1
2718; 2
2721; 1
2723; 2
2722; 1
2724; 2
2723; 1
2725; 2
2726; 1
2728; 2
2726; 1
2728; 2
2731; 1
2733; 2
2733; 1
2735; 2
2734; 1
2736; 2
2734; 1
2736; 2
2734; 1
2736; 2
2736; 1
2738; 2
2738; 1
2740; 2
2739; 1
2741; 2
2741; 1
2743; 2
2742; 1
2744; 2
2744; 1
2746; 2
2744; 1
2746; 2
2754; 1
2756; 2
2755; 1
2757; 2
2759; 1
2761; 2
2759; 1
2761; 2
2759; 1
2761; 2
2760; 1
2762; 2
2760; 1
2762; 2
2765; 1
2767; 2
2768; 1
2770; 2
2771; 1
2773; 2
2772; 1
2774; 2
2774; 1
2776; 2
2779; 1
2781; 2
2779; 1
2781; 2
2783; 1
2785; 2
2787; 1
2789; 2
2791; 1
2793; 2
2791; 1
2793; 2
2793; 1
2795; 2
2796; 1
2798; 2
2796; 1
2798; 2
2797; 1
2799; 2
2806; 1
2808; 2
2806; 1
2808; 2
2808; 1
2810; 2
2809; 1
2811; 2
2809; 1
2811; 2
2810; 1
2812; 2
2811; 1
2813; 2
2814; 1
2816; 2
2816; 1
2818; 2
2817; 1
2819; 2
2819; 1
2821; 2
2820; 1
2822; 2
2824; 1
2826; 2
2828; 1
2830; 2
2828; 1
2830; 2
2831; 1
2833; 2
2831; 1
2833; 2
2832; 1
2834; 2
2832; 1
2834; 2
2832; 1
2834; 2
2833; 1
2835; 2
2836; 1
2838; 2
2836; 1
2838; 2
2838; 1
2840; 2
2842; 1
2844; 2
2846; 1
2848; 2
2846; 1
2848; 2
2850; 1
2852; 2
2850; 1
2852; 2
2851; 1
2853; 2
2851; 1
2853; 2
2853; 1
2855; 2
2854; 1
2856; 2
2855; 1
2857; 2
2858; 1
2860; 2
2861; 1
2863; 2
2863; 1
2865; 2
2864; 1
2866; 2
2865; 1
2867; 2
2866; 1
2868; 2
2870; 1
2872; 2
2871; 1
2873; 2
2872; 1
2874; 2
2873; 1
2875; 2
2873; 1
2875; 2
2873; 1
2875; 2
2875; 1
2877; 2
2876; 1
2878; 2
2879; 1
2881; 2
2884; 1
2886; 2
2885; 1
2887; 2
2887; 1
2889; 2
2890; 1
2892; 2
2891; 1
2893; 2
2897; 1
2899; 2
2897; 1
2899; 2
2901; 1
2903; 2
2903; 1
2905; 2
2903; 1
2905; 2
2908; 1
2910; 2
2911; 1
2913; 2
2911; 1
2913; 2
2914; 1
2916; 2
2914; 1
2916; 2
2915; 1
2917; 2
2916; 1
2918; 2
2916; 1
2918; 2
2918; 1
2920; 2
2920; 1
2922; 2
2920; 1
2922; 2
2922; 1
2924; 2
2922; 1
2924; 2
2923; 1
2925; 2
2925; 1
2927; 2
2927; 1
2929; 2
2927; 1
2929; 2
2928; 1
2930; 2
2929; 1
2931; 2
2939; 1
2941; 2
2939; 1
2941; 2
2940; 1
2942; 2
2943; 1
2945; 2
2943; 1
2945; 2
2957; 1
2959; 2
2957; 1
2959; 2
2957; 1
2959; 2
2960; 1
2962; 2
2960; 1
2962; 2
2961; 1
2963; 2
2963; 1
2965; 2
2963; 1
2965; 2
2963; 1
2965; 2
2967; 1
2969; 2
2968; 1
2970; 2
2973; 1
2975; 2
2973; 1
2975; 2
2976; 1
2978; 2
2980; 1
2982; 2
2991; 1
2993; 2
2992; 1
2994; 2
2992; 1
2994; 2
2994; 1
2996; 2
3000; 1
3002; 2
3001; 1
3003; 2
3007; 1
3009; 2
3009; 1
3011; 2
3012; 1
3014; 2
3012; 1
3014; 2
3016; 1
3018; 2
3017; 1
3019; 2
3018; 1
3020; 2
3022; 1
3024; 2
3023; 1
3025; 2
3026; 1
3028; 2
3027; 1
3029; 2
3027; 1
3029; 2
3029; 1
3031; 2
3030; 1
3032; 2
3031; 1
3033; 2
3032; 1
3034; 2
3038; 1
3040; 2
3042; 1
3044; 2
3042; 1
3044; 2
3045; 1
3047; 2
3049; 1
3051; 2
3050; 1
3052; 2
3055; 1
3057; 2
3056; 1
3058; 2
3057; 1
3059; 2
3059; 1
3061; 2
3059; 1
3061; 2
3060; 1
3062; 2
3060; 1
3062; 2
3060; 1
3062; 2
3061; 1
3063; 2
3066; 1
3068; 2
3069; 1
3071; 2
3072; 1
3074; 2
3075; 1
3077; 2
3076; 1
3078; 2
3076; 1
3078; 2
3081; 1
3083; 2
3085; 1
3087; 2
3088; 1
3090; 2
3089; 1
3091; 2
3089; 1
3091; 2
3090; 1
3092; 2
3091; 1
3093; 2
3091; 1
3093; 2
3093; 1
3095; 2
3095; 1
3097; 2
3097; 1
3099; 2
3100; 1
3102; 2
3103; 1
3105; 2
3104; 1
3106; 2
3105; 1
3107; 2
3105; 1
3107; 2
3106; 1
3108; 2
3107; 1
3109; 2
3118; 1
3120; 2
3118; 1
3120; 2
3120; 1
3122; 2
3121; 1
3123; 2
3123; 1
3125; 2
3123; 1
3125; 2
3125; 1
3127; 2
3126; 1
3128; 2
3127; 1
3129; 2
3128; 1
3130; 2
3129; 1
3131; 2
3130; 1
3132; 2
3131; 1
3133; 2
3132; 1
3134; 2
3135; 1
3137; 2
3137; 1
3139; 2
3140; 1
3142; 2
3141; 1
3143; 2
3142; 1
3144; 2
3143; 1
3145; 2
3148; 1
3150; 2
3149; 1
3151; 2
3149; 1
3151; 2
3149; 1
3151; 2
3152; 1
3154; 2
3153; 1
3155; 2
3153; 1
3155; 2
3157; 1
3159; 2
3158; 1
3160; 2
3159; 1
3161; 2
3159; 1
3161; 2
3159; 1
3161; 2
3159; 1
3161; 2
3160; 1
3162; 2
3160; 1
3162; 2
3161; 1
3163; 2
3163; 1
3165; 2
3168; 1
3170; 2
3171; 1
3173; 2
3173; 1
3175; 2
3175; 1
3177; 2
3175; 1
3177; 2
3176; 1
3178; 2
3178; 1
3180; 2
3179; 1
3181; 2
3182; 1
3184; 2
3183; 1
3185; 2
3186; 1
3188; 2
3187; 1
3189; 2
3188; 1
3190; 2
3189; 1
3191; 2
3190; 1
3192; 2
3191; 1
3193; 2
3192; 1
3194; 2
3193; 1
3195; 2
3196; 1
3198; 2
3196; 1
3198; 2
3197; 1
3199; 2
3198; 1
3200; 2
3202; 1
3204; 2
3202; 1
3204; 2
3205; 1
3207; 2
3206; 1
3208; 2
3208; 1
3210; 2
3214; 1
3216; 2
3215; 1
3217; 2
3215; 1
3217; 2
3218; 1
3220; 2
3219; 1
3221; 2
3220; 1
3222; 2
3220; 1
3222; 2
3227; 1
3229; 2
3228; 1
3230; 2
3230; 1
3232; 2
3233; 1
3235; 2
3235; 1
3237; 2
3235; 1
3237; 2
3237; 1
3239; 2
3241; 1
3243; 2
3242; 1
3244; 2
3243; 1
3245; 2
3244; 1
3246; 2
3245; 1
3247; 2
3245; 1
3247; 2
3247; 1
3249; 2
3249; 1
3251; 2
3249; 1
3251; 2
3251; 1
3253; 2
3252; 1
3254; 2
3253; 1
3255; 2
3254; 1
3256; 2
3254; 1
3256; 2
3258; 1
3260; 2
3259; 1
3261; 2
3262; 1
3264; 2
3262; 1
3264; 2
3263; 1
3265; 2
3263; 1
3265; 2
3266; 1
3268; 2
3268; 1
3270; 2
3275; 1
3277; 2
3277; 1
3279; 2
3282; 1
3284; 2
3283; 1
3285; 2
3285; 1
3287; 2
3285; 1
3287; 2
3288; 1
3290; 2
3291; 1
3293; 2
3291; 1
3293; 2
3293; 1
3295; 2
3293; 1
3295; 2
3295; 1
3297; 2
3296; 1
3298; 2
3299; 1
3301; 2
3302; 1
3304; 2
3304; 1
3306; 2
3308; 1
3310; 2
3310; 1
3312; 2
3312; 1
3314; 2
3312; 1
3314; 2
3313; 1
3315; 2
3314; 1
3316; 2
3315; 1
3317; 2
3315; 1
3317; 2
3318; 1
3320; 2
3320; 1
3322; 2
3327; 1
3329; 2
3330; 1
3332; 2
3331; 1
3333; 2
3332; 1
3334; 2
3332; 1
3334; 2
3335; 1
3337; 2
3338; 1
3340; 2
3338; 1
3340; 2
3339; 1
3341; 2
3341; 1
3343; 2
3341; 1
3343; 2
3343; 1
3345; 2
3345; 1
3347; 2
3346; 1
3348; 2
3347; 1
3349; 2
3348; 1
3350; 2
3350; 1
3352; 2
3350; 1
3352; 2
3354; 1
3356; 2
3355; 1
3357; 2
3361; 1
3363; 2
3361; 1
3363; 2
3362; 1
3364; 2
3362; 1
3364; 2
3363; 1
3365; 2
3365; 1
3367; 2
3365; 1
3367; 2
3372; 1
3374; 2
3373; 1
3375; 2
3374; 1
3376; 2
3375; 1
3377; 2
3377; 1
3379; 2
3377; 1
3379; 2
3379; 1
3381; 2
3380; 1
3382; 2
3380; 1
3382; 2
3381; 1
3383; 2
3383; 1
3385; 2
3384; 1
3386; 2
3385; 1
3387; 2
3386; 1
3388; 2
3388; 1
3390; 2
3393; 1
3395; 2
3394; 1
3396; 2
3401; 1
3403; 2
3402; 1
3404; 2
3402; 1
3404; 2
3403; 1
3405; 2
3407; 1
3409; 2
3407; 1
3409; 2
3412; 1
3414; 2
3417; 1
3419; 2
3417; 1
3419; 2
3420; 1
3422; 2
3420; 1
3422; 2
3421; 1
3423; 2
3424; 1
3426; 2
3424; 1
3426; 2
3427; 1
3429; 2
3434; 1
3436; 2
3435; 1
3437; 2
3435; 1
3437; 2
3436; 1
3438; 2
3438; 1
3440; 2
3440; 1
3442; 2
3442; 1
3444; 2
3447; 1
3449; 2
3447; 1
3449; 2
3448; 1
3450; 2
3450; 1
3452; 2
3452; 1
3454; 2
3453; 1
3455; 2
3453; 1
3455; 2
3456; 1
3458; 2
3456; 1
3458; 2
3460; 1
3462; 2
3465; 1
3467; 2
3466; 1
3468; 2
3474; 1
3476; 2
3474; 1
3476; 2
3476; 1
3478; 2
3476; 1
3478; 2
3479; 1
3481; 2
3482; 1
3484; 2
3484; 1
3486; 2
3486; 1
3488; 2
3487; 1
3489; 2
3488; 1
3490; 2
3490; 1
3492; 2
3490; 1
3492; 2
3491; 1
3493; 2
3492; 1
3494; 2
3493; 1
3495; 2
3494; 1
3496; 2
3495; 1
3497; 2
3496; 1
3498; 2
3496; 1
3498; 2
3497; 1
3499; 2
3497; 1
3499; 2
3503; 1
3505; 2
3503; 1
3505; 2
3509; 1
3511; 2
3513; 1
3515; 2
3513; 1
3515; 2
3515; 1
3517; 2
3516; 1
3518; 2
3516; 1
3518; 2
3516; 1
3518; 2
3519; 1
3521; 2
3522; 1
3524; 2
3523; 1
3525; 2
3524; 1
3526; 2
3526; 1
3528; 2
3528; 1
3530; 2
3529; 1
3531; 2
3532; 1
3534; 2
3532; 1
3534; 2
3535; 1
3537; 2
3536; 1
3538; 2
3536; 1
3538; 2
3538; 1
3540; 2
3540; 1
3542; 2
3542; 1
3544; 2
3544; 1
3546; 2
3544; 1
3546; 2
3546; 1
3548; 2
3548; 1
3550; 2
3550; 1
3552; 2
3552; 1
3554; 2
3553; 1
3555; 2
3557; 1
3559; 2
3561; 1
3563; 2
3564; 1
3566; 2
3565; 1
3567; 2
3567; 1
3569; 2
3567; 1
3569; 2
3571; 1
3573; 2
3574; 1
3576; 2
3577; 1
3579; 2
3577; 1
3579; 2
3578; 1
3580; 2
3589; 1
3591; 2
3591; 1
3593; 2
3591; 1
3593; 2
3593; 1
3595; 2
3595; 1
3597; 2
3596; 1
3598; 2
3598; 1
3600; 2
3599; 1
3601; 2
3600; 1
3602; 2
3606; 1
3608; 2
3607; 1
3609; 2
3608; 1
3610; 2
3611; 1
3613; 2
3612; 1
3614; 2
3614; 1
3616; 2
3617; 1
3619; 2
3617; 1
3619; 2
3620; 1
3622; 2
3624; 1
3626; 2
3624; 1
3626; 2
3625; 1
3627; 2
3629; 1
3631; 2
3630; 1
3632; 2
3631; 1
3633; 2
3631; 1
3633; 2
3634; 1
3636; 2
3636; 1
3638; 2
3637; 1
3639; 2
3638; 1
3640; 2
3638; 1
3640; 2
3639; 1
3641; 2
3639; 1
3641; 2
3641; 1
3643; 2
3642; 1
3644; 2
3644; 1
3646; 2
3647; 1
3649; 2
3651; 1
3653; 2
3654; 1
3656; 2
3656; 1
3658; 2
3658; 1
3660; 2
3658; 1
3660; 2
3658; 1
3660; 2
3665; 1
3667; 2
3667; 1
3669; 2
3672; 1
3674; 2
3673; 1
3675; 2
3676; 1
3678; 2
3677; 1
3679; 2
3679; 1
3681; 2
3680; 1
3682; 2
3681; 1
3683; 2
3683; 1
3685; 2
3688; 1
3690; 2
3693; 1
3695; 2
3694; 1
3696; 2
3698; 1
3700; 2
3698; 1
3700; 2
3699; 1
3701; 2
3699; 1
3701; 2
3699; 1
3701; 2
3700; 1
3702; 2
3703; 1
3705; 2
3710; 1
3712; 2
3713; 1
3715; 2
3713; 1
3715; 2
3715; 1
3717; 2
3723; 1
3725; 2
3724; 1
3726; 2
3732; 1
3734; 2
3732; 1
3734; 2
3733; 1
3735; 2
3735; 1
3737; 2
3742; 1
3744; 2
3742; 1
3744; 2
3744; 1
3746; 2
3744; 1
3746; 2
3745; 1
3747; 2
3746; 1
3748; 2
3747; 1
3749; 2
3747; 1
3749; 2
3749; 1
3751; 2
3751; 1
3753; 2
3754; 1
3756; 2
3755; 1
3757; 2
3758; 1
3760; 2
3759; 1
3761; 2
3761; 1
3763; 2
3768; 1
3770; 2
3771; 1
3773; 2
3773; 1
3775; 2
3773; 1
3775; 2
3776; 1
3778; 2
3780; 1
3782; 2
3781; 1
3783; 2
3783; 1
3785; 2
3791; 1
3793; 2
3793; 1
3795; 2
3800; 1
3802; 2
3803; 1
3805; 2
3804; 1
3806; 2
3804; 1
3806; 2
3807; 1
3809; 2
3808; 1
3810; 2
3808; 1
3810; 2
3809; 1
3811; 2
3809; 1
3811; 2
3815; 1
3817; 2
3816; 1
3818; 2
3817; 1
3819; 2
3823; 1
3825; 2
3825; 1
3827; 2
3825; 1
3827; 2
3828; 1
3830; 2
3831; 1
3833; 2
3831; 1
3833; 2
3834; 1
3836; 2
3836; 1
3838; 2
3838; 1
3840; 2
3839; 1
3841; 2
3840; 1
3842; 2
3844; 1
3846; 2
3848; 1
3850; 2
3851; 1
3853; 2
3853; 1
3855; 2
3855; 1
3857; 2
3857; 1
3859; 2
3859; 1
3861; 2
3861; 1
3863; 2
3863; 1
3865; 2
3866; 1
3868; 2
3867; 1
3869; 2
3870; 1
3872; 2
3870; 1
3872; 2
3871; 1
3873; 2
3874; 1
3876; 2
3875; 1
3877; 2
3875; 1
3877; 2
3878; 1
3880; 2
3879; 1
3881; 2
3880; 1
3882; 2
3880; 1
3882; 2
3882; 1
3884; 2
3886; 1
3888; 2
3889; 1
3891; 2
3893; 1
3895; 2
3894; 1
3896; 2
3895; 1
3897; 2
3896; 1
3898; 2
3898; 1
3900; 2
3901; 1
3903; 2
3903; 1
3905; 2
3904; 1
3906; 2
3904; 1
3906; 2
3906; 1
3908; 2
3907; 1
3909; 2
3909; 1
3911; 2
3910; 1
3912; 2
3910; 1
3912; 2
3910; 1
3912; 2
3915; 1
3917; 2
3923; 1
3925; 2
3923; 1
3925; 2
3924; 1
3926; 2
3929; 1
3931; 2
3930; 1
3932; 2
3932; 1
3934; 2
3932; 1
3934; 2
3933; 1
3935; 2
3933; 1
3935; 2
3934; 1
3936; 2
3937; 1
3939; 2
3938; 1
3940; 2
3940; 1
3942; 2
3941; 1
3943; 2
3942; 1
3944; 2
3943; 1
3945; 2
3944; 1
3946; 2
3946; 1
3948; 2
3950; 1
3952; 2
3951; 1
3953; 2
3952; 1
3954; 2
3955; 1
3957; 2
3957; 1
3959; 2
3957; 1
3959; 2
3962; 1
3964; 2
3964; 1
3966; 2
3966; 1
3968; 2
3969; 1
3971; 2
3971; 1
3973; 2
3972; 1
3974; 2
3974; 1
3976; 2
3975; 1
3977; 2
3975; 1
3977; 2
3978; 1
3980; 2
3984; 1
3986; 2
3992; 1
3994; 2
3994; 1
3996; 2
3995; 1
3997; 2
3999; 1
4001; 2
3999; 1
4001; 2
4003; 1
4005; 2
4009; 1
4011; 2
4009; 1
4011; 2
4010; 1
4012; 2
4010; 1
4012; 2
4012; 1
4014; 2
4013; 1
4015; 2
4014; 1
4016; 2
4015; 1
4017; 2
4016; 1
4018; 2
4019; 1
4021; 2
4028; 1
4030; 2
4029; 1
4031; 2
4034; 1
4036; 2
4037; 1
4039; 2
4039; 1
4041; 2
4039; 1
4041; 2
4040; 1
4042; 2
4040; 1
4042; 2
4046; 1
4048; 2
4049; 1
4051; 2
4049; 1
4051; 2
4050; 1
4052; 2
4052; 1
4054; 2
4056; 1
4058; 2
4057; 1
4059; 2
4059; 1
4061; 2
4060; 1
4062; 2
4065; 1
4067; 2
4075; 1
4077; 2
4076; 1
4078; 2
4080; 1
4082; 2
4081; 1
4083; 2
4085; 1
4087; 2
4085; 1
4087; 2
4085; 1
4087; 2
4086; 1
4088; 2
4088; 1
4090; 2
4092; 1
4094; 2
4093; 1
4095; 2
4095; 1
4097; 2
4095; 1
4097; 2
4096; 1
4098; 2
4099; 1
4101; 2
4101; 1
4103; 2
4107; 1
4109; 2
4108; 1
4110; 2
4109; 1
4111; 2
4110; 1
4112; 2
4112; 1
4114; 2
4115; 1
4117; 2
4115; 1
4117; 2
4119; 1
4121; 2
4119; 1
4121; 2
4121; 1
4123; 2
4123; 1
4125; 2
4124; 1
4126; 2
4125; 1
4127; 2
4126; 1
4128; 2
4126; 1
4128; 2
4129; 1
4131; 2
4134; 1
4136; 2
4137; 1
4139; 2
4138; 1
4140; 2
4139; 1
4141; 2
4144; 1
4146; 2
4153; 1
4155; 2
4155; 1
4157; 2
4162; 1
4164; 2
4167; 1
4169; 2
4171; 1
4173; 2
4173; 1
4175; 2
4178; 1
4180; 2
4178; 1
4180; 2
4179; 1
4181; 2
4179; 1
4181; 2
4181; 1
4183; 2
4182; 1
4184; 2
4185; 1
4187; 2
4188; 1
4190; 2
4188; 1
4190; 2
4189; 1
4191; 2
4193; 1
4195; 2
4194; 1
4196; 2
4194; 1
4196; 2
4196; 1
4198; 2
4197; 1
4199; 2
4197; 1
4199; 2
4200; 1
4202; 2
4201; 1
4203; 2
4205; 1
4207; 2
4209; 1
4211; 2
4212; 1
4214; 2
4214; 1
4216; 2
4215; 1
4217; 2
4216; 1
4218; 2
4217; 1
4219; 2
4219; 1
4221; 2
4224; 1
4226; 2
4224; 1
4226; 2
4226; 1
4228; 2
4227; 1
4229; 2
4228; 1
4230; 2
4231; 1
4233; 2
4235; 1
4237; 2
4238; 1
4240; 2
4239; 1
4241; 2
4241; 1
4243; 2
4244; 1
4246; 2
4244; 1
4246; 2
4250; 1
4252; 2
4251; 1
4253; 2
4252; 1
4254; 2
4253; 1
4255; 2
4253; 1
4255; 2
4254; 1
4256; 2
4254; 1
4256; 2
4255; 1
4257; 2
4257; 1
4259; 2
4258; 1
4260; 2
4260; 1
4262; 2
4260; 1
4262; 2
4260; 1
4262; 2
4262; 1
4264; 2
4263; 1
4265; 2
4265; 1
4267; 2
4266; 1
4268; 2
4266; 1
4268; 2
4269; 1
4271; 2
4273; 1
4275; 2
4277; 1
4279; 2
4284; 1
4286; 2
4285; 1
4287; 2
4288; 1
4290; 2
4288; 1
4290; 2
4288; 1
4290; 2
4290; 1
4292; 2
4290; 1
4292; 2
4291; 1
4293; 2
4292; 1
4294; 2
4293; 1
4295; 2
4294; 1
4296; 2
4295; 1
4297; 2
4297; 1
4299; 2
4301; 1
4303; 2
4303; 1
4305; 2
4303; 1
4305; 2
4306; 1
4308; 2
4311; 1
4313; 2
4311; 1
4313; 2
4313; 1
4315; 2
4317; 1
4319; 2
4317; 1
4319; 2
4318; 1
4320; 2
4319; 1
4321; 2
4319; 1
4321; 2
4321; 1
4323; 2
4323; 1
4325; 2
4327; 1
4329; 2
4328; 1
4330; 2
4328; 1
4330; 2
4331; 1
4333; 2
4338; 1
4340; 2
4342; 1
4344; 2
4342; 1
4344; 2
4344; 1
4346; 2
4345; 1
4347; 2
4347; 1
4349; 2
4349; 1
4351; 2
4352; 1
4354; 2
4353; 1
4355; 2
4355; 1
4357; 2
4358; 1
4360; 2
4360; 1
4362; 2
4363; 1
4365; 2
4365; 1
4367; 2
4367; 1
4369; 2
4370; 1
4372; 2
4372; 1
4374; 2
4374; 1
4376; 2
4375; 1
4377; 2
4375; 1
4377; 2
4380; 1
4382; 2
4385; 1
4387; 2
4391; 1
4393; 2
4391; 1
4393; 2
4392; 1
4394; 2
4392; 1
4394; 2
4394; 1
4396; 2
4394; 1
4396; 2
4396; 1
4398; 2
4396; 1
4398; 2
4399; 1
4401; 2
4399; 1
4401; 2
4399; 1
4401; 2
4401; 1
4403; 2
4402; 1
4404; 2
4402; 1
4404; 2
4402; 1
4404; 2
4404; 1
4406; 2
4408; 1
4410; 2
4410; 1
4412; 2
4416; 1
4418; 2
4416; 1
4418; 2
4417; 1
4419; 2
4419; 1
4421; 2
4421; 1
4423; 2
4423; 1
4425; 2
4423; 1
4425; 2
4423; 1
4425; 2
4424; 1
4426; 2
4426; 1
4428; 2
4427; 1
4429; 2
4428; 1
4430; 2
4430; 1
4432; 2
4431; 1
4433; 2
4432; 1
4434; 2
4438; 1
4440; 2
4440; 1
4442; 2
4440; 1
4442; 2
4441; 1
4443; 2
4442; 1
4444; 2
4442; 1
4444; 2
4449; 1
4451; 2
4450; 1
4452; 2
4452; 1
4454; 2
4452; 1
4454; 2
4459; 1
4461; 2
4459; 1
4461; 2
4466; 1
4468; 2
4467; 1
4469; 2
4468; 1
4470; 2
4469; 1
4471; 2
4469; 1
4471; 2
4470; 1
4472; 2
4470; 1
4472; 2
4473; 1
4475; 2
4477; 1
4479; 2
4483; 1
4485; 2
4484; 1
4486; 2
4487; 1
4489; 2
4488; 1
4490; 2
4491; 1
4493; 2
4492; 1
4494; 2
4492; 1
4494; 2
4493; 1
4495; 2
4495; 1
4497; 2
4496; 1
4498; 2
4497; 1
4499; 2
4498; 1
4500; 2
4500; 1
4502; 2
4500; 1
4502; 2
4501; 1
4503; 2
4503; 1
4505; 2
4504; 1
4506; 2
4506; 1
4508; 2
4506; 1
4508; 2
4510; 1
4512; 2
4513; 1
4515; 2
4515; 1
4517; 2
4517; 1
4519; 2
4518; 1
4520; 2
4519; 1
4521; 2
4521; 1
4523; 2
4523; 1
4525; 2
4525; 1
4527; 2
4527; 1
4529; 2
4534; 1
4536; 2
4539; 1
4541; 2
4539; 1
4541; 2
4540; 1
4542; 2
4541; 1
4543; 2
4546; 1
4548; 2
4551; 1
4553; 2
4553; 1
4555; 2
4554; 1
4556; 2
4557; 1
4559; 2
4557; 1
4559; 2
4558; 1
4560; 2
4558; 1
4560; 2
4560; 1
4562; 2
4561; 1
4563; 2
4562; 1
4564; 2
4563; 1
4565; 2
4567; 1
4569; 2
4567; 1
4569; 2
4576; 1
4578; 2
4576; 1
4578; 2
4578; 1
4580; 2
4579; 1
4581; 2
4581; 1
4583; 2
4587; 1
4589; 2
4593; 1
4595; 2
4593; 1
4595; 2
4593; 1
4595; 2
4595; 1
4597; 2
4599; 1
4601; 2
4601; 1
4603; 2
4605; 1
4607; 2
4608; 1
4610; 2
4610; 1
4612; 2
4611; 1
4613; 2
4612; 1
4614; 2
4614; 1
4616; 2
4617; 1
4619; 2
4625; 1
4627; 2
4625; 1
4627; 2
4626; 1
4628; 2
4627; 1
4629; 2
4630; 1
4632; 2
4631; 1
4633; 2
4633; 1
4635; 2
4634; 1
4636; 2
4635; 1
4637; 2
4636; 1
4638; 2
4642; 1
4644; 2
4644; 1
4646; 2
4647; 1
4649; 2
4648; 1
4650; 2
4652; 1
4654; 2
4652; 1
4654; 2
4652; 1
4654; 2
4652; 1
4654; 2
4655; 1
4657; 2
4656; 1
4658; 2
4656; 1
4658; 2
4658; 1
4660; 2
4659; 1
4661; 2
4660; 1
4662; 2
4665; 1
4667; 2
4666; 1
4668; 2
4669; 1
4671; 2
4669; 1
4671; 2
4670; 1
4672; 2
4670; 1
4672; 2
4674; 1
4676; 2
4674; 1
4676; 2
4676; 1
4678; 2
4682; 1
4684; 2
4683; 1
4685; 2
4685; 1
4687; 2
4686; 1
4688; 2
4687; 1
4689; 2
4689; 1
4691; 2
4689; 1
4691; 2
4689; 1
4691; 2
4690; 1
4692; 2
4690; 1
4692; 2
4691; 1
4693; 2
4691; 1
4693; 2
4691; 1
4693; 2
4692; 1
4694; 2
4692; 1
4694; 2
4693; 1
4695; 2
4696; 1
4698; 2
4699; 1
4701; 2
4700; 1
4702; 2
4702; 1
4704; 2
4704; 1
4706; 2
4706; 1
4708; 2
4706; 1
4708; 2
4709; 1
4711; 2
4714; 1
4716; 2
4715; 1
4717; 2
4716; 1
4718; 2
4716; 1
4718; 2
4717; 1
4719; 2
4717; 1
4719; 2
4717; 1
4719; 2
4719; 1
4721; 2
4719; 1
4721; 2
4719; 1
4721; 2
4722; 1
4724; 2
4724; 1
4726; 2
4725; 1
4727; 2
4729; 1
4731; 2
4737; 1
4739; 2
4745; 1
4747; 2
4747; 1
4749; 2
4748; 1
4750; 2
4749; 1
4751; 2
4753; 1
4755; 2
4753; 1
4755; 2
4758; 1
4760; 2
4758; 1
4760; 2
4760; 1
4762; 2
4761; 1
4763; 2
4766; 1
4768; 2
4766; 1
4768; 2
4767; 1
4769; 2
4771; 1
4773; 2
4771; 1
4773; 2
4772; 1
4774; 2
4774; 1
4776; 2
4775; 1
4777; 2
4775; 1
4777; 2
4776; 1
4778; 2
4776; 1
4778; 2
4779; 1
4781; 2
4779; 1
4781; 2
4780; 1
4782; 2
4783; 1
4785; 2
4784; 1
4786; 2
4788; 1
4790; 2
4791; 1
4793; 2
4797; 1
4799; 2
4798; 1
4800; 2
4799; 1
4801; 2
4801; 1
4803; 2
4802; 1
4804; 2
4806; 1
4808; 2
4808; 1
4810; 2
4810; 1
4812; 2
4811; 1
4813; 2
4811; 1
4813; 2
4811; 1
4813; 2
4812; 1
4814; 2
4812; 1
4814; 2
4813; 1
4815; 2
4817; 1
4819; 2
4817; 1
4819; 2
4820; 1
4822; 2
4823; 1
4825; 2
4826; 1
4828; 2
4826; 1
4828; 2
4829; 1
4831; 2
4830; 1
4832; 2
4831; 1
4833; 2
4833; 1
4835; 2
4835; 1
4837; 2
4836; 1
4838; 2
4838; 1
4840; 2
4839; 1
4841; 2
4839; 1
4841; 2
4842; 1
4844; 2
4842; 1
4844; 2
4845; 1
4847; 2
4846; 1
4848; 2
4846; 1
4848; 2
4851; 1
4853; 2
4854; 1
4856; 2
4857; 1
4859; 2
4866; 1
4868; 2
4867; 1
4869; 2
4868; 1
4870; 2
4868; 1
4870; 2
4869; 1
4871; 2
4870; 1
4872; 2
4874; 1
4876; 2
4879; 1
4881; 2
4887; 1
4889; 2
4889; 1
4891; 2
4892; 1
4894; 2
4892; 1
4894; 2
4895; 1
4897; 2
4895; 1
4897; 2
4898; 1
4900; 2
4899; 1
4901; 2
4900; 1
4902; 2
4900; 1
4902; 2
4903; 1
4905; 2
4906; 1
4908; 2
4908; 1
4910; 2
4910; 1
4912; 2
4910; 1
4912; 2
4910; 1
4912; 2
4911; 1
4913; 2
4913; 1
4915; 2
4914; 1
4916; 2
4914; 1
4916; 2
4915; 1
4917; 2
4917; 1
4919; 2
4918; 1
4920; 2
4921; 1
4923; 2
4924; 1
4926; 2
4926; 1
4928; 2
4928; 1
4930; 2
4930; 1
4932; 2
4930; 1
4932; 2
4931; 1
4933; 2
4933; 1
4935; 2
4934; 1
4936; 2
4937; 1
4939; 2
4937; 1
4939; 2
4941; 1
4943; 2
4941; 1
4943; 2
4943; 1
4945; 2
4948; 1
4950; 2
4950; 1
4952; 2
4950; 1
4952; 2
4950; 1
4952; 2
4952; 1
4954; 2
4953; 1
4955; 2
4954; 1
4956; 2
4955; 1
4957; 2
4955; 1
4957; 2
4956; 1
4958; 2
4957; 1
4959; 2
4958; 1
4960; 2
4960; 1
4962; 2
4962; 1
4964; 2
4962; 1
4964; 2
4966; 1
4968; 2
4966; 1
4968; 2
4966; 1
4968; 2
4967; 1
4969; 2
4968; 1
4970; 2
4971; 1
4973; 2
4971; 1
4973; 2
4972; 1
4974; 2
4976; 1
4978; 2
4978; 1
4980; 2
4981; 1
4983; 2
4981; 1
4983; 2
4982; 1
4984; 2
4982; 1
4984; 2
4984; 1
4986; 2
4985; 1
4987; 2
4986; 1
4988; 2
4988; 1
4990; 2
4990; 1
4992; 2
4992; 1
4994; 2
4992; 1
4994; 2
4993; 1
4995; 2
4997; 1
4999; 2
4998; 1
5000; 2
5000; 1
5002; 2
5001; 1
5003; 2
5003; 1
5005; 2
5007; 1
5009; 2
5010; 1
5012; 2
5014; 1
5016; 2
5015; 1
5017; 2
5017; 1
5019; 2
5023; 1
5025; 2
5023; 1
5025; 2
5026; 1
5028; 2
5027; 1
5029; 2
5027; 1
5029; 2
5029; 1
5031; 2
5032; 1
5034; 2
5034; 1
5036; 2
5035; 1
5037; 2
5036; 1
5038; 2
5039; 1
5041; 2
5043; 1
5045; 2
5051; 1
5053; 2
5055; 1
5057; 2
5061; 1
5063; 2
5062; 1
5064; 2
5065; 1
5067; 2
5066; 1
5068; 2
5066; 1
5068; 2
5067; 1
5069; 2
5068; 1
5070; 2
5069; 1
5071; 2
5071; 1
5073; 2
5076; 1
5078; 2
5076; 1
5078; 2
5078; 1
5080; 2
5078; 1
5080; 2
5079; 1
5081; 2
5082; 1
5084; 2
5088; 1
5090; 2
5091; 1
5093; 2
5092; 1
5094; 2
5099; 1
5101; 2
5099; 1
5101; 2
5100; 1
5102; 2
5101; 1
5103; 2
5104; 1
5106; 2
5105; 1
5107; 2
5105; 1
5107; 2
5107; 1
5109; 2
5115; 1
5117; 2
5116; 1
5118; 2
5117; 1
5119; 2
5118; 1
5120; 2
5119; 1
5121; 2
5120; 1
5122; 2
5122; 1
5124; 2
5124; 1
5126; 2
5124; 1
5126; 2
5125; 1
5127; 2
5125; 1
5127; 2
5128; 1
5130; 2
5130; 1
5132; 2
5138; 1
5140; 2
5138; 1
5140; 2
5140; 1
5142; 2
5141; 1
5143; 2
5142; 1
5144; 2
5145; 1
5147; 2
5145; 1
5147; 2
5153; 1
5155; 2
5154; 1
5156; 2
5156; 1
5158; 2
5157; 1
5159; 2
5160; 1
5162; 2
5162; 1
5164; 2
5165; 1
5167; 2
5166; 1
5168; 2
5166; 1
5168; 2
5170; 1
5172; 2
5172; 1
5174; 2
5172; 1
5174; 2
5172; 1
5174; 2
5172; 1
5174; 2
5172; 1
5174; 2
5176; 1
5178; 2
5177; 1
5179; 2
5177; 1
5179; 2
5182; 1
5184; 2
5182; 1
5184; 2
5182; 1
5184; 2
5183; 1
5185; 2
5185; 1
5187; 2
5187; 1
5189; 2
5198; 1
5200; 2
5198; 1
5200; 2
5199; 1
5201; 2
5202; 1
5204; 2
5202; 1
5204; 2
5206; 1
5208; 2
5210; 1
5212; 2
5210; 1
5212; 2
5210; 1
5212; 2
5211; 1
5213; 2
5213; 1
5215; 2
5216; 1
5218; 2
5218; 1
5220; 2
5223; 1
5225; 2
5224; 1
5226; 2
5232; 1
5234; 2
5232; 1
5234; 2
5236; 1
5238; 2
5237; 1
5239; 2
5239; 1
5241; 2
5239; 1
5241; 2
5240; 1
5242; 2
5241; 1
5243; 2
5242; 1
5244; 2
5242; 1
5244; 2
5242; 1
5244; 2
5243; 1
5245; 2
5251; 1
5253; 2
5252; 1
5254; 2
5257; 1
5259; 2
5259; 1
5261; 2
5260; 1
5262; 2
5261; 1
5263; 2
5262; 1
5264; 2
5264; 1
5266; 2
5265; 1
5267; 2
5265; 1
5267; 2
5266; 1
5268; 2
5268; 1
5270; 2
5270; 1
5272; 2
5271; 1
5273; 2
5271; 1
5273; 2
5272; 1
5274; 2
5273; 1
5275; 2
5276; 1
5278; 2
5276; 1
5278; 2
5280; 1
5282; 2
5280; 1
5282; 2
5286; 1
5288; 2
5287; 1
5289; 2
5288; 1
5290; 2
5290; 1
5292; 2
5291; 1
5293; 2
5291; 1
5293; 2
5294; 1
5296; 2
5294; 1
5296; 2
5294; 1
5296; 2
5297; 1
5299; 2
5301; 1
5303; 2
5301; 1
5303; 2
5301; 1
5303; 2
5302; 1
5304; 2
5304; 1
5306; 2
5304; 1
5306; 2
5309; 1
5311; 2
5319; 1
5321; 2
5319; 1
5321; 2
5320; 1
5322; 2
5322; 1
5324; 2
5322; 1
5324; 2
5324; 1
5326; 2
5324; 1
5326; 2
5326; 1
5328; 2
5329; 1
5331; 2
5330; 1
5332; 2
5330; 1
5332; 2
5334; 1
5336; 2
5334; 1
5336; 2
5336; 1
5338; 2
5345; 1
5347; 2
5351; 1
5353; 2
5353; 1
5355; 2
5356; 1
5358; 2
5360; 1
5362; 2
5362; 1
5364; 2
5365; 1
5367; 2
5366; 1
5368; 2
5372; 1
5374; 2
5373; 1
5375; 2
5374; 1
5376; 2
5386; 1
5388; 2
5392; 1
5394; 2
5393; 1
5395; 2
5396; 1
5398; 2
5397; 1
5399; 2
5397; 1
5399; 2
5397; 1
5399; 2
5397; 1
5399; 2
5399; 1
5401; 2
5400; 1
5402; 2
5400; 1
5402; 2
5401; 1
5403; 2
5401; 1
5403; 2
5403; 1
5405; 2
5413; 1
5415; 2
5416; 1
5418; 2
5417; 1
5419; 2
5418; 1
5420; 2
5418; 1
5420; 2
5420; 1
5422; 2
5424; 1
5426; 2
5428; 1
5430; 2
5429; 1
5431; 2
5430; 1
5432; 2
5431; 1
5433; 2
5431; 1
5433; 2
5433; 1
5435; 2
5435; 1
5437; 2
5436; 1
5438; 2
5436; 1
5438; 2
5438; 1
5440; 2
5439; 1
5441; 2
5441; 1
5443; 2
5442; 1
5444; 2
5443; 1
5445; 2
5443; 1
5445; 2
5447; 1
5449; 2
5451; 1
5453; 2
5453; 1
5455; 2
5456; 1
5458; 2
5461; 1
5463; 2
5461; 1
5463; 2
5463; 1
5465; 2
5465; 1
5467; 2
5465; 1
5467; 2
5465; 1
5467; 2
5467; 1
5469; 2
5468; 1
5470; 2
5469; 1
5471; 2
5470; 1
5472; 2
5471; 1
5473; 2
5475; 1
5477; 2
5475; 1
5477; 2
5475; 1
5477; 2
5476; 1
5478; 2
5477; 1
5479; 2
5479; 1
5481; 2
5483; 1
5485; 2
5485; 1
5487; 2
5493; 1
5495; 2
5497; 1
5499; 2
5497; 1
5499; 2
5498; 1
5500; 2
5500; 1
5502; 2
5504; 1
5506; 2
5508; 1
5510; 2
5508; 1
5510; 2
5510; 1
5512; 2
5510; 1
5512; 2
5511; 1
5513; 2
5513; 1
5515; 2
5519; 1
5521; 2
5521; 1
5523; 2
5523; 1
5525; 2
5524; 1
5526; 2
5524; 1
5526; 2
5538; 1
5540; 2
5539; 1
5541; 2
5542; 1
5544; 2
5544; 1
5546; 2
5545; 1
5547; 2
5546; 1
5548; 2
5551; 1
5553; 2
5552; 1
5554; 2
5555; 1
5557; 2
5555; 1
5557; 2
5556; 1
5558; 2
5557; 1
5559; 2
5559; 1
5561; 2
5559; 1
5561; 2
5559; 1
5561; 2
5565; 1
5567; 2
5566; 1
5568; 2
5566; 1
5568; 2
5566; 1
5568; 2
5567; 1
5569; 2
5572; 1
5574; 2
5576; 1
5578; 2
5577; 1
5579; 2
5577; 1
5579; 2
5578; 1
5580; 2
5582; 1
5584; 2
5584; 1
5586; 2
5584; 1
5586; 2
5585; 1
5587; 2
5587; 1
5589; 2
5590; 1
5592; 2
5590; 1
5592; 2
5590; 1
5592; 2
5595; 1
5597; 2
5597; 1
5599; 2
5599; 1
5601; 2
5599; 1
5601; 2
5600; 1
5602; 2
5602; 1
5604; 2
5606; 1
5608; 2
5608; 1
5610; 2
5609; 1
5611; 2
5610; 1
5612; 2
5612; 1
5614; 2
5615; 1
5617; 2
5619; 1
5621; 2
5620; 1
5622; 2
5621; 1
5623; 2
5621; 1
5623; 2
5622; 1
5624; 2
5623; 1
5625; 2
5624; 1
5626; 2
5624; 1
5626; 2
5625; 1
5627; 2
5626; 1
5628; 2
5626; 1
5628; 2
5626; 1
5628; 2
5626; 1
5628; 2
5626; 1
5628; 2
5629; 1
5631; 2
5629; 1
5631; 2
5630; 1
5632; 2
5632; 1
5634; 2
5635; 1
5637; 2
5641; 1
5643; 2
5644; 1
5646; 2
5647; 1
5649; 2
5647; 1
5649; 2
5648; 1
5650; 2
5650; 1
5652; 2
5650; 1
5652; 2
5656; 1
5658; 2
5658; 1
5660; 2
5659; 1
5661; 2
5659; 1
5661; 2
5661; 1
5663; 2
5671; 1
5673; 2
5672; 1
5674; 2
5677; 1
5679; 2
5677; 1
5679; 2
5679; 1
5681; 2
5679; 1
5681; 2
5680; 1
5682; 2
5681; 1
5683; 2
5683; 1
5685; 2
5683; 1
5685; 2
5686; 1
5688; 2
5690; 1
5692; 2
5690; 1
5692; 2
5690; 1
5692; 2
5697; 1
5699; 2
5697; 1
5699; 2
5699; 1
5701; 2
5700; 1
5702; 2
5707; 1
5709; 2
5712; 1
5714; 2
5716; 1
5718; 2
5716; 1
5718; 2
5718; 1
5720; 2
5719; 1
5721; 2
5720; 1
5722; 2
5722; 1
5724; 2
5722; 1
5724; 2
5723; 1
5725; 2
5725; 1
5727; 2
5725; 1
5727; 2
5730; 1
5732; 2
5731; 1
5733; 2
5732; 1
5734; 2
5732; 1
5734; 2
5732; 1
5734; 2
5736; 1
5738; 2
5737; 1
5739; 2
5739; 1
5741; 2
5740; 1
5742; 2
5741; 1
5743; 2
5743; 1
5745; 2
5744; 1
5746; 2
5745; 1
5747; 2
5746; 1
5748; 2
5747; 1
5749; 2
5747; 1
5749; 2
5749; 1
5751; 2
5749; 1
5751; 2
5753; 1
5755; 2
5753; 1
5755; 2
5756; 1
5758; 2
5759; 1
5761; 2
5764; 1
5766; 2
5765; 1
5767; 2
5765; 1
5767; 2
5765; 1
5767; 2
5767; 1
5769; 2
5767; 1
5769; 2
5770; 1
5772; 2
5774; 1
5776; 2
5776; 1
5778; 2
5778; 1
5780; 2
5778; 1
5780; 2
5778; 1
5780; 2
5781; 1
5783; 2
5781; 1
5783; 2
5788; 1
5790; 2
5794; 1
5796; 2
5796; 1
5798; 2
5804; 1
5806; 2
5807; 1
5809; 2
5807; 1
5809; 2
5813; 1
5815; 2
5817; 1
5819; 2
5820; 1
5822; 2
5823; 1
5825; 2
5825; 1
5827; 2
5830; 1
5832; 2
5831; 1
5833; 2
5833; 1
5835; 2
5833; 1
5835; 2
5835; 1
5837; 2
5836; 1
5838; 2
5837; 1
5839; 2
5838; 1
5840; 2
5838; 1
5840; 2
5841; 1
5843; 2
5842; 1
5844; 2
5850; 1
5852; 2
5857; 1
5859; 2
5859; 1
5861; 2
5861; 1
5863; 2
5861; 1
5863; 2
5861; 1
5863; 2
5863; 1
5865; 2
5869; 1
5871; 2
5871; 1
5873; 2
5871; 1
5873; 2
5871; 1
5873; 2
5872; 1
5874; 2
5878; 1
5880; 2
5883; 1
5885; 2
5884; 1
5886; 2
5886; 1
5888; 2
5890; 1
5892; 2
5892; 1
5894; 2
5894; 1
5896; 2
5896; 1
5898; 2
5901; 1
5903; 2
5902; 1
5904; 2
5906; 1
5908; 2
5907; 1
5909; 2
5909; 1
5911; 2
5912; 1
5914; 2
5914; 1
5916; 2
5916; 1
5918; 2
5920; 1
5922; 2
5921; 1
5923; 2
5930; 1
5932; 2
5937; 1
5939; 2
5944; 1
5946; 2
5947; 1
5949; 2
5947; 1
5949; 2
5954; 1
5956; 2
5955; 1
5957; 2
5962; 1
5964; 2
5963; 1
5965; 2
5965; 1
5967; 2
5970; 1
5972; 2
5977; 1
5979; 2
5979; 1
5981; 2
5981; 1
5983; 2
5982; 1
5984; 2
5983; 1
5985; 2
5984; 1
5986; 2
5987; 1
5989; 2
5989; 1
5991; 2
5990; 1
5992; 2
5991; 1
5993; 2
5992; 1
5994; 2
5993; 1
5995; 2
5994; 1
5996; 2
5994; 1
5996; 2
5994; 1
5996; 2
5997; 1
5999; 2
5998; 1
6000; 2
6001; 1
6003; 2
6004; 1
6006; 2
6005; 1
6007; 2
6008; 1
6010; 2
6008; 1
6010; 2
6008; 1
6010; 2
6009; 1
6011; 2
6018; 1
6020; 2
6018; 1
6020; 2
6019; 1
6021; 2
6019; 1
6021; 2
6020; 1
6022; 2
6023; 1
6025; 2
6026; 1
6028; 2
6028; 1
6030; 2
6029; 1
6031; 2
6031; 1
6033; 2
6034; 1
6036; 2
6036; 1
6038; 2
6037; 1
6039; 2
6037; 1
6039; 2
6039; 1
6041; 2
6042; 1
6044; 2
6043; 1
6045; 2
6044; 1
6046; 2
6045; 1
6047; 2
6049; 1
6051; 2
6060; 1
6062; 2
6063; 1
6065; 2
6064; 1
6066; 2
6065; 1
6067; 2
6066; 1
6068; 2
6076; 1
6078; 2
6076; 1
6078; 2
6083; 1
6085; 2
6085; 1
6087; 2
6087; 1
6089; 2
6089; 1
6091; 2
6089; 1
6091; 2
6093; 1
6095; 2
6095; 1
6097; 2
6099; 1
6101; 2
6106; 1
6108; 2
6107; 1
6109; 2
6109; 1
6111; 2
6110; 1
6112; 2
6113; 1
6115; 2
6114; 1
6116; 2
6118; 1
6120; 2
6120; 1
6122; 2
6121; 1
6123; 2
6126; 1
6128; 2
6127; 1
6129; 2
6128; 1
6130; 2
6129; 1
6131; 2
6133; 1
6135; 2
6138; 1
6140; 2
6138; 1
6140; 2
6139; 1
6141; 2
6140; 1
6142; 2
6142; 1
6144; 2
6143; 1
6145; 2
6145; 1
6147; 2
6146; 1
6148; 2
6147; 1
6149; 2
6148; 1
6150; 2
6149; 1
6151; 2
6155; 1
6157; 2
6155; 1
6157; 2
6157; 1
6159; 2
6159; 1
6161; 2
6159; 1
6161; 2
6165; 1
6167; 2
6165; 1
6167; 2
6171; 1
6173; 2
6173; 1
6175; 2
6175; 1
6177; 2
6177; 1
6179; 2
6180; 1
6182; 2
6183; 1
6185; 2
6183; 1
6185; 2
6183; 1
6185; 2
6183; 1
6185; 2
6188; 1
6190; 2
6189; 1
6191; 2
6193; 1
6195; 2
6196; 1
6198; 2
6206; 1
6208; 2
6209; 1
6211; 2
6215; 1
6217; 2
6215; 1
6217; 2
6216; 1
6218; 2
6218; 1
6220; 2
6222; 1
6224; 2
6223; 1
6225; 2
6224; 1
6226; 2
6226; 1
6228; 2
6228; 1
6230; 2
6229; 1
6231; 2
6232; 1
6234; 2
6234; 1
6236; 2
6237; 1
6239; 2
6242; 1
6244; 2
6245; 1
6247; 2
6245; 1
6247; 2
6246; 1
6248; 2
6257; 1
6259; 2
6259; 1
6261; 2
6265; 1
6267; 2
6273; 1
6275; 2
6273; 1
6275; 2
6276; 1
6278; 2
6281; 1
6283; 2
6283; 1
6285; 2
6284; 1
6286; 2
6286; 1
6288; 2
6288; 1
6290; 2
6289; 1
6291; 2
6289; 1
6291; 2
6292; 1
6294; 2
6298; 1
6300; 2
6299; 1
6301; 2
6302; 1
6304; 2
6307; 1
6309; 2
6307; 1
6309; 2
6310; 1
6312; 2
6315; 1
6317; 2
6318; 1
6320; 2
6319; 1
6321; 2
6327; 1
6329; 2
6329; 1
6331; 2
6333; 1
6335; 2
6334; 1
6336; 2
6335; 1
6337; 2
6337; 1
6339; 2
6339; 1
6341; 2
6340; 1
6342; 2
6349; 1
6351; 2
6351; 1
6353; 2
6357; 1
6359; 2
6358; 1
6360; 2
6358; 1
6360; 2
6358; 1
6360; 2
6360; 1
6362; 2
6364; 1
6366; 2
6371; 1
6373; 2
6374; 1
6376; 2
6374; 1
6376; 2
6375; 1
6377; 2
6377; 1
6379; 2
6381; 1
6383; 2
6382; 1
6384; 2
6382; 1
6384; 2
6383; 1
6385; 2
6386; 1
6388; 2
6386; 1
6388; 2
6390; 1
6392; 2
6392; 1
6394; 2
6392; 1
6394; 2
6393; 1
6395; 2
6395; 1
6397; 2
6399; 1
6401; 2
6403; 1
6405; 2
6405; 1
6407; 2
6405; 1
6407; 2
6407; 1
6409; 2
6408; 1
6410; 2
6408; 1
6410; 2
6411; 1
6413; 2
6417; 1
6419; 2
6418; 1
6420; 2
6420; 1
6422; 2
6421; 1
6423; 2
6421; 1
6423; 2
6422; 1
6424; 2
6422; 1
6424; 2
6422; 1
6424; 2
6423; 1
6425; 2
6427; 1
6429; 2
6428; 1
6430; 2
6429; 1
6431; 2
6430; 1
6432; 2
6431; 1
6433; 2
6433; 1
6435; 2
6438; 1
6440; 2
6440; 1
6442; 2
6440; 1
6442; 2
6441; 1
6443; 2
6441; 1
6443; 2
6446; 1
6448; 2
6447; 1
6449; 2
6448; 1
6450; 2
6448; 1
6450; 2
6453; 1
6455; 2
6456; 1
6458; 2
6459; 1
6461; 2
6462; 1
6464; 2
6462; 1
6464; 2
6462; 1
6464; 2
6464; 1
6466; 2
6468; 1
6470; 2
6468; 1
6470; 2
6469; 1
6471; 2
6470; 1
6472; 2
6473; 1
6475; 2
6474; 1
6476; 2
6476; 1
6478; 2
6478; 1
6480; 2
6479; 1
6481; 2
6480; 1
6482; 2
6485; 1
6487; 2
6491; 1
6493; 2
6499; 1
6501; 2
6499; 1
6501; 2
6500; 1
6502; 2
6500; 1
6502; 2
6503; 1
6505; 2
6512; 1
6514; 2
6514; 1
6516; 2
6519; 1
6521; 2
6520; 1
6522; 2
6526; 1
6528; 2
6528; 1
6530; 2
6529; 1
6531; 2
6531; 1
6533; 2
6531; 1
6533; 2
6531; 1
6533; 2
6533; 1
6535; 2
6533; 1
6535; 2
6540; 1
6542; 2
6543; 1
6545; 2
6544; 1
6546; 2
6546; 1
6548; 2
6550; 1
6552; 2
6551; 1
6553; 2
6556; 1
6558; 2
6558; 1
6560; 2
6559; 1
6561; 2
6559; 1
6561; 2
6560; 1
6562; 2
6561; 1
6563; 2
6565; 1
6567; 2
6565; 1
6567; 2
6567; 1
6569; 2
6572; 1
6574; 2
6578; 1
6580; 2
6580; 1
6582; 2
6584; 1
6586; 2
6584; 1
6586; 2
6585; 1
6587; 2
6589; 1
6591; 2
6590; 1
6592; 2
6592; 1
6594; 2
6595; 1
6597; 2
6598; 1
6600; 2
6599; 1
6601; 2
6601; 1
6603; 2
6602; 1
6604; 2
6603; 1
6605; 2
6605; 1
6607; 2
6605; 1
6607; 2
6606; 1
6608; 2
6607; 1
6609; 2
6607; 1
6609; 2
6608; 1
6610; 2
6608; 1
6610; 2
6611; 1
6613; 2
6614; 1
6616; 2
6623; 1
6625; 2
6625; 1
6627; 2
6626; 1
6628; 2
6628; 1
6630; 2
6628; 1
6630; 2
6634; 1
6636; 2
6637; 1
6639; 2
6640; 1
6642; 2
6643; 1
6645; 2
6644; 1
6646; 2
6646; 1
6648; 2
6647; 1
6649; 2
6647; 1
6649; 2
6648; 1
6650; 2
6651; 1
6653; 2
6651; 1
6653; 2
6653; 1
6655; 2
6653; 1
6655; 2
6655; 1
6657; 2
6656; 1
6658; 2
6657; 1
6659; 2
6658; 1
6660; 2
6660; 1
6662; 2
6663; 1
6665; 2
6666; 1
6668; 2
6669; 1
6671; 2
6669; 1
6671; 2
6671; 1
6673; 2
6672; 1
6674; 2
6673; 1
6675; 2
6675; 1
6677; 2
6678; 1
6680; 2
6682; 1
6684; 2
6683; 1
6685; 2
6683; 1
6685; 2
6691; 1
6693; 2
6692; 1
6694; 2
6700; 1
6702; 2
6702; 1
6704; 2
6703; 1
6705; 2
6705; 1
6707; 2
6705; 1
6707; 2
6706; 1
6708; 2
6709; 1
6711; 2
6716; 1
6718; 2
6722; 1
6724; 2
6722; 1
6724; 2
6723; 1
6725; 2
6723; 1
6725; 2
6724; 1
6726; 2
6725; 1
6727; 2
6725; 1
6727; 2
6726; 1
6728; 2
6729; 1
6731; 2
6730; 1
6732; 2
6731; 1
6733; 2
6731; 1
6733; 2
6739; 1
6741; 2
6745; 1
6747; 2
6746; 1
6748; 2
6746; 1
6748; 2
6750; 1
6752; 2
6750; 1
6752; 2
6753; 1
6755; 2
6766; 1
6768; 2
6768; 1
6770; 2
6770; 1
6772; 2
6770; 1
6772; 2
6771; 1
6773; 2
6776; 1
6778; 2
6776; 1
6778; 2
6777; 1
6779; 2
6778; 1
6780; 2
6780; 1
6782; 2
6782; 1
6784; 2
6782; 1
6784; 2
6789; 1
6791; 2
6789; 1
6791; 2
6790; 1
6792; 2
6790; 1
6792; 2
6791; 1
6793; 2
6791; 1
6793; 2
6793; 1
6795; 2
6794; 1
6796; 2
6799; 1
6801; 2
6799; 1
6801; 2
6799; 1
6801; 2
6800; 1
6802; 2
6800; 1
6802; 2
6802; 1
6804; 2
6803; 1
6805; 2
6808; 1
6810; 2
6810; 1
6812; 2
6817; 1
6819; 2
6819; 1
6821; 2
6823; 1
6825; 2
6829; 1
6831; 2
6829; 1
6831; 2
6829; 1
6831; 2
6831; 1
6833; 2
6831; 1
6833; 2
6832; 1
6834; 2
6833; 1
6835; 2
6837; 1
6839; 2
6840; 1
6842; 2
6842; 1
6844; 2
6843; 1
6845; 2
6843; 1
6845; 2
6852; 1
6854; 2
6854; 1
6856; 2
6857; 1
6859; 2
6858; 1
6860; 2
6861; 1
6863; 2
6862; 1
6864; 2
6863; 1
6865; 2
6867; 1
6869; 2
6868; 1
6870; 2
6869; 1
6871; 2
6876; 1
6878; 2
6876; 1
6878; 2
6883; 1
6885; 2
6883; 1
6885; 2
6886; 1
6888; 2
6888; 1
6890; 2
6889; 1
6891; 2
6890; 1
6892; 2
6891; 1
6893; 2
6892; 1
6894; 2
6896; 1
6898; 2
6900; 1
6902; 2
6904; 1
6906; 2
6908; 1
6910; 2
6913; 1
6915; 2
6914; 1
6916; 2
6914; 1
6916; 2
6919; 1
6921; 2
6923; 1
6925; 2
6923; 1
6925; 2
6927; 1
6929; 2
6929; 1
6931; 2
6932; 1
6934; 2
6933; 1
6935; 2
6937; 1
6939; 2
6938; 1
6940; 2
6938; 1
6940; 2
6939; 1
6941; 2
6939; 1
6941; 2
6941; 1
6943; 2
6941; 1
6943; 2
6941; 1
6943; 2
6942; 1
6944; 2
6944; 1
6946; 2
6945; 1
6947; 2
6946; 1
6948; 2
6947; 1
6949; 2
6948; 1
6950; 2
6949; 1
6951; 2
6954; 1
6956; 2
6956; 1
6958; 2
6958; 1
6960; 2
6959; 1
6961; 2
6960; 1
6962; 2
6961; 1
6963; 2
6962; 1
6964; 2
6965; 1
6967; 2
6965; 1
6967; 2
6966; 1
6968; 2
6969; 1
6971; 2
6970; 1
6972; 2
6976; 1
6978; 2
6976; 1
6978; 2
6977; 1
6979; 2
6977; 1
6979; 2
6977; 1
6979; 2
6978; 1
6980; 2
6979; 1
6981; 2
6980; 1
6982; 2
6982; 1
6984; 2
6984; 1
6986; 2
6987; 1
6989; 2
6989; 1
6991; 2
6990; 1
6992; 2
6991; 1
6993; 2
6991; 1
6993; 2
6993; 1
6995; 2
6994; 1
6996; 2
6994; 1
6996; 2
6994; 1
6996; 2
6995; 1
6997; 2
6995; 1
6997; 2
6996; 1
6998; 2
6998; 1
7000; 2
6999; 1
7001; 2
7000; 1
7002; 2
7002; 1
7004; 2
7003; 1
7005; 2
7003; 1
7005; 2
7005; 1
7007; 2
7006; 1
7008; 2
7007; 1
7009; 2
7008; 1
7010; 2
7009; 1
7011; 2
7010; 1
7012; 2
7011; 1
7013; 2
7013; 1
7015; 2
7015; 1
7017; 2
7019; 1
7021; 2
7020; 1
7022; 2
7020; 1
7022; 2
7027; 1
7029; 2
7030; 1
7032; 2
7032; 1
7034; 2
7033; 1
7035; 2
7037; 1
7039; 2
7038; 1
7040; 2
7038; 1
7040; 2
7038; 1
7040; 2
7043; 1
7045; 2
7044; 1
7046; 2
7046; 1
7048; 2
7046; 1
7048; 2
7048; 1
7050; 2
7053; 1
7055; 2
7054; 1
7056; 2
7059; 1
7061; 2
7059; 1
7061; 2
7062; 1
7064; 2
7063; 1
7065; 2
7063; 1
7065; 2
7064; 1
7066; 2
7069; 1
7071; 2
7072; 1
7074; 2
7076; 1
7078; 2
7077; 1
7079; 2
7080; 1
7082; 2
7080; 1
7082; 2
7083; 1
7085; 2
7086; 1
7088; 2
7086; 1
7088; 2
7091; 1
7093; 2
7092; 1
7094; 2
7093; 1
7095; 2
7093; 1
7095; 2
7095; 1
7097; 2
7097; 1
7099; 2
7097; 1
7099; 2
7098; 1
7100; 2
7103; 1
7105; 2
7105; 1
7107; 2
7105; 1
7107; 2
7106; 1
7108; 2
7106; 1
7108; 2
7108; 1
7110; 2
7108; 1
7110; 2
7111; 1
7113; 2
7112; 1
7114; 2
7113; 1
7115; 2
7113; 1
7115; 2
7115; 1
7117; 2
7116; 1
7118; 2
7118; 1
7120; 2
7118; 1
7120; 2
7120; 1
7122; 2
7121; 1
7123; 2
7121; 1
7123; 2
7123; 1
7125; 2
7126; 1
7128; 2
7128; 1
7130; 2
7132; 1
7134; 2
7134; 1
7136; 2
7134; 1
7136; 2
7135; 1
7137; 2
7139; 1
7141; 2
7139; 1
7141; 2
7140; 1
7142; 2
7143; 1
7145; 2
7143; 1
7145; 2
7145; 1
7147; 2
7146; 1
7148; 2
7147; 1
7149; 2
7153; 1
7155; 2
7154; 1
7156; 2
7154; 1
7156; 2
7154; 1
7156; 2
7156; 1
7158; 2
7157; 1
7159; 2
7159; 1
7161; 2
7160; 1
7162; 2
7162; 1
7164; 2
7163; 1
7165; 2
7166; 1
7168; 2
7167; 1
7169; 2
7169; 1
7171; 2
7170; 1
7172; 2
7174; 1
7176; 2
7176; 1
7178; 2
7176; 1
7178; 2
7182; 1
7184; 2
7186; 1
7188; 2
7186; 1
7188; 2
7188; 1
7190; 2
7190; 1
7192; 2
7193; 1
7195; 2
7194; 1
7196; 2
7194; 1
7196; 2
7194; 1
7196; 2
7195; 1
7197; 2
7196; 1
7198; 2
7198; 1
7200; 2
7200; 1
7202; 2
7200; 1
7202; 2
7201; 1
7203; 2
7202; 1
7204; 2
7203; 1
7205; 2
7203; 1
7205; 2
7213; 1
7215; 2
7216; 1
7218; 2
7220; 1
7222; 2
7221; 1
7223; 2
7223; 1
7225; 2
7224; 1
7226; 2
7225; 1
7227; 2
7225; 1
7227; 2
7226; 1
7228; 2
7230; 1
7232; 2
7233; 1
7235; 2
7233; 1
7235; 2
7236; 1
7238; 2
7237; 1
7239; 2
7239; 1
7241; 2
7241; 1
7243; 2
7244; 1
7246; 2
7245; 1
7247; 2
7246; 1
7248; 2
7247; 1
7249; 2
7249; 1
7251; 2
7249; 1
7251; 2
7250; 1
7252; 2
7252; 1
7254; 2
7261; 1
7263; 2
7263; 1
7265; 2
7264; 1
7266; 2
7264; 1
7266; 2
7268; 1
7270; 2
7268; 1
7270; 2
7270; 1
7272; 2
7272; 1
7274; 2
7273; 1
7275; 2
7274; 1
7276; 2
7284; 1
7286; 2
7288; 1
7290; 2
7289; 1
7291; 2
7292; 1
7294; 2
7292; 1
7294; 2
7293; 1
7295; 2
7298; 1
7300; 2
7303; 1
7305; 2
7304; 1
7306; 2
7305; 1
7307; 2
7306; 1
7308; 2
7309; 1
7311; 2
7311; 1
7313; 2
7313; 1
7315; 2
7314; 1
7316; 2
7316; 1
7318; 2
7316; 1
7318; 2
7317; 1
7319; 2
7317; 1
7319; 2
7319; 1
7321; 2
7323; 1
7325; 2
7326; 1
7328; 2
7327; 1
7329; 2
7329; 1
7331; 2
7331; 1
7333; 2
7336; 1
7338; 2
7339; 1
7341; 2
7340; 1
7342; 2
7345; 1
7347; 2
7345; 1
7347; 2
7346; 1
7348; 2
7348; 1
7350; 2
7353; 1
7355; 2
7356; 1
7358; 2
7357; 1
7359; 2
7358; 1
7360; 2
7359; 1
7361; 2
7361; 1
7363; 2
7364; 1
7366; 2
7366; 1
7368; 2
7366; 1
7368; 2
7367; 1
7369; 2
7368; 1
7370; 2
7373; 1
7375; 2
7376; 1
7378; 2
7378; 1
7380; 2
7382; 1
7384; 2
7382; 1
7384; 2
7383; 1
7385; 2
7384; 1
7386; 2
7386; 1
7388; 2
7388; 1
7390; 2
7389; 1
7391; 2
7389; 1
7391; 2
7392; 1
7394; 2
7392; 1
7394; 2
7395; 1
7397; 2
7395; 1
7397; 2
7396; 1
7398; 2
7397; 1
7399; 2
7398; 1
7400; 2
7405; 1
7407; 2
7408; 1
7410; 2
7409; 1
7411; 2
7413; 1
7415; 2
7414; 1
7416; 2
7415; 1
7417; 2
7417; 1
7419; 2
7417; 1
7419; 2
7418; 1
7420; 2
7418; 1
7420; 2
7418; 1
7420; 2
7419; 1
7421; 2
7419; 1
7421; 2
7420; 1
7422; 2
7427; 1
7429; 2
7428; 1
7430; 2
7428; 1
7430; 2
7432; 1
7434; 2
7433; 1
7435; 2
7433; 1
7435; 2
7436; 1
7438; 2
7438; 1
7440; 2
7441; 1
7443; 2
7441; 1
7443; 2
7442; 1
7444; 2
7443; 1
7445; 2
7445; 1
7447; 2
7450; 1
7452; 2
7456; 1
7458; 2
7458; 1
7460; 2
7464; 1
7466; 2
7467; 1
7469; 2
7478; 1
7480; 2
7478; 1
7480; 2
7479; 1
7481; 2
7479; 1
7481; 2
7479; 1
7481; 2
7481; 1
7483; 2
7484; 1
7486; 2
7485; 1
7487; 2
7486; 1
7488; 2
7490; 1
7492; 2
7491; 1
7493; 2
7491; 1
7493; 2
7492; 1
7494; 2
7495; 1
7497; 2
7496; 1
7498; 2
7497; 1
7499; 2
7500; 1
7502; 2
7501; 1
7503; 2
7504; 1
7506; 2
7506; 1
7508; 2
7507; 1
7509; 2
7512; 1
7514; 2
7514; 1
7516; 2
7519; 1
7521; 2
7527; 1
7529; 2
7527; 1
7529; 2
7529; 1
7531; 2
7531; 1
7533; 2
7531; 1
7533; 2
7532; 1
7534; 2
7532; 1
7534; 2
7534; 1
7536; 2
7538; 1
7540; 2
7543; 1
7545; 2
7549; 1
7551; 2
7554; 1
7556; 2
7559; 1
7561; 2
7560; 1
7562; 2
7561; 1
7563; 2
7568; 1
7570; 2
7573; 1
7575; 2
7574; 1
7576; 2
7579; 1
7581; 2
7579; 1
7581; 2
7581; 1
7583; 2
7582; 1
7584; 2
7583; 1
7585; 2
7588; 1
7590; 2
7590; 1
7592; 2
7590; 1
7592; 2
7592; 1
7594; 2
7592; 1
7594; 2
7595; 1
7597; 2
7596; 1
7598; 2
7597; 1
7599; 2
7602; 1
7604; 2
7604; 1
7606; 2
7604; 1
7606; 2
7605; 1
7607; 2
7606; 1
7608; 2
7610; 1
7612; 2
7616; 1
7618; 2
7622; 1
7624; 2
7625; 1
7627; 2
7627; 1
7629; 2
7629; 1
7631; 2
7632; 1
7634; 2
7632; 1
7634; 2
7633; 1
7635; 2
7639; 1
7641; 2
7643; 1
7645; 2
7643; 1
7645; 2
7645; 1
7647; 2
7649; 1
7651; 2
7649; 1
7651; 2
7653; 1
7655; 2
7654; 1
7656; 2
7655; 1
7657; 2
7656; 1
7658; 2
7656; 1
7658; 2
7657; 1
7659; 2
7659; 1
7661; 2
7665; 1
7667; 2
7670; 1
7672; 2
7673; 1
7675; 2
7674; 1
7676; 2
7675; 1
7677; 2
7675; 1
7677; 2
7676; 1
7678; 2
7678; 1
7680; 2
7681; 1
7683; 2
7684; 1
7686; 2
7688; 1
7690; 2
7691; 1
7693; 2
7696; 1
7698; 2
7700; 1
7702; 2
7707; 1
7709; 2
7708; 1
7710; 2
7709; 1
7711; 2
7709; 1
7711; 2
7711; 1
7713; 2
7711; 1
7713; 2
7715; 1
7717; 2
7718; 1
7720; 2
7724; 1
7726; 2
7726; 1
7728; 2
7734; 1
7736; 2
7734; 1
7736; 2
7735; 1
7737; 2
7745; 1
7747; 2
7748; 1
7750; 2
7749; 1
7751; 2
7750; 1
7752; 2
7751; 1
7753; 2
7753; 1
7755; 2
7754; 1
7756; 2
7755; 1
7757; 2
7760; 1
7762; 2
7762; 1
7764; 2
7763; 1
7765; 2
7763; 1
7765; 2
7766; 1
7768; 2
7767; 1
7769; 2
7770; 1
7772; 2
7771; 1
7773; 2
7771; 1
7773; 2
7773; 1
7775; 2
7778; 1
7780; 2
7783; 1
7785; 2
7785; 1
7787; 2
7786; 1
7788; 2
7797; 1
7799; 2
7799; 1
7801; 2
7799; 1
7801; 2
7799; 1
7801; 2
7799; 1
7801; 2
7801; 1
7803; 2
7803; 1
7805; 2
7804; 1
7806; 2
7805; 1
7807; 2
7806; 1
7808; 2
7810; 1
7812; 2
7812; 1
7814; 2
7812; 1
7814; 2
7817; 1
7819; 2
7818; 1
7820; 2
7824; 1
7826; 2
7826; 1
7828; 2
7826; 1
7828; 2
7826; 1
7828; 2
7831; 1
7833; 2
7832; 1
7834; 2
7836; 1
7838; 2
7837; 1
7839; 2
7839; 1
7841; 2
7841; 1
7843; 2
7845; 1
7847; 2
7845; 1
7847; 2
7846; 1
7848; 2
7848; 1
7850; 2
7848; 1
7850; 2
7849; 1
7851; 2
7853; 1
7855; 2
7854; 1
7856; 2
7860; 1
7862; 2
7861; 1
7863; 2
7862; 1
7864; 2
7867; 1
7869; 2
7868; 1
7870; 2
7868; 1
7870; 2
7872; 1
7874; 2
7874; 1
7876; 2
7878; 1
7880; 2
7879; 1
7881; 2
7880; 1
7882; 2
7881; 1
7883; 2
7883; 1
7885; 2
7884; 1
7886; 2
7886; 1
7888; 2
7888; 1
7890; 2
7893; 1
7895; 2
7893; 1
7895; 2
7894; 1
7896; 2
7896; 1
7898; 2
7897; 1
7899; 2
7902; 1
7904; 2
7915; 1
7917; 2
7917; 1
7919; 2
7918; 1
7920; 2
7920; 1
7922; 2
7921; 1
7923; 2
7922; 1
7924; 2
7923; 1
7925; 2
7926; 1
7928; 2
7927; 1
7929; 2
7930; 1
7932; 2
7933; 1
7935; 2
7934; 1
7936; 2
7937; 1
7939; 2
7938; 1
7940; 2
7938; 1
7940; 2
7939; 1
7941; 2
7939; 1
7941; 2
7939; 1
7941; 2
7939; 1
7941; 2
7942; 1
7944; 2
7946; 1
7948; 2
7946; 1
7948; 2
7947; 1
7949; 2
7959; 1
7961; 2
7959; 1
7961; 2
7960; 1
7962; 2
7964; 1
7966; 2
7965; 1
7967; 2
7965; 1
7967; 2
7967; 1
7969; 2
7968; 1
7970; 2
7970; 1
7972; 2
7973; 1
7975; 2
7975; 1
7977; 2
7977; 1
7979; 2
7981; 1
7983; 2
7985; 1
7987; 2
7987; 1
7989; 2
7992; 1
7994; 2
7994; 1
7996; 2
7997; 1
7999; 2
7997; 1
7999; 2
7998; 1
8000; 2
8000; 1
8002; 2
8000; 1
8002; 2
8003; 1
8005; 2
8010; 1
8012; 2
8012; 1
8014; 2
8014; 1
8016; 2
8014; 1
8016; 2
8014; 1
8016; 2
8015; 1
8017; 2
8016; 1
8018; 2
8018; 1
8020; 2
8018; 1
8020; 2
8022; 1
8024; 2
8023; 1
8025; 2
8035; 1
8037; 2
8037; 1
8039; 2
8044; 1
8046; 2
8044; 1
8046; 2
8045; 1
8047; 2
8049; 1
8051; 2
8050; 1
8052; 2
8052; 1
8054; 2
8053; 1
8055; 2
8056; 1
8058; 2
8058; 1
8060; 2
8065; 1
8067; 2
8065; 1
8067; 2
8066; 1
8068; 2
8070; 1
8072; 2
8071; 1
8073; 2
8079; 1
8081; 2
8083; 1
8085; 2
8084; 1
8086; 2
8086; 1
8088; 2
8087; 1
8089; 2
8087; 1
8089; 2
8088; 1
8090; 2
8101; 1
8103; 2
8105; 1
8107; 2
8105; 1
8107; 2
8108; 1
8110; 2
8109; 1
8111; 2
8110; 1
8112; 2
8110; 1
8112; 2
8114; 1
8116; 2
8114; 1
8116; 2
8116; 1
8118; 2
8117; 1
8119; 2
8117; 1
8119; 2
8121; 1
8123; 2
8121; 1
8123; 2
8123; 1
8125; 2
8124; 1
8126; 2
8125; 1
8127; 2
8128; 1
8130; 2
8130; 1
8132; 2
8130; 1
8132; 2
8130; 1
8132; 2
8132; 1
8134; 2
8134; 1
8136; 2
8134; 1
8136; 2
8134; 1
8136; 2
8137; 1
8139; 2
8139; 1
8141; 2
8148; 1
8150; 2
8148; 1
8150; 2
8150; 1
8152; 2
8151; 1
8153; 2
8151; 1
8153; 2
8151; 1
8153; 2
8152; 1
8154; 2
8153; 1
8155; 2
8155; 1
8157; 2
8157; 1
8159; 2
8158; 1
8160; 2
8159; 1
8161; 2
8161; 1
8163; 2
8161; 1
8163; 2
8162; 1
8164; 2
8166; 1
8168; 2
8167; 1
8169; 2
8168; 1
8170; 2
8178; 1
8180; 2
8180; 1
8182; 2
8182; 1
8184; 2
8187; 1
8189; 2
8187; 1
8189; 2
8189; 1
8191; 2
8189; 1
8191; 2
8190; 1
8192; 2
8196; 1
8198; 2
8196; 1
8198; 2
8198; 1
8200; 2
8198; 1
8200; 2
8199; 1
8201; 2
8204; 1
8206; 2
8205; 1
8207; 2
8205; 1
8207; 2
8208; 1
8210; 2
8209; 1
8211; 2
8209; 1
8211; 2
8211; 1
8213; 2
8213; 1
8215; 2
8213; 1
8215; 2
8217; 1
8219; 2
8217; 1
8219; 2
8221; 1
8223; 2
8222; 1
8224; 2
8223; 1
8225; 2
8225; 1
8227; 2
8232; 1
8234; 2
8233; 1
8235; 2
8236; 1
8238; 2
8236; 1
8238; 2
8242; 1
8244; 2
8243; 1
8245; 2
8244; 1
8246; 2
8247; 1
8249; 2
8248; 1
8250; 2
8251; 1
8253; 2
8254; 1
8256; 2
8254; 1
8256; 2
8255; 1
8257; 2
8256; 1
8258; 2
8264; 1
8266; 2
8265; 1
8267; 2
8265; 1
8267; 2
8266; 1
8268; 2
8267; 1
8269; 2
8267; 1
8269; 2
8268; 1
8270; 2
8271; 1
8273; 2
8276; 1
8278; 2
8282; 1
8284; 2
8283; 1
8285; 2
8298; 1
8300; 2
8299; 1
8301; 2
8300; 1
8302; 2
8304; 1
8306; 2
8306; 1
8308; 2
8307; 1
8309; 2
8308; 1
8310; 2
8315; 1
8317; 2
8315; 1
8317; 2
8317; 1
8319; 2
8317; 1
8319; 2
8317; 1
8319; 2
8317; 1
8319; 2
8318; 1
8320; 2
8319; 1
8321; 2
8320; 1
8322; 2
8320; 1
8322; 2
8321; 1
8323; 2
8324; 1
8326; 2
8325; 1
8327; 2
8331; 1
8333; 2
8335; 1
8337; 2
8337; 1
8339; 2
8340; 1
8342; 2
8346; 1
8348; 2
8352; 1
8354; 2
8360; 1
8362; 2
8364; 1
8366; 2
8364; 1
8366; 2
8366; 1
8368; 2
8367; 1
8369; 2
8373; 1
8375; 2
8379; 1
8381; 2
8384; 1
8386; 2
8387; 1
8389; 2
8388; 1
8390; 2
8394; 1
8396; 2
8394; 1
8396; 2
8394; 1
8396; 2
8397; 1
8399; 2
8399; 1
8401; 2
8400; 1
8402; 2
8403; 1
8405; 2
8404; 1
8406; 2
8409; 1
8411; 2
8410; 1
8412; 2
8410; 1
8412; 2
8418; 1
8420; 2
8418; 1
8420; 2
8422; 1
8424; 2
8423; 1
8425; 2
8424; 1
8426; 2
8425; 1
8427; 2
8427; 1
8429; 2
8431; 1
8433; 2
8431; 1
8433; 2
8433; 1
8435; 2
8435; 1
8437; 2
8435; 1
8437; 2
8436; 1
8438; 2
8437; 1
8439; 2
8438; 1
8440; 2
8440; 1
8442; 2
8442; 1
8444; 2
8445; 1
8447; 2
8448; 1
8450; 2
8455; 1
8457; 2
8459; 1
8461; 2
8459; 1
8461; 2
8460; 1
8462; 2
8466; 1
8468; 2
8470; 1
8472; 2
8470; 1
8472; 2
8471; 1
8473; 2
8472; 1
8474; 2
8476; 1
8478; 2
8479; 1
8481; 2
8480; 1
8482; 2
8484; 1
8486; 2
8485; 1
8487; 2
8485; 1
8487; 2
8485; 1
8487; 2
8487; 1
8489; 2
8490; 1
8492; 2
8491; 1
8493; 2
8491; 1
8493; 2
8491; 1
8493; 2
8493; 1
8495; 2
8493; 1
8495; 2
8497; 1
8499; 2
8500; 1
8502; 2
8501; 1
8503; 2
8503; 1
8505; 2
8506; 1
8508; 2
8508; 1
8510; 2
8511; 1
8513; 2
8511; 1
8513; 2
8511; 1
8513; 2
8512; 1
8514; 2
8513; 1
8515; 2
8516; 1
8518; 2
8517; 1
8519; 2
8517; 1
8519; 2
8517; 1
8519; 2
8521; 1
8523; 2
8522; 1
8524; 2
8526; 1
8528; 2
8526; 1
8528; 2
8527; 1
8529; 2
8530; 1
8532; 2
8533; 1
8535; 2
8533; 1
8535; 2
8534; 1
8536; 2
8535; 1
8537; 2
8535; 1
8537; 2
8536; 1
8538; 2
8538; 1
8540; 2
8538; 1
8540; 2
8538; 1
8540; 2
8539; 1
8541; 2
8541; 1
8543; 2
8546; 1
8548; 2
8546; 1
8548; 2
8549; 1
8551; 2
8549; 1
8551; 2
8556; 1
8558; 2
8556; 1
8558; 2
8557; 1
8559; 2
8557; 1
8559; 2
8559; 1
8561; 2
8561; 1
8563; 2
8561; 1
8563; 2
8565; 1
8567; 2
8566; 1
8568; 2
8567; 1
8569; 2
8568; 1
8570; 2
8569; 1
8571; 2
8569; 1
8571; 2
8570; 1
8572; 2
8574; 1
8576; 2
8575; 1
8577; 2
8577; 1
8579; 2
8578; 1
8580; 2
8579; 1
8581; 2
8582; 1
8584; 2
8584; 1
8586; 2
8592; 1
8594; 2
8595; 1
8597; 2
8596; 1
8598; 2
8596; 1
8598; 2
8603; 1
8605; 2
8607; 1
8609; 2
8609; 1
8611; 2
8610; 1
8612; 2
8612; 1
8614; 2
8615; 1
8617; 2
8620; 1
8622; 2
8624; 1
8626; 2
8624; 1
8626; 2
8627; 1
8629; 2
8627; 1
8629; 2
8627; 1
8629; 2
8628; 1
8630; 2
8632; 1
8634; 2
8635; 1
8637; 2
8636; 1
8638; 2
8637; 1
8639; 2
8640; 1
8642; 2
8643; 1
8645; 2
8645; 1
8647; 2
8649; 1
8651; 2
8650; 1
8652; 2
8651; 1
8653; 2
8653; 1
8655; 2
8656; 1
8658; 2
8657; 1
8659; 2
8657; 1
8659; 2
8662; 1
8664; 2
8663; 1
8665; 2
8666; 1
8668; 2
8667; 1
8669; 2
8671; 1
8673; 2
8672; 1
8674; 2
8674; 1
8676; 2
8676; 1
8678; 2
8677; 1
8679; 2
8681; 1
8683; 2
8684; 1
8686; 2
8684; 1
8686; 2
8687; 1
8689; 2
8688; 1
8690; 2
8689; 1
8691; 2
8690; 1
8692; 2
8693; 1
8695; 2
8693; 1
8695; 2
8693; 1
8695; 2
8698; 1
8700; 2
8701; 1
8703; 2
8706; 1
8708; 2
8713; 1
8715; 2
8713; 1
8715; 2
8714; 1
8716; 2
8714; 1
8716; 2
8718; 1
8720; 2
8721; 1
8723; 2
8725; 1
8727; 2
8725; 1
8727; 2
8728; 1
8730; 2
8730; 1
8732; 2
8731; 1
8733; 2
8732; 1
8734; 2
8733; 1
8735; 2
8734; 1
8736; 2
8736; 1
8738; 2
8742; 1
8744; 2
8743; 1
8745; 2
8744; 1
8746; 2
8747; 1
8749; 2
8749; 1
8751; 2
8752; 1
8754; 2
8752; 1
8754; 2
8753; 1
8755; 2
8753; 1
8755; 2
8753; 1
8755; 2
8755; 1
8757; 2
8755; 1
8757; 2
8757; 1
8759; 2
8758; 1
8760; 2
8760; 1
8762; 2
8760; 1
8762; 2
8761; 1
8763; 2
8766; 1
8768; 2
8768; 1
8770; 2
8770; 1
8772; 2
8770; 1
8772; 2
8770; 1
8772; 2
8777; 1
8779; 2
8779; 1
8781; 2
8784; 1
8786; 2
8784; 1
8786; 2
8787; 1
8789; 2
8792; 1
8794; 2
8792; 1
8794; 2
8795; 1
8797; 2
8797; 1
8799; 2
8798; 1
8800; 2
8799; 1
8801; 2
8799; 1
8801; 2
8801; 1
8803; 2
8802; 1
8804; 2
8803; 1
8805; 2
8805; 1
8807; 2
8806; 1
8808; 2
8806; 1
8808; 2
8807; 1
8809; 2
8808; 1
8810; 2
8809; 1
8811; 2
8809; 1
8811; 2
8810; 1
8812; 2
8810; 1
8812; 2
8811; 1
8813; 2
8817; 1
8819; 2
8817; 1
8819; 2
8818; 1
8820; 2
8818; 1
8820; 2
8824; 1
8826; 2
8825; 1
8827; 2
8826; 1
8828; 2
8831; 1
8833; 2
8832; 1
8834; 2
8833; 1
8835; 2
8833; 1
8835; 2
8835; 1
8837; 2
8837; 1
8839; 2
8840; 1
8842; 2
8842; 1
8844; 2
8844; 1
8846; 2
8844; 1
8846; 2
8845; 1
8847; 2
8846; 1
8848; 2
8848; 1
8850; 2
8853; 1
8855; 2
8854; 1
8856; 2
8856; 1
8858; 2
8856; 1
8858; 2
8858; 1
8860; 2
8860; 1
8862; 2
8863; 1
8865; 2
8865; 1
8867; 2
8867; 1
8869; 2
8867; 1
8869; 2
8869; 1
8871; 2
8869; 1
8871; 2
8871; 1
8873; 2
8871; 1
8873; 2
8871; 1
8873; 2
8872; 1
8874; 2
8874; 1
8876; 2
8875; 1
8877; 2
8881; 1
8883; 2
8883; 1
8885; 2
8888; 1
8890; 2
8888; 1
8890; 2
8890; 1
8892; 2
8890; 1
8892; 2
8897; 1
8899; 2
8898; 1
8900; 2
8905; 1
8907; 2
8906; 1
8908; 2
8910; 1
8912; 2
8912; 1
8914; 2
8913; 1
8915; 2
8917; 1
8919; 2
8918; 1
8920; 2
8919; 1
8921; 2
8921; 1
8923; 2
8925; 1
8927; 2
8926; 1
8928; 2
8929; 1
8931; 2
8930; 1
8932; 2
8931; 1
8933; 2
8932; 1
8934; 2
8932; 1
8934; 2
8935; 1
8937; 2
8936; 1
8938; 2
8937; 1
8939; 2
8939; 1
8941; 2
8940; 1
8942; 2
8943; 1
8945; 2
8944; 1
8946; 2
8946; 1
8948; 2
8946; 1
8948; 2
8950; 1
8952; 2
8954; 1
8956; 2
8955; 1
8957; 2
8957; 1
8959; 2
8958; 1
8960; 2
8962; 1
8964; 2
8967; 1
8969; 2
8972; 1
8974; 2
8976; 1
8978; 2
8980; 1
8982; 2
8983; 1
8985; 2
8983; 1
8985; 2
8984; 1
8986; 2
8984; 1
8986; 2
8987; 1
8989; 2
8990; 1
8992; 2
8992; 1
8994; 2
8995; 1
8997; 2
8996; 1
8998; 2
8997; 1
8999; 2
8999; 1
9001; 2
9001; 1
9003; 2
9001; 1
9003; 2
9004; 1
9006; 2
9011; 1
9013; 2
9014; 1
9016; 2
9015; 1
9017; 2
9017; 1
9019; 2
9018; 1
9020; 2
9018; 1
9020; 2
9019; 1
9021; 2
9020; 1
9022; 2
9023; 1
9025; 2
9027; 1
9029; 2
9027; 1
9029; 2
9031; 1
9033; 2
9033; 1
9035; 2
9036; 1
9038; 2
9037; 1
9039; 2
9037; 1
9039; 2
9038; 1
9040; 2
9042; 1
9044; 2
9043; 1
9045; 2
9048; 1
9050; 2
9049; 1
9051; 2
9050; 1
9052; 2
9053; 1
9055; 2
9053; 1
9055; 2
9056; 1
9058; 2
9056; 1
9058; 2
9059; 1
9061; 2
9063; 1
9065; 2
9063; 1
9065; 2
9063; 1
9065; 2
9065; 1
9067; 2
9068; 1
9070; 2
9069; 1
9071; 2
9070; 1
9072; 2
9072; 1
9074; 2
9076; 1
9078; 2
9077; 1
9079; 2
9078; 1
9080; 2
9080; 1
9082; 2
9080; 1
9082; 2
9082; 1
9084; 2
9084; 1
9086; 2
9085; 1
9087; 2
9085; 1
9087; 2
9087; 1
9089; 2
9088; 1
9090; 2
9089; 1
9091; 2
9089; 1
9091; 2
9090; 1
9092; 2
9090; 1
9092; 2
9090; 1
9092; 2
9093; 1
9095; 2
9094; 1
9096; 2
9096; 1
9098; 2
9097; 1
9099; 2
9098; 1
9100; 2
9100; 1
9102; 2
9101; 1
9103; 2
9104; 1
9106; 2
9106; 1
9108; 2
9108; 1
9110; 2
9115; 1
9117; 2
9116; 1
9118; 2
9117; 1
9119; 2
9118; 1
9120; 2
9120; 1
9122; 2
9122; 1
9124; 2
9125; 1
9127; 2
9128; 1
9130; 2
9134; 1
9136; 2
9135; 1
9137; 2
9135; 1
9137; 2
9136; 1
9138; 2
9137; 1
9139; 2
9141; 1
9143; 2
9141; 1
9143; 2
9142; 1
9144; 2
9143; 1
9145; 2
9144; 1
9146; 2
9146; 1
9148; 2
9150; 1
9152; 2
9153; 1
9155; 2
9154; 1
9156; 2
9155; 1
9157; 2
9156; 1
9158; 2
9156; 1
9158; 2
9157; 1
9159; 2
9157; 1
9159; 2
9157; 1
9159; 2
9158; 1
9160; 2
9162; 1
9164; 2
9164; 1
9166; 2
9168; 1
9170; 2
9171; 1
9173; 2
9171; 1
9173; 2
9172; 1
9174; 2
9174; 1
9176; 2
9178; 1
9180; 2
9178; 1
9180; 2
9179; 1
9181; 2
9180; 1
9182; 2
9181; 1
9183; 2
9185; 1
9187; 2
9188; 1
9190; 2
9189; 1
9191; 2
9193; 1
9195; 2
9200; 1
9202; 2
9201; 1
9203; 2
9201; 1
9203; 2
9201; 1
9203; 2
9201; 1
9203; 2
9202; 1
9204; 2
9203; 1
9205; 2
9207; 1
9209; 2
9207; 1
9209; 2
9213; 1
9215; 2
9221; 1
9223; 2
9225; 1
9227; 2
9228; 1
9230; 2
9228; 1
9230; 2
9229; 1
9231; 2
9230; 1
9232; 2
9230; 1
9232; 2
9235; 1
9237; 2
9237; 1
9239; 2
9243; 1
9245; 2
9247; 1
9249; 2
9249; 1
9251; 2
9250; 1
9252; 2
9252; 1
9254; 2
9256; 1
9258; 2
9259; 1
9261; 2
9261; 1
9263; 2
9262; 1
9264; 2
9264; 1
9266; 2
9266; 1
9268; 2
9269; 1
9271; 2
9270; 1
9272; 2
9271; 1
9273; 2
9271; 1
9273; 2
9273; 1
9275; 2
9278; 1
9280; 2
9284; 1
9286; 2
9285; 1
9287; 2
9285; 1
9287; 2
9289; 1
9291; 2
9290; 1
9292; 2
9292; 1
9294; 2
9295; 1
9297; 2
9297; 1
9299; 2
9301; 1
9303; 2
9302; 1
9304; 2
9305; 1
9307; 2
9309; 1
9311; 2
9310; 1
9312; 2
9310; 1
9312; 2
9311; 1
9313; 2
9311; 1
9313; 2
9314; 1
9316; 2
9316; 1
9318; 2
9316; 1
9318; 2
9321; 1
9323; 2
9321; 1
9323; 2
9321; 1
9323; 2
9321; 1
9323; 2
9322; 1
9324; 2
9323; 1
9325; 2
9323; 1
9325; 2
9325; 1
9327; 2
9326; 1
9328; 2
9327; 1
9329; 2
9327; 1
9329; 2
9328; 1
9330; 2
9329; 1
9331; 2
9329; 1
9331; 2
9330; 1
9332; 2
9331; 1
9333; 2
9332; 1
9334; 2
9334; 1
9336; 2
9338; 1
9340; 2
9338; 1
9340; 2
9342; 1
9344; 2
9346; 1
9348; 2
9346; 1
9348; 2
9348; 1
9350; 2
9349; 1
9351; 2
9349; 1
9351; 2
9350; 1
9352; 2
9351; 1
9353; 2
9355; 1
9357; 2
9358; 1
9360; 2
9359; 1
9361; 2
9367; 1
9369; 2
9368; 1
9370; 2
9370; 1
9372; 2
9375; 1
9377; 2
9377; 1
9379; 2
9377; 1
9379; 2
9377; 1
9379; 2
9379; 1
9381; 2
9380; 1
9382; 2
9384; 1
9386; 2
9385; 1
9387; 2
9387; 1
9389; 2
9388; 1
9390; 2
9390; 1
9392; 2
9394; 1
9396; 2
9406; 1
9408; 2
9408; 1
9410; 2
9409; 1
9411; 2
9411; 1
9413; 2
9415; 1
9417; 2
9417; 1
9419; 2
9418; 1
9420; 2
9421; 1
9423; 2
9421; 1
9423; 2
9424; 1
9426; 2
9425; 1
9427; 2
9428; 1
9430; 2
9429; 1
9431; 2
9432; 1
9434; 2
9433; 1
9435; 2
9438; 1
9440; 2
9439; 1
9441; 2
9441; 1
9443; 2
9443; 1
9445; 2
9444; 1
9446; 2
9449; 1
9451; 2
9451; 1
9453; 2
9451; 1
9453; 2
9454; 1
9456; 2
9456; 1
9458; 2
9461; 1
9463; 2
9461; 1
9463; 2
9463; 1
9465; 2
9466; 1
9468; 2
9468; 1
9470; 2
9470; 1
9472; 2
9472; 1
9474; 2
9472; 1
9474; 2
9473; 1
9475; 2
9474; 1
9476; 2
9475; 1
9477; 2
9478; 1
9480; 2
9478; 1
9480; 2
9482; 1
9484; 2
9482; 1
9484; 2
9484; 1
9486; 2
9484; 1
9486; 2
9485; 1
9487; 2
9486; 1
9488; 2
9488; 1
9490; 2
9493; 1
9495; 2
9493; 1
9495; 2
9493; 1
9495; 2
9495; 1
9497; 2
9497; 1
9499; 2
9497; 1
9499; 2
9497; 1
9499; 2
9497; 1
9499; 2
9499; 1
9501; 2
9501; 1
9503; 2
9501; 1
9503; 2
9503; 1
9505; 2
9505; 1
9507; 2
9506; 1
9508; 2
9506; 1
9508; 2
9506; 1
9508; 2
9509; 1
9511; 2
9509; 1
9511; 2
9509; 1
9511; 2
9513; 1
9515; 2
9515; 1
9517; 2
9516; 1
9518; 2
9523; 1
9525; 2
9523; 1
9525; 2
9524; 1
9526; 2
9525; 1
9527; 2
9528; 1
9530; 2
9529; 1
9531; 2
9529; 1
9531; 2
9529; 1
9531; 2
9530; 1
9532; 2
9531; 1
9533; 2
9532; 1
9534; 2
9534; 1
9536; 2
9537; 1
9539; 2
9542; 1
9544; 2
9542; 1
9544; 2
9543; 1
9545; 2
9545; 1
9547; 2
9551; 1
9553; 2
9552; 1
9554; 2
9555; 1
9557; 2
9559; 1
9561; 2
9560; 1
9562; 2
9561; 1
9563; 2
9563; 1
9565; 2
9563; 1
9565; 2
9565; 1
9567; 2
9566; 1
9568; 2
9567; 1
9569; 2
9569; 1
9571; 2
9571; 1
9573; 2
9577; 1
9579; 2
9579; 1
9581; 2
9579; 1
9581; 2
9581; 1
9583; 2
9582; 1
9584; 2
9582; 1
9584; 2
9584; 1
9586; 2
9587; 1
9589; 2
9587; 1
9589; 2
9589; 1
9591; 2
9589; 1
9591; 2
9590; 1
9592; 2
9591; 1
9593; 2
9592; 1
9594; 2
9594; 1
9596; 2
9595; 1
9597; 2
9595; 1
9597; 2
9598; 1
9600; 2
9602; 1
9604; 2
9608; 1
9610; 2
9610; 1
9612; 2
9611; 1
9613; 2
9612; 1
9614; 2
9617; 1
9619; 2
9618; 1
9620; 2
9620; 1
9622; 2
9622; 1
9624; 2
9622; 1
9624; 2
9623; 1
9625; 2
9626; 1
9628; 2
9628; 1
9630; 2
9630; 1
9632; 2
9631; 1
9633; 2
9631; 1
9633; 2
9632; 1
9634; 2
9634; 1
9636; 2
9635; 1
9637; 2
9636; 1
9638; 2
9636; 1
9638; 2
9636; 1
9638; 2
9637; 1
9639; 2
9637; 1
9639; 2
9638; 1
9640; 2
9639; 1
9641; 2
9641; 1
9643; 2
9641; 1
9643; 2
9645; 1
9647; 2
9647; 1
9649; 2
9658; 1
9660; 2
9658; 1
9660; 2
9659; 1
9661; 2
9661; 1
9663; 2
9662; 1
9664; 2
9664; 1
9666; 2
9665; 1
9667; 2
9667; 1
9669; 2
9668; 1
9670; 2
9668; 1
9670; 2
9669; 1
9671; 2
9674; 1
9676; 2
9678; 1
9680; 2
9679; 1
9681; 2
9680; 1
9682; 2
9681; 1
9683; 2
9687; 1
9689; 2
9691; 1
9693; 2
9692; 1
9694; 2
9695; 1
9697; 2
9695; 1
9697; 2
9695; 1
9697; 2
9696; 1
9698; 2
9697; 1
9699; 2
9698; 1
9700; 2
9706; 1
9708; 2
9706; 1
9708; 2
9710; 1
9712; 2
9712; 1
9714; 2
9713; 1
9715; 2
9716; 1
9718; 2
9716; 1
9718; 2
9718; 1
9720; 2
9719; 1
9721; 2
9720; 1
9722; 2
9722; 1
9724; 2
9722; 1
9724; 2
9723; 1
9725; 2
9723; 1
9725; 2
9726; 1
9728; 2
9728; 1
9730; 2
9729; 1
9731; 2
9731; 1
9733; 2
9734; 1
9736; 2
9735; 1
9737; 2
9735; 1
9737; 2
9737; 1
9739; 2
9737; 1
9739; 2
9740; 1
9742; 2
9742; 1
9744; 2
9747; 1
9749; 2
9748; 1
9750; 2
9748; 1
9750; 2
9750; 1
9752; 2
9750; 1
9752; 2
9751; 1
9753; 2
9752; 1
9754; 2
9752; 1
9754; 2
9753; 1
9755; 2
9755; 1
9757; 2
9755; 1
9757; 2
9755; 1
9757; 2
9761; 1
9763; 2
9762; 1
9764; 2
9762; 1
9764; 2
9763; 1
9765; 2
9763; 1
9765; 2
9769; 1
9771; 2
9773; 1
9775; 2
9774; 1
9776; 2
9775; 1
9777; 2
9778; 1
9780; 2
9778; 1
9780; 2
9780; 1
9782; 2
9782; 1
9784; 2
9782; 1
9784; 2
9783; 1
9785; 2
9786; 1
9788; 2
9788; 1
9790; 2
9792; 1
9794; 2
9792; 1
9794; 2
9793; 1
9795; 2
9794; 1
9796; 2
9794; 1
9796; 2
9794; 1
9796; 2
9796; 1
9798; 2
9799; 1
9801; 2
9810; 1
9812; 2
9810; 1
9812; 2
9812; 1
9814; 2
9812; 1
9814; 2
9812; 1
9814; 2
9820; 1
9822; 2
9820; 1
9822; 2
9825; 1
9827; 2
9830; 1
9832; 2
9833; 1
9835; 2
9834; 1
9836; 2
9836; 1
9838; 2
9836; 1
9838; 2
9836; 1
9838; 2
9837; 1
9839; 2
9838; 1
9840; 2
9838; 1
9840; 2
9838; 1
9840; 2
9838; 1
9840; 2
9842; 1
9844; 2
9843; 1
9845; 2
9845; 1
9847; 2
9846; 1
9848; 2
9846; 1
9848; 2
9849; 1
9851; 2
9850; 1
9852; 2
9851; 1
9853; 2
9853; 1
9855; 2
9853; 1
9855; 2
9854; 1
9856; 2
9857; 1
9859; 2
9862; 1
9864; 2
9863; 1
9865; 2
9863; 1
9865; 2
9864; 1
9866; 2
9865; 1
9867; 2
9866; 1
9868; 2
9866; 1
9868; 2
9868; 1
9870; 2
9869; 1
9871; 2
9869; 1
9871; 2
9869; 1
9871; 2
9870; 1
9872; 2
9874; 1
9876; 2
9874; 1
9876; 2
9879; 1
9881; 2
9879; 1
9881; 2
9881; 1
9883; 2
9885; 1
9887; 2
9888; 1
9890; 2
9889; 1
9891; 2
9891; 1
9893; 2
9896; 1
9898; 2
9898; 1
9900; 2
9898; 1
9900; 2
9898; 1
9900; 2
9899; 1
9901; 2
9900; 1
9902; 2
9901; 1
9903; 2
9903; 1
9905; 2
9904; 1
9906; 2
9909; 1
9911; 2
9910; 1
9912; 2
9912; 1
9914; 2
9915; 1
9917; 2
9915; 1
9917; 2
9917; 1
9919; 2
9918; 1
9920; 2
9921; 1
9923; 2
9924; 1
9926; 2
9925; 1
9927; 2
9927; 1
9929; 2
9928; 1
9930; 2
9929; 1
9931; 2
9930; 1
9932; 2
9936; 1
9938; 2
9938; 1
9940; 2
9943; 1
9945; 2
9943; 1
9945; 2
9948; 1
9950; 2
9949; 1
9951; 2
9949; 1
9951; 2
9950; 1
9952; 2
9964; 1
9966; 2
9965; 1
9967; 2
9968; 1
9970; 2
9969; 1
9971; 2
9971; 1
9973; 2
9975; 1
9977; 2
9978; 1
9980; 2
9982; 1
9984; 2
9991; 1
9993; 2
10000; 1
10002; 2
10004; 1
10006; 2
10005; 1
10007; 2
10009; 1
10011; 2
10010; 1
10012; 2
10010; 1
10012; 2
10011; 1
10013; 2
10011; 1
10013; 2
10013; 1
10015; 2
10016; 1
10018; 2
10018; 1
10020; 2
