Sequence of timestamped events V1.0
Stream 3
Id =3
Name = Camera_3
Tbegin = 0
Tend = 10000
Count = 500
61; 1
67; 2
78; 1
84; 2
83; 1
89; 2
86; 1
92; 2
93; 1
99; 2
94; 1
100; 2
171; 1
177; 2
224; 1
230; 2
243; 1
248; 2
250; 1
256; 2
260; 1
266; 2
290; 1
296; 2
332; 1
338; 2
367; 1
373; 2
411; 1
417; 2
434; 1
440; 2
441; 1
447; 2
442; 1
448; 2
449; 1
455; 2
558; 1
564; 2
561; 1
567; 2
622; 1
628; 2
660; 1
666; 2
697; 1
702; 2
740; 1
746; 2
744; 1
750; 2
749; 1
754; 2
752; 1
758; 2
768; 1
774; 2
769; 1
775; 2
826; 1
832; 2
838; 1
844; 2
884; 1
890; 2
903; 1
909; 2
946; 1
952; 2
994; 1
1000; 2
994; 1
1000; 2
995; 1
1001; 2
996; 1
1002; 2
999; 1
1005; 2
1001; 1
1006; 2
1026; 1
1032; 2
1038; 1
1044; 2
1044; 1
1050; 2
1052; 1
1058; 2
1110; 1
1115; 2
1114; 1
1120; 2
1124; 1
1129; 2
1143; 1
1149; 2
1159; 1
1165; 2
1162; 1
1168; 2
1188; 1
1194; 2
1226; 1
1232; 2
1256; 1
1262; 2
1256; 1
1262; 2
1274; 1
1280; 2
1298; 1
1304; 2
1301; 1
1307; 2
1363; 1
1369; 2
1381; 1
1387; 2
1385; 1
1391; 2
1387; 1
1393; 2
1433; 1
1439; 2
1433; 1
1439; 2
1437; 1
1442; 2
1452; 1
1457; 2
1499; 1
1505; 2
1535; 1
1541; 2
1563; 1
1569; 2
1573; 1
1579; 2
1603; 1
1608; 2
1663; 1
1669; 2
1687; 1
1693; 2
1720; 1
1726; 2
1723; 1
1728; 2
1740; 1
1746; 2
1744; 1
1750; 2
1749; 1
1755; 2
1786; 1
1792; 2
1815; 1
1820; 2
1818; 1
1824; 2
1821; 1
1826; 2
1856; 1
1862; 2
1879; 1
1884; 2
1898; 1
1904; 2
1930; 1
1936; 2
1943; 1
1949; 2
1968; 1
1974; 2
2004; 1
2010; 2
2029; 1
2035; 2
2105; 1
2111; 2
2169; 1
2175; 2
2191; 1
2196; 2
2210; 1
2216; 2
2238; 1
2244; 2
2267; 1
2273; 2
2267; 1
2273; 2
2284; 1
2290; 2
2291; 1
2297; 2
2293; 1
2299; 2
2313; 1
2319; 2
2313; 1
2319; 2
2322; 1
2328; 2
2326; 1
2332; 2
2347; 1
2353; 2
2355; 1
2361; 2
2356; 1
2362; 2
2407; 1
2413; 2
2421; 1
2427; 2
2426; 1
2432; 2
2427; 1
2433; 2
2454; 1
2460; 2
2472; 1
2478; 2
2482; 1
2488; 2
2482; 1
2488; 2
2496; 1
2501; 2
2501; 1
2506; 2
2504; 1
2509; 2
2520; 1
2526; 2
2542; 1
2548; 2
2549; 1
2555; 2
2567; 1
2573; 2
2590; 1
2596; 2
2597; 1
2603; 2
2619; 1
2625; 2
2629; 1
2635; 2
2631; 1
2636; 2
2638; 1
2643; 2
2656; 1
2662; 2
2688; 1
2693; 2
2692; 1
2698; 2
2692; 1
2698; 2
2704; 1
2710; 2
2753; 1
2759; 2
2795; 1
2801; 2
2795; 1
2801; 2
2820; 1
2825; 2
2847; 1
2853; 2
2884; 1
2890; 2
2887; 1
2893; 2
2895; 1
2901; 2
2899; 1
2905; 2
2902; 1
2908; 2
2918; 1
2924; 2
2931; 1
2937; 2
2934; 1
2939; 2
2944; 1
2950; 2
2955; 1
2960; 2
2957; 1
2963; 2
2959; 1
2965; 2
3009; 1
3015; 2
3016; 1
3022; 2
3038; 1
3044; 2
3044; 1
3050; 2
3057; 1
3063; 2
3089; 1
3095; 2
3118; 1
3123; 2
3127; 1
3133; 2
3132; 1
3138; 2
3160; 1
3166; 2
3167; 1
3172; 2
3196; 1
3202; 2
3217; 1
3223; 2
3235; 1
3241; 2
3244; 1
3250; 2
3247; 1
3253; 2
3250; 1
3256; 2
3252; 1
3258; 2
3266; 1
3272; 2
3272; 1
3278; 2
3287; 1
3293; 2
3298; 1
3304; 2
3315; 1
3320; 2
3334; 1
3340; 2
3361; 1
3367; 2
3369; 1
3375; 2
3386; 1
3392; 2
3393; 1
3399; 2
3396; 1
3402; 2
3400; 1
3406; 2
3404; 1
3409; 2
3417; 1
3423; 2
3422; 1
3428; 2
3443; 1
3449; 2
3448; 1
3454; 2
3468; 1
3474; 2
3470; 1
3476; 2
3479; 1
3485; 2
3495; 1
3501; 2
3496; 1
3502; 2
3531; 1
3537; 2
3554; 1
3560; 2
3597; 1
3602; 2
3630; 1
3636; 2
3644; 1
3650; 2
3674; 1
3680; 2
3698; 1
3704; 2
3707; 1
3713; 2
3718; 1
3724; 2
3729; 1
3735; 2
3732; 1
3738; 2
3742; 1
3748; 2
3785; 1
3791; 2
3813; 1
3819; 2
3822; 1
3828; 2
3848; 1
3854; 2
3855; 1
3860; 2
3891; 1
3897; 2
3916; 1
3922; 2
3917; 1
3923; 2
3928; 1
3934; 2
3932; 1
3938; 2
3940; 1
3945; 2
3949; 1
3955; 2
3950; 1
3956; 2
3978; 1
3984; 2
3980; 1
3986; 2
3985; 1
3990; 2
3986; 1
3992; 2
4038; 1
4044; 2
4038; 1
4044; 2
4085; 1
4091; 2
4099; 1
4105; 2
4114; 1
4120; 2
4141; 1
4147; 2
4142; 1
4148; 2
4149; 1
4155; 2
4150; 1
4156; 2
4157; 1
4163; 2
4176; 1
4182; 2
4181; 1
4186; 2
4192; 1
4198; 2
4204; 1
4209; 2
4211; 1
4217; 2
4211; 1
4217; 2
4291; 1
4297; 2
4314; 1
4320; 2
4324; 1
4330; 2
4331; 1
4336; 2
4364; 1
4370; 2
4402; 1
4408; 2
4411; 1
4417; 2
4442; 1
4448; 2
4446; 1
4452; 2
4460; 1
4466; 2
4465; 1
4470; 2
4467; 1
4473; 2
4523; 1
4528; 2
4530; 1
4536; 2
4543; 1
4548; 2
4567; 1
4573; 2
4571; 1
4577; 2
4573; 1
4579; 2
4580; 1
4586; 2
4580; 1
4586; 2
4604; 1
4610; 2
4606; 1
4612; 2
4607; 1
4613; 2
4610; 1
4616; 2
4640; 1
4645; 2
4731; 1
4737; 2
4796; 1
4802; 2
4808; 1
4813; 2
4852; 1
4858; 2
4874; 1
4880; 2
4876; 1
4882; 2
4886; 1
4892; 2
4920; 1
4926; 2
4947; 1
4953; 2
4996; 1
5002; 2
5007; 1
5012; 2
5009; 1
5015; 2
5013; 1
5018; 2
5015; 1
5021; 2
5059; 1
5064; 2
5077; 1
5082; 2
5082; 1
5088; 2
5089; 1
5095; 2
5132; 1
5137; 2
5189; 1
5195; 2
5197; 1
5203; 2
5210; 1
5216; 2
5243; 1
5248; 2
5258; 1
5264; 2
5294; 1
5300; 2
5323; 1
5329; 2
5366; 1
5372; 2
5404; 1
5410; 2
5419; 1
5425; 2
5443; 1
5448; 2
5487; 1
5493; 2
5518; 1
5524; 2
5531; 1
5537; 2
5562; 1
5568; 2
5571; 1
5577; 2
5581; 1
5586; 2
5642; 1
5648; 2
5667; 1
5673; 2
5723; 1
5729; 2
5764; 1
5770; 2
5767; 1
5773; 2
5769; 1
5775; 2
5786; 1
5792; 2
5822; 1
5827; 2
5852; 1
5858; 2
5893; 1
5899; 2
5992; 1
5998; 2
6020; 1
6026; 2
6022; 1
6028; 2
6059; 1
6065; 2
6063; 1
6069; 2
6145; 1
6151; 2
6180; 1
6185; 2
6191; 1
6197; 2
6200; 1
6206; 2
6212; 1
6218; 2
6224; 1
6230; 2
6243; 1
6249; 2
6262; 1
6268; 2
6286; 1
6291; 2
6317; 1
6323; 2
6382; 1
6388; 2
6402; 1
6408; 2
6408; 1
6414; 2
6429; 1
6435; 2
6469; 1
6474; 2
6487; 1
6493; 2
6492; 1
6497; 2
6499; 1
6505; 2
6518; 1
6524; 2
6553; 1
6559; 2
6577; 1
6583; 2
6637; 1
6642; 2
6643; 1
6648; 2
6671; 1
6677; 2
6676; 1
6681; 2
6726; 1
6732; 2
6799; 1
6805; 2
6844; 1
6850; 2
6871; 1
6876; 2
6877; 1
6883; 2
6885; 1
6891; 2
6908; 1
6914; 2
6911; 1
6917; 2
6943; 1
6949; 2
6953; 1
6958; 2
6963; 1
6968; 2
6966; 1
6972; 2
6972; 1
6978; 2
7028; 1
7034; 2
7061; 1
7066; 2
7071; 1
7077; 2
7083; 1
7089; 2
7089; 1
7095; 2
7100; 1
7106; 2
7131; 1
7136; 2
7160; 1
7166; 2
7164; 1
7170; 2
7164; 1
7170; 2
7169; 1
7174; 2
7187; 1
7193; 2
7255; 1
7261; 2
7270; 1
7276; 2
7270; 1
7276; 2
7300; 1
7306; 2
7311; 1
7317; 2
7337; 1
7342; 2
7337; 1
7342; 2
7362; 1
7368; 2
7369; 1
7375; 2
7412; 1
7418; 2
7467; 1
7473; 2
7480; 1
7486; 2
7508; 1
7513; 2
7515; 1
7521; 2
7520; 1
7526; 2
7530; 1
7536; 2
7536; 1
7542; 2
7551; 1
7557; 2
7552; 1
7558; 2
7556; 1
7562; 2
7582; 1
7588; 2
7602; 1
7608; 2
7639; 1
7645; 2
7660; 1
7666; 2
7663; 1
7669; 2
7707; 1
7713; 2
7714; 1
7719; 2
7724; 1
7730; 2
7728; 1
7733; 2
7732; 1
7738; 2
7764; 1
7770; 2
7773; 1
7779; 2
7778; 1
7783; 2
7785; 1
7791; 2
7852; 1
7858; 2
7873; 1
7878; 2
7894; 1
7900; 2
7902; 1
7907; 2
7932; 1
7938; 2
7964; 1
7970; 2
7995; 1
8001; 2
8003; 1
8009; 2
8014; 1
8020; 2
8028; 1
8034; 2
8042; 1
8048; 2
8054; 1
8059; 2
8083; 1
8089; 2
8121; 1
8127; 2
8125; 1
8131; 2
8128; 1
8134; 2
8130; 1
8136; 2
8137; 1
8143; 2
8183; 1
8189; 2
8190; 1
8196; 2
8201; 1
8207; 2
8212; 1
8217; 2
8221; 1
8227; 2
8250; 1
8256; 2
8267; 1
8272; 2
8270; 1
8276; 2
8277; 1
8283; 2
8305; 1
8311; 2
8311; 1
8317; 2
8316; 1
8322; 2
8409; 1
8415; 2
8411; 1
8417; 2
8421; 1
8427; 2
8466; 1
8472; 2
8514; 1
8519; 2
8526; 1
8532; 2
8527; 1
8532; 2
8539; 1
8544; 2
8548; 1
8554; 2
8616; 1
8622; 2
8699; 1
8704; 2
8724; 1
8730; 2
8766; 1
8772; 2
8779; 1
8784; 2
8816; 1
8822; 2
8836; 1
8842; 2
8849; 1
8854; 2
8891; 1
8897; 2
8961; 1
8967; 2
8963; 1
8968; 2
8965; 1
8971; 2
8991; 1
8997; 2
8993; 1
8999; 2
9030; 1
9036; 2
9034; 1
9040; 2
9040; 1
9046; 2
9064; 1
9070; 2
9067; 1
9073; 2
9072; 1
9078; 2
9090; 1
9096; 2
9094; 1
9100; 2
9111; 1
9117; 2
9117; 1
9123; 2
9141; 1
9146; 2
9179; 1
9184; 2
9182; 1
9188; 2
9201; 1
9206; 2
9215; 1
9221; 2
9229; 1
9235; 2
9236; 1
9242; 2
9301; 1
9306; 2
9339; 1
9344; 2
9352; 1
9358; 2
9361; 1
9367; 2
9366; 1
9372; 2
9387; 1
9393; 2
9393; 1
9399; 2
9400; 1
9406; 2
9425; 1
9430; 2
9466; 1
9471; 2
9525; 1
9531; 2
9544; 1
9550; 2
9555; 1
9561; 2
9602; 1
9607; 2
9607; 1
9613; 2
9610; 1
9616; 2
9634; 1
9640; 2
9635; 1
9641; 2
9669; 1
9675; 2
9706; 1
9712; 2
9716; 1
9721; 2
9732; 1
9738; 2
9739; 1
9745; 2
9747; 1
9753; 2
9774; 1
9780; 2
9822; 1
9828; 2
9835; 1
9841; 2
9867; 1
9873; 2
9872; 1
9878; 2
9892; 1
9898; 2
10003; 1
10009; 2
10024; 1
10030; 2
10025; 1
10031; 2
10028; 1
10034; 2
10031; 1
10037; 2
