Sequence of timestamped events V1.0
Stream 0
Id =0
Name = Camera_0
Tbegin = 0
Tend = 10000
Count = 500
28; 1
33; 2
45; 1
50; 2
50; 1
55; 2
53; 1
58; 2
60; 1
65; 2
61; 1
66; 2
138; 1
143; 2
191; 1
196; 2
212; 1
217; 2
217; 1
222; 2
227; 1
232; 2
253; 1
259; 2
299; 1
304; 2
334; 1
339; 2
374; 1
380; 2
401; 1
406; 2
408; 1
413; 2
409; 1
414; 2
416; 1
421; 2
525; 1
530; 2
528; 1
533; 2
589; 1
594; 2
623; 1
629; 2
666; 1
671; 2
703; 1
709; 2
711; 1
716; 2
718; 1
723; 2
719; 1
724; 2
731; 1
737; 2
736; 1
741; 2
793; 1
798; 2
805; 1
810; 2
847; 1
853; 2
870; 1
875; 2
913; 1
918; 2
958; 1
964; 2
959; 1
965; 2
961; 1
966; 2
961; 1
966; 2
966; 1
971; 2
970; 1
975; 2
993; 1
998; 2
1005; 1
1010; 2
1011; 1
1016; 2
1019; 1
1024; 2
1079; 1
1084; 2
1081; 1
1086; 2
1093; 1
1098; 2
1110; 1
1115; 2
1122; 1
1128; 2
1129; 1
1134; 2
1155; 1
1160; 2
1189; 1
1195; 2
1223; 1
1228; 2
1223; 1
1228; 2
1241; 1
1246; 2
1265; 1
1270; 2
1268; 1
1273; 2
1326; 1
1332; 2
1344; 1
1350; 2
1350; 1
1356; 2
1352; 1
1357; 2
1396; 1
1402; 2
1400; 1
1405; 2
1406; 1
1411; 2
1421; 1
1426; 2
1466; 1
1471; 2
1502; 1
1507; 2
1530; 1
1535; 2
1540; 1
1545; 2
1572; 1
1577; 2
1630; 1
1635; 2
1650; 1
1656; 2
1687; 1
1692; 2
1692; 1
1697; 2
1707; 1
1712; 2
1711; 1
1716; 2
1716; 1
1721; 2
1753; 1
1758; 2
1784; 1
1789; 2
1785; 1
1790; 2
1790; 1
1795; 2
1823; 1
1828; 2
1848; 1
1853; 2
1861; 1
1867; 2
1897; 1
1902; 2
1910; 1
1915; 2
1935; 1
1940; 2
1971; 1
1976; 2
1996; 1
2001; 2
2068; 1
2074; 2
2136; 1
2141; 2
2160; 1
2165; 2
2177; 1
2182; 2
2205; 1
2210; 2
2234; 1
2239; 2
2234; 1
2239; 2
2251; 1
2256; 2
2258; 1
2263; 2
2260; 1
2265; 2
2280; 1
2285; 2
2280; 1
2285; 2
2289; 1
2294; 2
2289; 1
2295; 2
2314; 1
2319; 2
2319; 1
2325; 2
2322; 1
2327; 2
2374; 1
2379; 2
2388; 1
2393; 2
2393; 1
2398; 2
2394; 1
2399; 2
2421; 1
2426; 2
2439; 1
2444; 2
2449; 1
2454; 2
2449; 1
2454; 2
2465; 1
2470; 2
2470; 1
2475; 2
2473; 1
2478; 2
2487; 1
2492; 2
2509; 1
2514; 2
2516; 1
2521; 2
2534; 1
2539; 2
2557; 1
2562; 2
2564; 1
2569; 2
2586; 1
2591; 2
2596; 1
2601; 2
2600; 1
2605; 2
2607; 1
2612; 2
2623; 1
2628; 2
2657; 1
2662; 2
2659; 1
2664; 2
2659; 1
2664; 2
2667; 1
2673; 2
2720; 1
2725; 2
2762; 1
2767; 2
2762; 1
2767; 2
2789; 1
2794; 2
2814; 1
2819; 2
2847; 1
2853; 2
2854; 1
2859; 2
2862; 1
2867; 2
2866; 1
2871; 2
2869; 1
2874; 2
2885; 1
2890; 2
2898; 1
2903; 2
2903; 1
2908; 2
2911; 1
2916; 2
2924; 1
2929; 2
2924; 1
2929; 2
2926; 1
2931; 2
2976; 1
2981; 2
2983; 1
2988; 2
3001; 1
3007; 2
3011; 1
3016; 2
3024; 1
3029; 2
3056; 1
3061; 2
3087; 1
3092; 2
3094; 1
3099; 2
3099; 1
3104; 2
3127; 1
3132; 2
3136; 1
3141; 2
3163; 1
3168; 2
3184; 1
3189; 2
3202; 1
3207; 2
3211; 1
3216; 2
3214; 1
3219; 2
3217; 1
3222; 2
3219; 1
3224; 2
3233; 1
3238; 2
3239; 1
3244; 2
3254; 1
3259; 2
3261; 1
3267; 2
3284; 1
3289; 2
3301; 1
3306; 2
3324; 1
3330; 2
3336; 1
3341; 2
3353; 1
3358; 2
3360; 1
3365; 2
3363; 1
3368; 2
3367; 1
3372; 2
3373; 1
3378; 2
3384; 1
3389; 2
3389; 1
3394; 2
3406; 1
3412; 2
3415; 1
3420; 2
3431; 1
3437; 2
3437; 1
3442; 2
3446; 1
3451; 2
3462; 1
3467; 2
3463; 1
3468; 2
3498; 1
3503; 2
3521; 1
3526; 2
3566; 1
3571; 2
3597; 1
3602; 2
3611; 1
3616; 2
3637; 1
3643; 2
3665; 1
3670; 2
3674; 1
3679; 2
3685; 1
3690; 2
3692; 1
3698; 2
3699; 1
3704; 2
3705; 1
3711; 2
3752; 1
3757; 2
3776; 1
3782; 2
3785; 1
3791; 2
3811; 1
3817; 2
3827; 1
3832; 2
3854; 1
3860; 2
3883; 1
3888; 2
3884; 1
3889; 2
3891; 1
3897; 2
3895; 1
3901; 2
3909; 1
3914; 2
3916; 1
3921; 2
3917; 1
3922; 2
3945; 1
3950; 2
3947; 1
3952; 2
3953; 1
3958; 2
3954; 1
3959; 2
4005; 1
4010; 2
4005; 1
4010; 2
4048; 1
4054; 2
4066; 1
4071; 2
4081; 1
4086; 2
4108; 1
4113; 2
4109; 1
4114; 2
4116; 1
4121; 2
4117; 1
4122; 2
4120; 1
4126; 2
4139; 1
4145; 2
4150; 1
4155; 2
4159; 1
4164; 2
4173; 1
4178; 2
4178; 1
4183; 2
4178; 1
4183; 2
4258; 1
4263; 2
4281; 1
4286; 2
4291; 1
4296; 2
4300; 1
4305; 2
4331; 1
4336; 2
4369; 1
4374; 2
4378; 1
4383; 2
4409; 1
4414; 2
4413; 1
4418; 2
4427; 1
4432; 2
4434; 1
4439; 2
4434; 1
4439; 2
4493; 1
4499; 2
4495; 1
4500; 2
4512; 1
4517; 2
4534; 1
4539; 2
4538; 1
4543; 2
4540; 1
4545; 2
4547; 1
4552; 2
4547; 1
4552; 2
4570; 1
4576; 2
4571; 1
4576; 2
4573; 1
4578; 2
4577; 1
4582; 2
4609; 1
4614; 2
4698; 1
4703; 2
4763; 1
4768; 2
4777; 1
4782; 2
4819; 1
4824; 2
4841; 1
4846; 2
4843; 1
4848; 2
4853; 1
4858; 2
4887; 1
4892; 2
4914; 1
4919; 2
4963; 1
4968; 2
4976; 1
4981; 2
4976; 1
4981; 2
4982; 1
4987; 2
4982; 1
4987; 2
5028; 1
5033; 2
5046; 1
5051; 2
5049; 1
5054; 2
5056; 1
5061; 2
5101; 1
5106; 2
5156; 1
5161; 2
5164; 1
5169; 2
5177; 1
5182; 2
5212; 1
5217; 2
5221; 1
5227; 2
5257; 1
5263; 2
5290; 1
5295; 2
5329; 1
5335; 2
5371; 1
5376; 2
5386; 1
5391; 2
5412; 1
5417; 2
5450; 1
5456; 2
5485; 1
5490; 2
5498; 1
5503; 2
5529; 1
5534; 2
5538; 1
5543; 2
5550; 1
5555; 2
5609; 1
5614; 2
5634; 1
5639; 2
5690; 1
5695; 2
5731; 1
5736; 2
5734; 1
5739; 2
5736; 1
5741; 2
5753; 1
5758; 2
5791; 1
5796; 2
5819; 1
5824; 2
5860; 1
5865; 2
5955; 1
5961; 2
5987; 1
5992; 2
5989; 1
5994; 2
6026; 1
6031; 2
6030; 1
6035; 2
6112; 1
6117; 2
6149; 1
6154; 2
6158; 1
6163; 2
6167; 1
6172; 2
6179; 1
6184; 2
6187; 1
6193; 2
6210; 1
6215; 2
6225; 1
6231; 2
6255; 1
6260; 2
6284; 1
6289; 2
6349; 1
6354; 2
6369; 1
6374; 2
6375; 1
6380; 2
6396; 1
6401; 2
6438; 1
6443; 2
6454; 1
6459; 2
6461; 1
6466; 2
6466; 1
6471; 2
6481; 1
6487; 2
6520; 1
6525; 2
6544; 1
6549; 2
6606; 1
6611; 2
6612; 1
6617; 2
6638; 1
6643; 2
6645; 1
6650; 2
6693; 1
6698; 2
6766; 1
6771; 2
6811; 1
6816; 2
6840; 1
6845; 2
6844; 1
6849; 2
6852; 1
6857; 2
6875; 1
6880; 2
6878; 1
6883; 2
6910; 1
6915; 2
6922; 1
6927; 2
6932; 1
6937; 2
6933; 1
6938; 2
6939; 1
6944; 2
6995; 1
7000; 2
7030; 1
7035; 2
7038; 1
7043; 2
7050; 1
7055; 2
7056; 1
7061; 2
7067; 1
7072; 2
7100; 1
7105; 2
7127; 1
7132; 2
7127; 1
7133; 2
7131; 1
7136; 2
7138; 1
7143; 2
7154; 1
7159; 2
7222; 1
7227; 2
7233; 1
7239; 2
7237; 1
7242; 2
7267; 1
7272; 2
7278; 1
7283; 2
7306; 1
7311; 2
7306; 1
7311; 2
7329; 1
7334; 2
7336; 1
7341; 2
7379; 1
7384; 2
7434; 1
7439; 2
7447; 1
7452; 2
7477; 1
7482; 2
7482; 1
7487; 2
7487; 1
7492; 2
7497; 1
7502; 2
7499; 1
7505; 2
7515; 1
7521; 2
7518; 1
7523; 2
7523; 1
7528; 2
7549; 1
7554; 2
7569; 1
7574; 2
7606; 1
7611; 2
7627; 1
7632; 2
7630; 1
7635; 2
7670; 1
7676; 2
7683; 1
7688; 2
7687; 1
7693; 2
7697; 1
7702; 2
7699; 1
7704; 2
7727; 1
7733; 2
7740; 1
7745; 2
7747; 1
7752; 2
7748; 1
7754; 2
7819; 1
7824; 2
7842; 1
7847; 2
7861; 1
7866; 2
7871; 1
7876; 2
7899; 1
7904; 2
7931; 1
7936; 2
7962; 1
7967; 2
7970; 1
7975; 2
7981; 1
7986; 2
7991; 1
7997; 2
8009; 1
8014; 2
8023; 1
8028; 2
8046; 1
8052; 2
8088; 1
8093; 2
8088; 1
8094; 2
8091; 1
8097; 2
8097; 1
8102; 2
8104; 1
8109; 2
8146; 1
8152; 2
8153; 1
8159; 2
8164; 1
8170; 2
8181; 1
8186; 2
8188; 1
8193; 2
8217; 1
8222; 2
8236; 1
8241; 2
8237; 1
8242; 2
8244; 1
8249; 2
8272; 1
8277; 2
8278; 1
8283; 2
8283; 1
8288; 2
8374; 1
8380; 2
8376; 1
8381; 2
8388; 1
8393; 2
8433; 1
8438; 2
8483; 1
8488; 2
8493; 1
8498; 2
8496; 1
8501; 2
8508; 1
8513; 2
8515; 1
8520; 2
8583; 1
8588; 2
8668; 1
8673; 2
8691; 1
8696; 2
8733; 1
8738; 2
8748; 1
8753; 2
8779; 1
8785; 2
8799; 1
8805; 2
8818; 1
8823; 2
8858; 1
8863; 2
8928; 1
8933; 2
8932; 1
8937; 2
8932; 1
8937; 2
8958; 1
8963; 2
8960; 1
8965; 2
8997; 1
9002; 2
9001; 1
9006; 2
9007; 1
9012; 2
9027; 1
9033; 2
9034; 1
9039; 2
9039; 1
9044; 2
9057; 1
9062; 2
9061; 1
9066; 2
9074; 1
9080; 2
9084; 1
9089; 2
9110; 1
9115; 2
9148; 1
9153; 2
9149; 1
9154; 2
9170; 1
9175; 2
9182; 1
9187; 2
9192; 1
9198; 2
9203; 1
9208; 2
9270; 1
9275; 2
9308; 1
9313; 2
9319; 1
9324; 2
9328; 1
9333; 2
9333; 1
9338; 2
9354; 1
9359; 2
9360; 1
9365; 2
9367; 1
9372; 2
9394; 1
9399; 2
9435; 1
9440; 2
9492; 1
9497; 2
9511; 1
9516; 2
9522; 1
9527; 2
9571; 1
9576; 2
9574; 1
9579; 2
9577; 1
9582; 2
9601; 1
9606; 2
9602; 1
9607; 2
9632; 1
9638; 2
9673; 1
9678; 2
9685; 1
9690; 2
9699; 1
9704; 2
9706; 1
9711; 2
9714; 1
9719; 2
9741; 1
9746; 2
9785; 1
9791; 2
9802; 1
9807; 2
9834; 1
9839; 2
9839; 1
9844; 2
9859; 1
9864; 2
9970; 1
9975; 2
9987; 1
9993; 2
9992; 1
9997; 2
9995; 1
10000; 2
9998; 1
10003; 2
