Sequence of timestamped events V1.0
Stream 6
Id =6
Name = Camera_6
Tbegin = 0
Tend = 10000
Count = 500
96; 1
102; 2
113; 1
119; 2
118; 1
124; 2
121; 1
127; 2
128; 1
134; 2
129; 1
135; 2
206; 1
212; 2
259; 1
265; 2
274; 1
279; 2
285; 1
291; 2
295; 1
301; 2
330; 1
336; 2
367; 1
373; 2
402; 1
408; 2
451; 1
457; 2
469; 1
475; 2
476; 1
482; 2
477; 1
483; 2
484; 1
490; 2
593; 1
599; 2
596; 1
602; 2
657; 1
663; 2
700; 1
706; 2
728; 1
733; 2
779; 1
785; 2
780; 1
785; 2
780; 1
786; 2
787; 1
793; 2
804; 1
810; 2
808; 1
814; 2
861; 1
867; 2
873; 1
879; 2
924; 1
930; 2
938; 1
944; 2
981; 1
987; 2
1029; 1
1035; 2
1029; 1
1035; 2
1032; 1
1037; 2
1034; 1
1040; 2
1035; 1
1041; 2
1036; 1
1042; 2
1061; 1
1067; 2
1073; 1
1079; 2
1079; 1
1085; 2
1087; 1
1093; 2
1141; 1
1146; 2
1149; 1
1155; 2
1155; 1
1160; 2
1178; 1
1184; 2
1197; 1
1203; 2
1199; 1
1205; 2
1223; 1
1229; 2
1266; 1
1272; 2
1291; 1
1297; 2
1291; 1
1297; 2
1309; 1
1315; 2
1333; 1
1339; 2
1336; 1
1342; 2
1403; 1
1409; 2
1420; 1
1426; 2
1421; 1
1427; 2
1427; 1
1433; 2
1468; 1
1473; 2
1468; 1
1474; 2
1473; 1
1479; 2
1483; 1
1488; 2
1534; 1
1540; 2
1570; 1
1576; 2
1598; 1
1604; 2
1608; 1
1614; 2
1634; 1
1639; 2
1698; 1
1704; 2
1727; 1
1733; 2
1754; 1
1759; 2
1755; 1
1761; 2
1775; 1
1781; 2
1779; 1
1785; 2
1784; 1
1790; 2
1821; 1
1827; 2
1846; 1
1851; 2
1852; 1
1857; 2
1853; 1
1859; 2
1891; 1
1897; 2
1910; 1
1915; 2
1938; 1
1944; 2
1965; 1
1971; 2
1978; 1
1984; 2
2003; 1
2009; 2
2039; 1
2045; 2
2064; 1
2070; 2
2145; 1
2151; 2
2204; 1
2210; 2
2222; 1
2227; 2
2245; 1
2251; 2
2273; 1
2279; 2
2302; 1
2308; 2
2302; 1
2308; 2
2319; 1
2325; 2
2326; 1
2332; 2
2328; 1
2334; 2
2348; 1
2354; 2
2348; 1
2354; 2
2357; 1
2363; 2
2366; 1
2372; 2
2382; 1
2388; 2
2390; 1
2396; 2
2396; 1
2402; 2
2442; 1
2448; 2
2456; 1
2462; 2
2461; 1
2467; 2
2462; 1
2468; 2
2489; 1
2495; 2
2507; 1
2513; 2
2517; 1
2523; 2
2517; 1
2523; 2
2527; 1
2532; 2
2532; 1
2537; 2
2535; 1
2540; 2
2555; 1
2561; 2
2577; 1
2583; 2
2584; 1
2590; 2
2602; 1
2608; 2
2625; 1
2631; 2
2632; 1
2638; 2
2654; 1
2660; 2
2662; 1
2667; 2
2664; 1
2670; 2
2669; 1
2674; 2
2691; 1
2697; 2
2719; 1
2724; 2
2727; 1
2733; 2
2727; 1
2733; 2
2744; 1
2750; 2
2788; 1
2794; 2
2830; 1
2836; 2
2830; 1
2836; 2
2851; 1
2856; 2
2882; 1
2888; 2
2922; 1
2928; 2
2924; 1
2930; 2
2930; 1
2936; 2
2934; 1
2940; 2
2937; 1
2943; 2
2953; 1
2959; 2
2965; 1
2970; 2
2966; 1
2972; 2
2979; 1
2985; 2
2986; 1
2991; 2
2992; 1
2998; 2
2994; 1
3000; 2
3044; 1
3050; 2
3051; 1
3057; 2
3078; 1
3084; 2
3079; 1
3085; 2
3092; 1
3098; 2
3124; 1
3130; 2
3149; 1
3154; 2
3162; 1
3168; 2
3167; 1
3173; 2
3195; 1
3201; 2
3198; 1
3203; 2
3231; 1
3237; 2
3252; 1
3258; 2
3270; 1
3276; 2
3279; 1
3285; 2
3282; 1
3288; 2
3285; 1
3291; 2
3287; 1
3293; 2
3301; 1
3307; 2
3307; 1
3313; 2
3322; 1
3328; 2
3338; 1
3344; 2
3346; 1
3351; 2
3369; 1
3375; 2
3401; 1
3407; 2
3404; 1
3410; 2
3421; 1
3427; 2
3428; 1
3434; 2
3431; 1
3437; 2
3435; 1
3440; 2
3435; 1
3441; 2
3452; 1
3458; 2
3457; 1
3463; 2
3483; 1
3489; 2
3483; 1
3489; 2
3505; 1
3511; 2
3508; 1
3514; 2
3514; 1
3520; 2
3530; 1
3536; 2
3531; 1
3537; 2
3566; 1
3572; 2
3589; 1
3595; 2
3628; 1
3633; 2
3665; 1
3671; 2
3679; 1
3685; 2
3714; 1
3720; 2
3733; 1
3739; 2
3742; 1
3748; 2
3753; 1
3759; 2
3767; 1
3773; 2
3769; 1
3775; 2
3782; 1
3788; 2
3820; 1
3826; 2
3853; 1
3859; 2
3862; 1
3868; 2
3885; 1
3890; 2
3888; 1
3894; 2
3931; 1
3937; 2
3951; 1
3957; 2
3952; 1
3958; 2
3968; 1
3974; 2
3971; 1
3976; 2
3972; 1
3978; 2
3984; 1
3990; 2
3985; 1
3991; 2
4013; 1
4019; 2
4015; 1
4021; 2
4016; 1
4021; 2
4021; 1
4027; 2
4073; 1
4079; 2
4073; 1
4079; 2
4125; 1
4131; 2
4134; 1
4140; 2
4149; 1
4155; 2
4176; 1
4182; 2
4177; 1
4183; 2
4184; 1
4190; 2
4185; 1
4191; 2
4197; 1
4203; 2
4212; 1
4217; 2
4216; 1
4222; 2
4227; 1
4233; 2
4235; 1
4240; 2
4246; 1
4252; 2
4246; 1
4252; 2
4326; 1
4332; 2
4349; 1
4355; 2
4359; 1
4365; 2
4362; 1
4367; 2
4399; 1
4405; 2
4437; 1
4443; 2
4446; 1
4452; 2
4477; 1
4483; 2
4481; 1
4487; 2
4495; 1
4501; 2
4496; 1
4501; 2
4502; 1
4508; 2
4553; 1
4558; 2
4570; 1
4576; 2
4574; 1
4579; 2
4602; 1
4608; 2
4606; 1
4612; 2
4608; 1
4614; 2
4615; 1
4621; 2
4615; 1
4621; 2
4639; 1
4645; 2
4641; 1
4647; 2
4645; 1
4651; 2
4647; 1
4653; 2
4671; 1
4676; 2
4766; 1
4772; 2
4831; 1
4837; 2
4839; 1
4844; 2
4887; 1
4893; 2
4909; 1
4915; 2
4911; 1
4917; 2
4921; 1
4927; 2
4955; 1
4961; 2
4982; 1
4988; 2
5031; 1
5037; 2
5038; 1
5043; 2
5044; 1
5049; 2
5044; 1
5050; 2
5050; 1
5056; 2
5090; 1
5095; 2
5108; 1
5113; 2
5117; 1
5123; 2
5124; 1
5130; 2
5163; 1
5168; 2
5224; 1
5230; 2
5232; 1
5238; 2
5245; 1
5251; 2
5274; 1
5279; 2
5298; 1
5304; 2
5334; 1
5340; 2
5358; 1
5364; 2
5406; 1
5412; 2
5439; 1
5445; 2
5454; 1
5460; 2
5474; 1
5479; 2
5527; 1
5533; 2
5553; 1
5559; 2
5566; 1
5572; 2
5597; 1
5603; 2
5606; 1
5612; 2
5612; 1
5617; 2
5677; 1
5683; 2
5702; 1
5708; 2
5758; 1
5764; 2
5799; 1
5805; 2
5802; 1
5808; 2
5804; 1
5810; 2
5821; 1
5827; 2
5853; 1
5858; 2
5887; 1
5893; 2
5928; 1
5934; 2
6032; 1
6038; 2
6055; 1
6061; 2
6057; 1
6063; 2
6094; 1
6100; 2
6098; 1
6104; 2
6180; 1
6186; 2
6211; 1
6216; 2
6226; 1
6232; 2
6235; 1
6241; 2
6247; 1
6253; 2
6264; 1
6270; 2
6278; 1
6284; 2
6302; 1
6308; 2
6317; 1
6322; 2
6352; 1
6358; 2
6417; 1
6423; 2
6437; 1
6443; 2
6443; 1
6449; 2
6464; 1
6470; 2
6500; 1
6505; 2
6522; 1
6528; 2
6523; 1
6528; 2
6534; 1
6540; 2
6558; 1
6564; 2
6588; 1
6594; 2
6612; 1
6618; 2
6668; 1
6673; 2
6674; 1
6679; 2
6706; 1
6712; 2
6707; 1
6712; 2
6761; 1
6767; 2
6834; 1
6840; 2
6879; 1
6885; 2
6902; 1
6907; 2
6912; 1
6918; 2
6920; 1
6926; 2
6943; 1
6949; 2
6946; 1
6952; 2
6978; 1
6984; 2
6984; 1
6989; 2
6994; 1
6999; 2
7001; 1
7007; 2
7007; 1
7013; 2
7063; 1
7069; 2
7092; 1
7097; 2
7106; 1
7112; 2
7118; 1
7124; 2
7124; 1
7130; 2
7135; 1
7141; 2
7162; 1
7167; 2
7195; 1
7201; 2
7199; 1
7205; 2
7200; 1
7205; 2
7204; 1
7210; 2
7222; 1
7228; 2
7290; 1
7296; 2
7305; 1
7311; 2
7310; 1
7316; 2
7335; 1
7341; 2
7346; 1
7352; 2
7368; 1
7373; 2
7368; 1
7373; 2
7397; 1
7403; 2
7404; 1
7410; 2
7447; 1
7453; 2
7502; 1
7508; 2
7515; 1
7521; 2
7539; 1
7544; 2
7550; 1
7556; 2
7555; 1
7561; 2
7565; 1
7571; 2
7576; 1
7582; 2
7586; 1
7592; 2
7591; 1
7597; 2
7592; 1
7598; 2
7617; 1
7623; 2
7637; 1
7643; 2
7674; 1
7680; 2
7695; 1
7701; 2
7698; 1
7704; 2
7745; 1
7750; 2
7747; 1
7753; 2
7759; 1
7764; 2
7764; 1
7770; 2
7767; 1
7773; 2
7804; 1
7810; 2
7808; 1
7814; 2
7809; 1
7814; 2
7825; 1
7831; 2
7887; 1
7893; 2
7904; 1
7909; 2
7929; 1
7935; 2
7933; 1
7938; 2
7967; 1
7973; 2
7999; 1
8005; 2
8030; 1
8036; 2
8038; 1
8044; 2
8049; 1
8055; 2
8068; 1
8074; 2
8077; 1
8083; 2
8085; 1
8090; 2
8123; 1
8129; 2
8156; 1
8162; 2
8165; 1
8171; 2
8165; 1
8171; 2
8168; 1
8174; 2
8172; 1
8178; 2
8223; 1
8229; 2
8230; 1
8236; 2
8241; 1
8247; 2
8243; 1
8248; 2
8256; 1
8262; 2
8285; 1
8291; 2
8298; 1
8303; 2
8305; 1
8311; 2
8312; 1
8318; 2
8340; 1
8346; 2
8346; 1
8352; 2
8351; 1
8357; 2
8444; 1
8450; 2
8451; 1
8457; 2
8456; 1
8462; 2
8501; 1
8507; 2
8545; 1
8550; 2
8558; 1
8563; 2
8561; 1
8567; 2
8570; 1
8575; 2
8583; 1
8589; 2
8651; 1
8657; 2
8730; 1
8735; 2
8759; 1
8765; 2
8801; 1
8807; 2
8810; 1
8815; 2
8856; 1
8862; 2
8876; 1
8882; 2
8880; 1
8885; 2
8926; 1
8932; 2
8994; 1
8999; 2
8996; 1
9002; 2
9000; 1
9006; 2
9026; 1
9032; 2
9028; 1
9034; 2
9065; 1
9071; 2
9069; 1
9075; 2
9075; 1
9081; 2
9102; 1
9108; 2
9104; 1
9110; 2
9107; 1
9113; 2
9125; 1
9131; 2
9129; 1
9135; 2
9151; 1
9157; 2
9152; 1
9158; 2
9172; 1
9177; 2
9210; 1
9215; 2
9217; 1
9223; 2
9232; 1
9237; 2
9250; 1
9256; 2
9269; 1
9275; 2
9271; 1
9277; 2
9332; 1
9337; 2
9370; 1
9375; 2
9387; 1
9393; 2
9396; 1
9402; 2
9401; 1
9407; 2
9422; 1
9428; 2
9428; 1
9434; 2
9435; 1
9441; 2
9456; 1
9461; 2
9497; 1
9502; 2
9560; 1
9566; 2
9579; 1
9585; 2
9590; 1
9596; 2
9633; 1
9638; 2
9642; 1
9648; 2
9645; 1
9651; 2
9669; 1
9675; 2
9670; 1
9676; 2
9709; 1
9715; 2
9741; 1
9747; 2
9747; 1
9752; 2
9767; 1
9773; 2
9774; 1
9780; 2
9782; 1
9788; 2
9809; 1
9815; 2
9862; 1
9868; 2
9870; 1
9876; 2
9902; 1
9908; 2
9907; 1
9913; 2
9927; 1
9933; 2
10038; 1
10044; 2
10060; 1
10066; 2
10063; 1
10069; 2
10064; 1
10070; 2
10066; 1
10072; 2
