Sequence of timestamped events V1.0
Stream 9
Id =9
Name = Camera_9
Tbegin = 0
Tend = 10000
Count = 500
120; 1
127; 2
130; 1
138; 2
145; 1
151; 2
145; 1
151; 2
153; 1
159; 2
165; 1
171; 2
201; 1
207; 2
225; 1
234; 2
230; 1
238; 2
268; 1
276; 2
276; 1
283; 2
295; 1
304; 2
334; 1
342; 2
341; 1
349; 2
380; 1
387; 2
443; 1
450; 2
459; 1
465; 2
462; 1
470; 2
468; 1
476; 2
512; 1
520; 2
513; 1
521; 2
530; 1
537; 2
592; 1
598; 2
614; 1
621; 2
627; 1
633; 2
657; 1
665; 2
668; 1
674; 2
672; 1
679; 2
707; 1
715; 2
720; 1
726; 2
743; 1
750; 2
756; 1
763; 2
757; 1
765; 2
795; 1
803; 2
877; 1
883; 2
879; 1
885; 2
886; 1
893; 2
925; 1
932; 2
958; 1
964; 2
961; 1
969; 2
1017; 1
1023; 2
1025; 1
1033; 2
1029; 1
1037; 2
1042; 1
1050; 2
1075; 1
1082; 2
1081; 1
1087; 2
1085; 1
1092; 2
1092; 1
1099; 2
1097; 1
1106; 2
1143; 1
1151; 2
1151; 1
1158; 2
1173; 1
1181; 2
1180; 1
1188; 2
1228; 1
1235; 2
1233; 1
1240; 2
1240; 1
1248; 2
1242; 1
1249; 2
1246; 1
1255; 2
1252; 1
1258; 2
1264; 1
1271; 2
1308; 1
1314; 2
1332; 1
1339; 2
1332; 1
1340; 2
1345; 1
1351; 2
1391; 1
1397; 2
1401; 1
1407; 2
1420; 1
1428; 2
1429; 1
1435; 2
1433; 1
1440; 2
1437; 1
1445; 2
1444; 1
1450; 2
1465; 1
1472; 2
1479; 1
1487; 2
1503; 1
1509; 2
1516; 1
1523; 2
1559; 1
1566; 2
1587; 1
1593; 2
1596; 1
1604; 2
1612; 1
1619; 2
1667; 1
1676; 2
1671; 1
1677; 2
1678; 1
1685; 2
1709; 1
1715; 2
1732; 1
1740; 2
1741; 1
1748; 2
1787; 1
1793; 2
1796; 1
1802; 2
1796; 1
1803; 2
1799; 1
1805; 2
1810; 1
1816; 2
1824; 1
1831; 2
1824; 1
1832; 2
1828; 1
1835; 2
1832; 1
1838; 2
1847; 1
1854; 2
1855; 1
1861; 2
1862; 1
1869; 2
1885; 1
1892; 2
1911; 1
1917; 2
1930; 1
1937; 2
1952; 1
1960; 2
1986; 1
1993; 2
2011; 1
2018; 2
2018; 1
2026; 2
2025; 1
2031; 2
2089; 1
2095; 2
2090; 1
2096; 2
2100; 1
2106; 2
2148; 1
2155; 2
2172; 1
2178; 2
2182; 1
2190; 2
2209; 1
2217; 2
2239; 1
2247; 2
2277; 1
2284; 2
2318; 1
2325; 2
2327; 1
2333; 2
2357; 1
2365; 2
2367; 1
2373; 2
2377; 1
2384; 2
2384; 1
2393; 2
2406; 1
2413; 2
2429; 1
2435; 2
2492; 1
2498; 2
2514; 1
2521; 2
2530; 1
2537; 2
2538; 1
2544; 2
2545; 1
2552; 2
2562; 1
2568; 2
2574; 1
2581; 2
2581; 1
2588; 2
2606; 1
2613; 2
2627; 1
2634; 2
2639; 1
2647; 2
2658; 1
2665; 2
2675; 1
2681; 2
2676; 1
2683; 2
2713; 1
2719; 2
2718; 1
2726; 2
2737; 1
2745; 2
2745; 1
2751; 2
2748; 1
2756; 2
2797; 1
2804; 2
2827; 1
2834; 2
2839; 1
2847; 2
2865; 1
2873; 2
2866; 1
2874; 2
2891; 1
2898; 2
2892; 1
2898; 2
2966; 1
2972; 2
2998; 1
3004; 2
3011; 1
3018; 2
3055; 1
3062; 2
3092; 1
3098; 2
3099; 1
3106; 2
3108; 1
3115; 2
3124; 1
3131; 2
3143; 1
3150; 2
3173; 1
3181; 2
3180; 1
3188; 2
3201; 1
3208; 2
3209; 1
3217; 2
3213; 1
3220; 2
3242; 1
3249; 2
3247; 1
3255; 2
3258; 1
3265; 2
3278; 1
3285; 2
3283; 1
3290; 2
3297; 1
3305; 2
3307; 1
3313; 2
3310; 1
3317; 2
3324; 1
3331; 2
3364; 1
3370; 2
3383; 1
3389; 2
3389; 1
3395; 2
3396; 1
3403; 2
3424; 1
3431; 2
3428; 1
3436; 2
3436; 1
3443; 2
3443; 1
3451; 2
3450; 1
3457; 2
3469; 1
3475; 2
3472; 1
3479; 2
3473; 1
3481; 2
3484; 1
3490; 2
3488; 1
3494; 2
3495; 1
3504; 2
3569; 1
3577; 2
3582; 1
3589; 2
3601; 1
3607; 2
3630; 1
3636; 2
3644; 1
3651; 2
3661; 1
3667; 2
3680; 1
3686; 2
3702; 1
3709; 2
3720; 1
3727; 2
3723; 1
3730; 2
3770; 1
3776; 2
3772; 1
3778; 2
3809; 1
3816; 2
3815; 1
3822; 2
3822; 1
3829; 2
3857; 1
3865; 2
3877; 1
3885; 2
3887; 1
3894; 2
3899; 1
3905; 2
3902; 1
3909; 2
3906; 1
3912; 2
3932; 1
3939; 2
3963; 1
3968; 2
4006; 1
4014; 2
4011; 1
4018; 2
4097; 1
4105; 2
4116; 1
4123; 2
4121; 1
4130; 2
4133; 1
4141; 2
4159; 1
4166; 2
4192; 1
4199; 2
4194; 1
4200; 2
4253; 1
4261; 2
4262; 1
4268; 2
4273; 1
4282; 2
4290; 1
4297; 2
4295; 1
4302; 2
4339; 1
4345; 2
4345; 1
4351; 2
4349; 1
4356; 2
4394; 1
4402; 2
4402; 1
4409; 2
4413; 1
4422; 2
4476; 1
4484; 2
4484; 1
4492; 2
4496; 1
4504; 2
4507; 1
4515; 2
4517; 1
4525; 2
4540; 1
4546; 2
4589; 1
4596; 2
4594; 1
4602; 2
4596; 1
4602; 2
4615; 1
4623; 2
4616; 1
4623; 2
4652; 1
4660; 2
4666; 1
4673; 2
4689; 1
4695; 2
4791; 1
4798; 2
4794; 1
4803; 2
4803; 1
4811; 2
4806; 1
4813; 2
4860; 1
4866; 2
4860; 1
4868; 2
4913; 1
4919; 2
4935; 1
4943; 2
4938; 1
4944; 2
4960; 1
4968; 2
4972; 1
4980; 2
4999; 1
5005; 2
5000; 1
5008; 2
5053; 1
5060; 2
5056; 1
5063; 2
5084; 1
5090; 2
5129; 1
5135; 2
5146; 1
5154; 2
5151; 1
5158; 2
5157; 1
5163; 2
5205; 1
5212; 2
5211; 1
5219; 2
5249; 1
5256; 2
5267; 1
5273; 2
5279; 1
5286; 2
5314; 1
5322; 2
5353; 1
5360; 2
5358; 1
5365; 2
5412; 1
5419; 2
5429; 1
5436; 2
5454; 1
5460; 2
5474; 1
5482; 2
5479; 1
5486; 2
5481; 1
5487; 2
5483; 1
5489; 2
5497; 1
5504; 2
5528; 1
5535; 2
5570; 1
5578; 2
5579; 1
5585; 2
5591; 1
5599; 2
5615; 1
5622; 2
5647; 1
5655; 2
5653; 1
5659; 2
5671; 1
5677; 2
5677; 1
5685; 2
5690; 1
5698; 2
5719; 1
5725; 2
5720; 1
5729; 2
5766; 1
5773; 2
5812; 1
5820; 2
5813; 1
5820; 2
5817; 1
5824; 2
5834; 1
5842; 2
5841; 1
5850; 2
5854; 1
5862; 2
5864; 1
5871; 2
5904; 1
5910; 2
5952; 1
5958; 2
5954; 1
5960; 2
5960; 1
5967; 2
5969; 1
5975; 2
5993; 1
6000; 2
6021; 1
6028; 2
6021; 1
6028; 2
6037; 1
6045; 2
6064; 1
6071; 2
6087; 1
6094; 2
6159; 1
6166; 2
6331; 1
6339; 2
6343; 1
6350; 2
6358; 1
6364; 2
6386; 1
6392; 2
6455; 1
6461; 2
6495; 1
6502; 2
6528; 1
6535; 2
6549; 1
6557; 2
6570; 1
6577; 2
6620; 1
6626; 2
6635; 1
6641; 2
6639; 1
6646; 2
6651; 1
6658; 2
6666; 1
6673; 2
6721; 1
6728; 2
6723; 1
6731; 2
6735; 1
6742; 2
6752; 1
6758; 2
6757; 1
6764; 2
6779; 1
6786; 2
6785; 1
6791; 2
6785; 1
6792; 2
6786; 1
6793; 2
6835; 1
6842; 2
6857; 1
6863; 2
6874; 1
6880; 2
6880; 1
6887; 2
6883; 1
6890; 2
6905; 1
6913; 2
6929; 1
6935; 2
6935; 1
6942; 2
6954; 1
6962; 2
6978; 1
6987; 2
6982; 1
6990; 2
7006; 1
7014; 2
7031; 1
7038; 2
7063; 1
7069; 2
7069; 1
7077; 2
7071; 1
7079; 2
7077; 1
7083; 2
7093; 1
7101; 2
7104; 1
7112; 2
7137; 1
7144; 2
7137; 1
7145; 2
7151; 1
7157; 2
7159; 1
7166; 2
7172; 1
7178; 2
7174; 1
7180; 2
7185; 1
7191; 2
7202; 1
7211; 2
7213; 1
7220; 2
7222; 1
7229; 2
7225; 1
7232; 2
7225; 1
7233; 2
7248; 1
7255; 2
7259; 1
7267; 2
7304; 1
7310; 2
7308; 1
7314; 2
7371; 1
7378; 2
7384; 1
7391; 2
7388; 1
7394; 2
7400; 1
7407; 2
7402; 1
7409; 2
7404; 1
7412; 2
7413; 1
7421; 2
7512; 1
7519; 2
7553; 1
7561; 2
7572; 1
7581; 2
7583; 1
7590; 2
7598; 1
7605; 2
7599; 1
7606; 2
7600; 1
7607; 2
7642; 1
7648; 2
7653; 1
7659; 2
7657; 1
7664; 2
7708; 1
7715; 2
7728; 1
7735; 2
7729; 1
7738; 2
7741; 1
7747; 2
7748; 1
7756; 2
7749; 1
7755; 2
7765; 1
7771; 2
7771; 1
7778; 2
7775; 1
7782; 2
7775; 1
7782; 2
7801; 1
7809; 2
7825; 1
7835; 2
7938; 1
7945; 2
7981; 1
7987; 2
8004; 1
8010; 2
8008; 1
8014; 2
8013; 1
8021; 2
8020; 1
8028; 2
8040; 1
8047; 2
8048; 1
8055; 2
8063; 1
8070; 2
8072; 1
8080; 2
8104; 1
8111; 2
8204; 1
8210; 2
8205; 1
8211; 2
8210; 1
8217; 2
8213; 1
8219; 2
8216; 1
8224; 2
8257; 1
8264; 2
8268; 1
8274; 2
8270; 1
8277; 2
8277; 1
8284; 2
8299; 1
8307; 2
8340; 1
8347; 2
8351; 1
8360; 2
8374; 1
8382; 2
8376; 1
8382; 2
8379; 1
8385; 2
8413; 1
8421; 2
8436; 1
8445; 2
8447; 1
8453; 2
8467; 1
8473; 2
8479; 1
8487; 2
8518; 1
8524; 2
8540; 1
8548; 2
8570; 1
8577; 2
8578; 1
8587; 2
8584; 1
8591; 2
8623; 1
8629; 2
8626; 1
8633; 2
8661; 1
8668; 2
8672; 1
8679; 2
8697; 1
8704; 2
8698; 1
8705; 2
8702; 1
8709; 2
8743; 1
8750; 2
8746; 1
8753; 2
8754; 1
8762; 2
8777; 1
8783; 2
8786; 1
8793; 2
8793; 1
8799; 2
8793; 1
8799; 2
8829; 1
8838; 2
8864; 1
8870; 2
8872; 1
8879; 2
8911; 1
8918; 2
8916; 1
8923; 2
8930; 1
8936; 2
8956; 1
8963; 2
8961; 1
8968; 2
8973; 1
8979; 2
8996; 1
9003; 2
9016; 1
9022; 2
9084; 1
9091; 2
9104; 1
9111; 2
9143; 1
9150; 2
9148; 1
9155; 2
9154; 1
9160; 2
9161; 1
9167; 2
9168; 1
9175; 2
9225; 1
9233; 2
9254; 1
9262; 2
9265; 1
9273; 2
9351; 1
9359; 2
9375; 1
9382; 2
9384; 1
9391; 2
9397; 1
9403; 2
9399; 1
9405; 2
9434; 1
9442; 2
9499; 1
9505; 2
9507; 1
9513; 2
9540; 1
9548; 2
9562; 1
9570; 2
9580; 1
9587; 2
9618; 1
9626; 2
9621; 1
9628; 2
9658; 1
9667; 2
9660; 1
9667; 2
9697; 1
9704; 2
9710; 1
9717; 2
9721; 1
9728; 2
9721; 1
9729; 2
9796; 1
9803; 2
9815; 1
9821; 2
9821; 1
9830; 2
9831; 1
9838; 2
9832; 1
9838; 2
9861; 1
9868; 2
9873; 1
9879; 2
9890; 1
9897; 2
9945; 1
9954; 2
9990; 1
9997; 2
10071; 1
10078; 2
10086; 1
10093; 2
