Sequence of timestamped events V1.0
Stream 8
Id =8
Name = Camera_8
Tbegin = 0
Tend = 10000
Count = 500
101; 1
106; 2
120; 1
125; 2
133; 1
138; 2
149; 1
154; 2
150; 1
154; 2
159; 1
165; 2
198; 1
203; 2
210; 1
215; 2
218; 1
224; 2
219; 1
225; 2
222; 1
227; 2
226; 1
232; 2
235; 1
240; 2
237; 1
242; 2
245; 1
250; 2
257; 1
263; 2
279; 1
284; 2
297; 1
302; 2
331; 1
337; 2
344; 1
348; 2
352; 1
357; 2
353; 1
359; 2
375; 1
382; 2
410; 1
415; 2
438; 1
442; 2
439; 1
444; 2
443; 1
448; 2
447; 1
453; 2
475; 1
480; 2
533; 1
538; 2
551; 1
557; 2
555; 1
559; 2
555; 1
560; 2
566; 1
571; 2
578; 1
583; 2
592; 1
597; 2
628; 1
634; 2
689; 1
694; 2
701; 1
707; 2
701; 1
707; 2
727; 1
733; 2
748; 1
753; 2
769; 1
774; 2
769; 1
774; 2
785; 1
790; 2
793; 1
798; 2
796; 1
801; 2
798; 1
803; 2
810; 1
815; 2
814; 1
819; 2
816; 1
821; 2
819; 1
824; 2
834; 1
840; 2
834; 1
840; 2
853; 1
858; 2
857; 1
862; 2
873; 1
878; 2
891; 1
896; 2
913; 1
918; 2
982; 1
987; 2
986; 1
991; 2
986; 1
992; 2
995; 1
1000; 2
1000; 1
1006; 2
1035; 1
1039; 2
1036; 1
1042; 2
1137; 1
1142; 2
1148; 1
1152; 2
1170; 1
1175; 2
1173; 1
1178; 2
1175; 1
1180; 2
1245; 1
1250; 2
1250; 1
1255; 2
1262; 1
1267; 2
1346; 1
1353; 2
1418; 1
1423; 2
1438; 1
1444; 2
1439; 1
1443; 2
1452; 1
1457; 2
1476; 1
1480; 2
1485; 1
1490; 2
1498; 1
1503; 2
1523; 1
1529; 2
1582; 1
1587; 2
1582; 1
1587; 2
1620; 1
1625; 2
1628; 1
1633; 2
1629; 1
1635; 2
1635; 1
1641; 2
1660; 1
1665; 2
1671; 1
1676; 2
1760; 1
1765; 2
1763; 1
1768; 2
1794; 1
1799; 2
1840; 1
1846; 2
1858; 1
1863; 2
1877; 1
1882; 2
1924; 1
1932; 2
1936; 1
1941; 2
1943; 1
1948; 2
1965; 1
1970; 2
1991; 1
1996; 2
1995; 1
2000; 2
2002; 1
2008; 2
2005; 1
2009; 2
2011; 1
2017; 2
2028; 1
2033; 2
2072; 1
2077; 2
2080; 1
2085; 2
2090; 1
2094; 2
2103; 1
2111; 2
2142; 1
2147; 2
2146; 1
2150; 2
2156; 1
2161; 2
2173; 1
2178; 2
2185; 1
2192; 2
2220; 1
2225; 2
2227; 1
2231; 2
2233; 1
2238; 2
2252; 1
2257; 2
2268; 1
2273; 2
2276; 1
2281; 2
2303; 1
2308; 2
2312; 1
2318; 2
2363; 1
2370; 2
2395; 1
2400; 2
2414; 1
2420; 2
2425; 1
2429; 2
2453; 1
2458; 2
2454; 1
2459; 2
2458; 1
2463; 2
2472; 1
2477; 2
2476; 1
2482; 2
2548; 1
2554; 2
2549; 1
2555; 2
2571; 1
2576; 2
2626; 1
2630; 2
2643; 1
2649; 2
2687; 1
2692; 2
2692; 1
2699; 2
2716; 1
2721; 2
2727; 1
2733; 2
2747; 1
2754; 2
2752; 1
2757; 2
2782; 1
2787; 2
2804; 1
2810; 2
2838; 1
2843; 2
2862; 1
2866; 2
2865; 1
2870; 2
2903; 1
2908; 2
2931; 1
2936; 2
2943; 1
2948; 2
2953; 1
2958; 2
2961; 1
2966; 2
3006; 1
3011; 2
3062; 1
3068; 2
3062; 1
3069; 2
3074; 1
3079; 2
3109; 1
3115; 2
3127; 1
3133; 2
3129; 1
3135; 2
3163; 1
3168; 2
3196; 1
3201; 2
3199; 1
3204; 2
3202; 1
3208; 2
3212; 1
3218; 2
3214; 1
3218; 2
3244; 1
3249; 2
3252; 1
3257; 2
3304; 1
3310; 2
3305; 1
3313; 2
3326; 1
3332; 2
3328; 1
3333; 2
3335; 1
3341; 2
3362; 1
3367; 2
3365; 1
3369; 2
3381; 1
3386; 2
3422; 1
3427; 2
3428; 1
3434; 2
3432; 1
3437; 2
3437; 1
3442; 2
3482; 1
3487; 2
3496; 1
3501; 2
3525; 1
3530; 2
3549; 1
3553; 2
3554; 1
3559; 2
3571; 1
3576; 2
3624; 1
3630; 2
3627; 1
3632; 2
3692; 1
3696; 2
3703; 1
3708; 2
3818; 1
3823; 2
3832; 1
3837; 2
3843; 1
3851; 2
3846; 1
3853; 2
3908; 1
3913; 2
3918; 1
3923; 2
3924; 1
3930; 2
3928; 1
3933; 2
3930; 1
3935; 2
3941; 1
3946; 2
3968; 1
3973; 2
3971; 1
3976; 2
3986; 1
3991; 2
4008; 1
4013; 2
4027; 1
4032; 2
4060; 1
4065; 2
4060; 1
4065; 2
4066; 1
4071; 2
4074; 1
4079; 2
4075; 1
4082; 2
4089; 1
4095; 2
4127; 1
4132; 2
4142; 1
4147; 2
4153; 1
4159; 2
4162; 1
4168; 2
4201; 1
4206; 2
4201; 1
4208; 2
4232; 1
4237; 2
4273; 1
4278; 2
4320; 1
4325; 2
4327; 1
4332; 2
4329; 1
4333; 2
4334; 1
4339; 2
4373; 1
4377; 2
4376; 1
4381; 2
4389; 1
4394; 2
4415; 1
4420; 2
4436; 1
4441; 2
4529; 1
4535; 2
4545; 1
4550; 2
4547; 1
4552; 2
4554; 1
4559; 2
4562; 1
4567; 2
4564; 1
4569; 2
4623; 1
4629; 2
4626; 1
4631; 2
4635; 1
4640; 2
4640; 1
4645; 2
4691; 1
4696; 2
4701; 1
4708; 2
4745; 1
4750; 2
4756; 1
4761; 2
4831; 1
4836; 2
4833; 1
4838; 2
4873; 1
4878; 2
4880; 1
4886; 2
4898; 1
4904; 2
4931; 1
4937; 2
4940; 1
4949; 2
4988; 1
4993; 2
5006; 1
5011; 2
5008; 1
5013; 2
5045; 1
5050; 2
5122; 1
5127; 2
5123; 1
5128; 2
5134; 1
5139; 2
5179; 1
5184; 2
5223; 1
5228; 2
5259; 1
5264; 2
5265; 1
5271; 2
5320; 1
5326; 2
5333; 1
5339; 2
5337; 1
5342; 2
5349; 1
5355; 2
5371; 1
5376; 2
5388; 1
5396; 2
5407; 1
5411; 2
5409; 1
5415; 2
5446; 1
5451; 2
5447; 1
5452; 2
5518; 1
5524; 2
5526; 1
5531; 2
5572; 1
5577; 2
5580; 1
5586; 2
5596; 1
5601; 2
5602; 1
5607; 2
5617; 1
5623; 2
5635; 1
5640; 2
5658; 1
5663; 2
5667; 1
5673; 2
5667; 1
5674; 2
5674; 1
5679; 2
5716; 1
5721; 2
5717; 1
5722; 2
5718; 1
5722; 2
5721; 1
5726; 2
5733; 1
5738; 2
5771; 1
5778; 2
5794; 1
5802; 2
5797; 1
5803; 2
5804; 1
5809; 2
5807; 1
5811; 2
5891; 1
5895; 2
5892; 1
5897; 2
5921; 1
5926; 2
5981; 1
5986; 2
6012; 1
6017; 2
6017; 1
6021; 2
6039; 1
6044; 2
6045; 1
6050; 2
6054; 1
6059; 2
6076; 1
6081; 2
6085; 1
6090; 2
6102; 1
6107; 2
6104; 1
6112; 2
6110; 1
6117; 2
6133; 1
6138; 2
6191; 1
6196; 2
6197; 1
6203; 2
6201; 1
6207; 2
6212; 1
6216; 2
6220; 1
6225; 2
6226; 1
6232; 2
6258; 1
6263; 2
6283; 1
6288; 2
6298; 1
6305; 2
6316; 1
6321; 2
6330; 1
6335; 2
6403; 1
6408; 2
6427; 1
6433; 2
6444; 1
6450; 2
6465; 1
6469; 2
6504; 1
6510; 2
6512; 1
6517; 2
6515; 1
6523; 2
6535; 1
6542; 2
6558; 1
6563; 2
6578; 1
6583; 2
6642; 1
6647; 2
6689; 1
6695; 2
6699; 1
6703; 2
6758; 1
6763; 2
6788; 1
6793; 2
6815; 1
6820; 2
6817; 1
6822; 2
6821; 1
6827; 2
6824; 1
6829; 2
6826; 1
6832; 2
6842; 1
6846; 2
6843; 1
6848; 2
6869; 1
6873; 2
6871; 1
6877; 2
6876; 1
6881; 2
6896; 1
6902; 2
6958; 1
6963; 2
7022; 1
7027; 2
7035; 1
7041; 2
7082; 1
7087; 2
7083; 1
7090; 2
7100; 1
7104; 2
7122; 1
7127; 2
7126; 1
7131; 2
7193; 1
7199; 2
7221; 1
7227; 2
7223; 1
7228; 2
7243; 1
7248; 2
7261; 1
7267; 2
7276; 1
7281; 2
7288; 1
7293; 2
7288; 1
7293; 2
7311; 1
7317; 2
7318; 1
7323; 2
7348; 1
7354; 2
7350; 1
7354; 2
7359; 1
7363; 2
7363; 1
7368; 2
7400; 1
7405; 2
7410; 1
7416; 2
7423; 1
7427; 2
7430; 1
7434; 2
7445; 1
7450; 2
7463; 1
7468; 2
7485; 1
7491; 2
7556; 1
7562; 2
7557; 1
7561; 2
7572; 1
7577; 2
7575; 1
7583; 2
7584; 1
7589; 2
7614; 1
7618; 2
7625; 1
7631; 2
7631; 1
7636; 2
7655; 1
7660; 2
7659; 1
7665; 2
7682; 1
7687; 2
7682; 1
7687; 2
7759; 1
7766; 2
7788; 1
7793; 2
7791; 1
7796; 2
7793; 1
7799; 2
7831; 1
7838; 2
7899; 1
7905; 2
7912; 1
7918; 2
7925; 1
7929; 2
7925; 1
7930; 2
7947; 1
7952; 2
7970; 1
7974; 2
7971; 1
7978; 2
7988; 1
7993; 2
8011; 1
8016; 2
8018; 1
8025; 2
8069; 1
8074; 2
8071; 1
8076; 2
8138; 1
8144; 2
8146; 1
8153; 2
8153; 1
8158; 2
8175; 1
8180; 2
8192; 1
8198; 2
8216; 1
8221; 2
8224; 1
8229; 2
8251; 1
8256; 2
8257; 1
8263; 2
8274; 1
8279; 2
8301; 1
8306; 2
8334; 1
8340; 2
8349; 1
8354; 2
8361; 1
8367; 2
8380; 1
8385; 2
8381; 1
8387; 2
8435; 1
8440; 2
8462; 1
8467; 2
8476; 1
8481; 2
8501; 1
8506; 2
8509; 1
8515; 2
8523; 1
8529; 2
8541; 1
8546; 2
8571; 1
8576; 2
8579; 1
8585; 2
8593; 1
8598; 2
8632; 1
8637; 2
8636; 1
8642; 2
8653; 1
8657; 2
8658; 1
8664; 2
8680; 1
8685; 2
8728; 1
8733; 2
8740; 1
8745; 2
8796; 1
8802; 2
8823; 1
8828; 2
8850; 1
8856; 2
8852; 1
8858; 2
8855; 1
8860; 2
8856; 1
8861; 2
8863; 1
8868; 2
8927; 1
8932; 2
8934; 1
8939; 2
8951; 1
8955; 2
8956; 1
8960; 2
8974; 1
8979; 2
9010; 1
9017; 2
9016; 1
9021; 2
9030; 1
9035; 2
9098; 1
9104; 2
9099; 1
9104; 2
9106; 1
9111; 2
9116; 1
9121; 2
9183; 1
9188; 2
9243; 1
9248; 2
9260; 1
9265; 2
9264; 1
9270; 2
9289; 1
9294; 2
9317; 1
9322; 2
9332; 1
9338; 2
9351; 1
9356; 2
9374; 1
9379; 2
9396; 1
9401; 2
9422; 1
9428; 2
9432; 1
9436; 2
9473; 1
9479; 2
9484; 1
9489; 2
9518; 1
9524; 2
9548; 1
9554; 2
9560; 1
9565; 2
9569; 1
9574; 2
9581; 1
9587; 2
9606; 1
9613; 2
9617; 1
9621; 2
9645; 1
9652; 2
9651; 1
9657; 2
9685; 1
9691; 2
9764; 1
9770; 2
9780; 1
9786; 2
9780; 1
9786; 2
9782; 1
9786; 2
9783; 1
9789; 2
9786; 1
9791; 2
9792; 1
9797; 2
9797; 1
9802; 2
9843; 1
9848; 2
9850; 1
9856; 2
9851; 1
9858; 2
9879; 1
9883; 2
9934; 1
9939; 2
9962; 1
9967; 2
9974; 1
9981; 2
9992; 1
10000; 2
10051; 1
10056; 2
10057; 1
10063; 2
10060; 1
10066; 2
10069; 1
10076; 2
10074; 1
10078; 2
