Sequence of timestamped events V1.0
Stream 1
Id =1
Name = Camera_1
Tbegin = 0
Tend = 10000
Count = 500
21; 1
26; 2
40; 1
45; 2
53; 1
58; 2
69; 1
74; 2
69; 1
76; 2
82; 1
87; 2
125; 1
131; 2
128; 1
135; 2
129; 1
136; 2
136; 1
143; 2
137; 1
143; 2
142; 1
147; 2
155; 1
160; 2
157; 1
162; 2
165; 1
170; 2
167; 1
174; 2
206; 1
212; 2
217; 1
222; 2
241; 1
248; 2
263; 1
270; 2
272; 1
277; 2
275; 1
282; 2
276; 1
281; 2
330; 1
335; 2
357; 1
364; 2
359; 1
364; 2
370; 1
375; 2
370; 1
376; 2
402; 1
408; 2
453; 1
458; 2
461; 1
468; 2
482; 1
488; 2
486; 1
491; 2
487; 1
492; 2
498; 1
503; 2
519; 1
525; 2
538; 1
545; 2
609; 1
614; 2
611; 1
618; 2
611; 1
618; 2
637; 1
644; 2
668; 1
673; 2
689; 1
694; 2
696; 1
702; 2
705; 1
710; 2
716; 1
721; 2
720; 1
726; 2
725; 1
731; 2
730; 1
735; 2
741; 1
747; 2
743; 1
749; 2
744; 1
751; 2
744; 1
751; 2
758; 1
763; 2
773; 1
778; 2
784; 1
790; 2
793; 1
798; 2
811; 1
816; 2
840; 1
846; 2
896; 1
903; 2
906; 1
911; 2
909; 1
915; 2
910; 1
917; 2
915; 1
920; 2
946; 1
953; 2
967; 1
972; 2
1064; 1
1070; 2
1080; 1
1085; 2
1097; 1
1103; 2
1100; 1
1106; 2
1102; 1
1108; 2
1165; 1
1170; 2
1177; 1
1183; 2
1189; 1
1195; 2
1246; 1
1253; 2
1345; 1
1351; 2
1348; 1
1355; 2
1371; 1
1376; 2
1372; 1
1377; 2
1405; 1
1410; 2
1408; 1
1413; 2
1418; 1
1423; 2
1433; 1
1440; 2
1502; 1
1507; 2
1502; 1
1507; 2
1539; 1
1546; 2
1540; 1
1545; 2
1545; 1
1552; 2
1555; 1
1561; 2
1587; 1
1593; 2
1591; 1
1596; 2
1687; 1
1693; 2
1702; 1
1707; 2
1714; 1
1719; 2
1750; 1
1757; 2
1785; 1
1791; 2
1797; 1
1802; 2
1810; 1
1818; 2
1856; 1
1861; 2
1870; 1
1876; 2
1892; 1
1898; 2
1911; 1
1916; 2
1912; 1
1919; 2
1921; 1
1928; 2
1922; 1
1928; 2
1937; 1
1942; 2
1948; 1
1953; 2
1989; 1
1997; 2
1992; 1
1997; 2
2000; 1
2005; 2
2022; 1
2027; 2
2076; 1
2081; 2
2078; 1
2083; 2
2081; 1
2086; 2
2085; 1
2092; 2
2100; 1
2106; 2
2140; 1
2145; 2
2159; 1
2164; 2
2160; 1
2166; 2
2179; 1
2185; 2
2188; 1
2193; 2
2196; 1
2201; 2
2222; 1
2229; 2
2230; 1
2236; 2
2263; 1
2270; 2
2315; 1
2320; 2
2324; 1
2331; 2
2357; 1
2362; 2
2373; 1
2378; 2
2374; 1
2379; 2
2378; 1
2383; 2
2386; 1
2393; 2
2399; 1
2405; 2
2458; 1
2465; 2
2459; 1
2466; 2
2510; 1
2515; 2
2553; 1
2560; 2
2558; 1
2563; 2
2592; 1
2599; 2
2607; 1
2612; 2
2636; 1
2641; 2
2637; 1
2644; 2
2647; 1
2654; 2
2679; 1
2685; 2
2702; 1
2707; 2
2714; 1
2721; 2
2758; 1
2763; 2
2785; 1
2790; 2
2794; 1
2799; 2
2830; 1
2836; 2
2851; 1
2856; 2
2863; 1
2868; 2
2880; 1
2886; 2
2881; 1
2886; 2
2926; 1
2931; 2
2962; 1
2969; 2
2972; 1
2979; 2
2994; 1
2999; 2
3019; 1
3026; 2
3037; 1
3044; 2
3039; 1
3046; 2
3090; 1
3096; 2
3112; 1
3119; 2
3119; 1
3124; 2
3122; 1
3129; 2
3123; 1
3129; 2
3146; 1
3151; 2
3164; 1
3169; 2
3179; 1
3185; 2
3191; 1
3199; 2
3214; 1
3221; 2
3236; 1
3243; 2
3245; 1
3252; 2
3255; 1
3261; 2
3282; 1
3287; 2
3297; 1
3302; 2
3308; 1
3314; 2
3338; 1
3345; 2
3349; 1
3355; 2
3352; 1
3357; 2
3357; 1
3362; 2
3402; 1
3407; 2
3416; 1
3421; 2
3445; 1
3450; 2
3474; 1
3479; 2
3481; 1
3486; 2
3491; 1
3496; 2
3534; 1
3541; 2
3547; 1
3552; 2
3624; 1
3629; 2
3630; 1
3636; 2
3729; 1
3737; 2
3738; 1
3743; 2
3746; 1
3753; 2
3752; 1
3757; 2
3828; 1
3833; 2
3834; 1
3841; 2
3838; 1
3843; 2
3848; 1
3853; 2
3850; 1
3855; 2
3868; 1
3874; 2
3888; 1
3893; 2
3891; 1
3896; 2
3906; 1
3911; 2
3928; 1
3933; 2
3954; 1
3960; 2
3975; 1
3982; 2
3980; 1
3985; 2
3980; 1
3985; 2
3986; 1
3991; 2
3994; 1
3999; 2
3999; 1
4006; 2
4047; 1
4052; 2
4062; 1
4067; 2
4063; 1
4070; 2
4072; 1
4079; 2
4101; 1
4108; 2
4121; 1
4126; 2
4152; 1
4157; 2
4193; 1
4198; 2
4240; 1
4245; 2
4254; 1
4259; 2
4254; 1
4260; 2
4261; 1
4266; 2
4296; 1
4301; 2
4305; 1
4310; 2
4316; 1
4322; 2
4335; 1
4340; 2
4356; 1
4361; 2
4439; 1
4446; 2
4465; 1
4470; 2
4467; 1
4472; 2
4474; 1
4479; 2
4484; 1
4489; 2
4489; 1
4495; 2
4533; 1
4540; 2
4546; 1
4551; 2
4555; 1
4560; 2
4560; 1
4565; 2
4601; 1
4608; 2
4618; 1
4624; 2
4672; 1
4678; 2
4683; 1
4689; 2
4751; 1
4756; 2
4760; 1
4766; 2
4790; 1
4797; 2
4800; 1
4806; 2
4807; 1
4817; 2
4808; 1
4815; 2
4841; 1
4848; 2
4908; 1
4913; 2
4928; 1
4933; 2
4933; 1
4939; 2
4965; 1
4970; 2
5042; 1
5047; 2
5043; 1
5048; 2
5054; 1
5059; 2
5099; 1
5104; 2
5143; 1
5148; 2
5175; 1
5182; 2
5179; 1
5184; 2
5230; 1
5237; 2
5243; 1
5250; 2
5259; 1
5266; 2
5264; 1
5270; 2
5274; 1
5282; 2
5298; 1
5304; 2
5319; 1
5326; 2
5339; 1
5344; 2
5366; 1
5371; 2
5367; 1
5372; 2
5428; 1
5435; 2
5446; 1
5451; 2
5490; 1
5497; 2
5492; 1
5497; 2
5522; 1
5527; 2
5523; 1
5529; 2
5527; 1
5534; 2
5555; 1
5560; 2
5567; 1
5574; 2
5577; 1
5584; 2
5578; 1
5583; 2
5601; 1
5607; 2
5636; 1
5641; 2
5641; 1
5646; 2
5650; 1
5655; 2
5656; 1
5661; 2
5660; 1
5666; 2
5671; 1
5678; 2
5680; 1
5688; 2
5707; 1
5714; 2
5724; 1
5729; 2
5739; 1
5744; 2
5812; 1
5817; 2
5823; 1
5828; 2
5848; 1
5854; 2
5901; 1
5906; 2
5939; 1
5945; 2
5949; 1
5954; 2
5959; 1
5964; 2
5972; 1
5978; 2
5981; 1
5987; 2
5990; 1
5998; 2
5996; 1
6001; 2
6005; 1
6010; 2
6010; 1
6017; 2
6022; 1
6027; 2
6053; 1
6058; 2
6107; 1
6114; 2
6111; 1
6118; 2
6118; 1
6124; 2
6136; 1
6143; 2
6144; 1
6149; 2
6147; 1
6153; 2
6178; 1
6183; 2
6198; 1
6205; 2
6210; 1
6216; 2
6236; 1
6241; 2
6250; 1
6255; 2
6330; 1
6336; 2
6337; 1
6344; 2
6354; 1
6361; 2
6397; 1
6402; 2
6401; 1
6409; 2
6414; 1
6421; 2
6435; 1
6442; 2
6439; 1
6445; 2
6485; 1
6491; 2
6505; 1
6511; 2
6569; 1
6575; 2
6599; 1
6606; 2
6631; 1
6636; 2
6685; 1
6691; 2
6708; 1
6713; 2
6731; 1
6738; 2
6735; 1
6740; 2
6736; 1
6743; 2
6737; 1
6742; 2
6751; 1
6757; 2
6763; 1
6768; 2
6774; 1
6779; 2
6781; 1
6788; 2
6796; 1
6801; 2
6801; 1
6806; 2
6806; 1
6813; 2
6878; 1
6883; 2
6942; 1
6947; 2
6945; 1
6952; 2
6983; 1
6990; 2
7002; 1
7007; 2
7032; 1
7037; 2
7042; 1
7047; 2
7046; 1
7051; 2
7103; 1
7110; 2
7131; 1
7138; 2
7143; 1
7148; 2
7170; 1
7176; 2
7171; 1
7178; 2
7203; 1
7209; 2
7208; 1
7213; 2
7208; 1
7213; 2
7221; 1
7228; 2
7245; 1
7251; 2
7258; 1
7265; 2
7282; 1
7287; 2
7283; 1
7288; 2
7291; 1
7296; 2
7320; 1
7325; 2
7320; 1
7327; 2
7355; 1
7360; 2
7362; 1
7367; 2
7365; 1
7370; 2
7390; 1
7396; 2
7395; 1
7402; 2
7461; 1
7469; 2
7466; 1
7473; 2
7489; 1
7494; 2
7499; 1
7505; 2
7511; 1
7517; 2
7535; 1
7542; 2
7546; 1
7551; 2
7551; 1
7556; 2
7569; 1
7576; 2
7575; 1
7580; 2
7602; 1
7607; 2
7609; 1
7615; 2
7659; 1
7666; 2
7703; 1
7710; 2
7715; 1
7721; 2
7730; 1
7735; 2
7731; 1
7738; 2
7809; 1
7816; 2
7822; 1
7829; 2
7845; 1
7850; 2
7857; 1
7862; 2
7871; 1
7878; 2
7874; 1
7880; 2
7902; 1
7907; 2
7915; 1
7921; 2
7918; 1
7925; 2
7931; 1
7936; 2
7989; 1
7994; 2
8010; 1
8015; 2
8046; 1
8053; 2
8048; 1
8055; 2
8073; 1
8078; 2
8102; 1
8108; 2
8102; 1
8109; 2
8136; 1
8141; 2
8151; 1
8157; 2
8167; 1
8174; 2
8171; 1
8176; 2
8201; 1
8207; 2
8221; 1
8226; 2
8244; 1
8251; 2
8269; 1
8274; 2
8271; 1
8278; 2
8291; 1
8298; 2
8307; 1
8313; 2
8374; 1
8379; 2
8389; 1
8395; 2
8403; 1
8409; 2
8419; 1
8426; 2
8421; 1
8426; 2
8433; 1
8440; 2
8468; 1
8474; 2
8489; 1
8496; 2
8498; 1
8504; 2
8520; 1
8526; 2
8546; 1
8553; 2
8559; 1
8565; 2
8568; 1
8575; 2
8596; 1
8600; 2
8600; 1
8605; 2
8648; 1
8653; 2
8679; 1
8684; 2
8706; 1
8713; 2
8760; 1
8767; 2
8762; 1
8767; 2
8762; 1
8769; 2
8776; 1
8781; 2
8782; 1
8788; 2
8790; 1
8796; 2
8847; 1
8852; 2
8861; 1
8867; 2
8883; 1
8888; 2
8888; 1
8893; 2
8901; 1
8907; 2
8910; 1
8917; 2
8936; 1
8941; 2
8950; 1
8955; 2
9008; 1
9015; 2
9019; 1
9024; 2
9033; 1
9039; 2
9036; 1
9041; 2
9110; 1
9116; 2
9163; 1
9168; 2
9174; 1
9181; 2
9180; 1
9185; 2
9209; 1
9214; 2
9237; 1
9242; 2
9242; 1
9249; 2
9271; 1
9276; 2
9294; 1
9299; 2
9316; 1
9321; 2
9332; 1
9339; 2
9364; 1
9369; 2
9383; 1
9390; 2
9404; 1
9409; 2
9428; 1
9435; 2
9458; 1
9465; 2
9480; 1
9485; 2
9491; 1
9498; 2
9496; 1
9502; 2
9506; 1
9513; 2
9545; 1
9552; 2
9549; 1
9554; 2
9561; 1
9568; 2
9595; 1
9602; 2
9674; 1
9681; 2
9690; 1
9697; 2
9690; 1
9697; 2
9693; 1
9700; 2
9706; 1
9711; 2
9712; 1
9717; 2
9714; 1
9719; 2
9717; 1
9722; 2
9751; 1
9758; 2
9760; 1
9767; 2
9763; 1
9768; 2
9811; 1
9816; 2
9854; 1
9859; 2
9874; 1
9881; 2
9878; 1
9886; 2
9882; 1
9887; 2
9967; 1
9974; 2
9969; 1
9976; 2
9970; 1
9977; 2
9971; 1
9976; 2
10006; 1
10011; 2
