Sequence of timestamped events V1.0
Stream 7
Id =7
Name = Camera_7
Tbegin = 0
Tend = 10000
Count = 500
90; 1
95; 2
109; 1
114; 2
122; 1
127; 2
138; 1
143; 2
140; 1
145; 2
146; 1
153; 2
187; 1
192; 2
199; 1
204; 2
205; 1
212; 2
206; 1
213; 2
211; 1
216; 2
213; 1
220; 2
224; 1
229; 2
226; 1
231; 2
234; 1
239; 2
244; 1
251; 2
268; 1
273; 2
286; 1
291; 2
318; 1
325; 2
334; 1
339; 2
340; 1
347; 2
341; 1
346; 2
361; 1
368; 2
399; 1
404; 2
428; 1
433; 2
428; 1
433; 2
432; 1
437; 2
434; 1
441; 2
464; 1
469; 2
522; 1
527; 2
538; 1
545; 2
544; 1
549; 2
545; 1
550; 2
555; 1
560; 2
567; 1
572; 2
581; 1
586; 2
615; 1
622; 2
678; 1
683; 2
688; 1
695; 2
688; 1
695; 2
714; 1
721; 2
737; 1
742; 2
758; 1
763; 2
758; 1
763; 2
774; 1
779; 2
782; 1
787; 2
785; 1
790; 2
787; 1
792; 2
799; 1
804; 2
803; 1
808; 2
805; 1
810; 2
811; 1
815; 2
821; 1
828; 2
821; 1
828; 2
842; 1
847; 2
846; 1
851; 2
862; 1
867; 2
880; 1
885; 2
902; 1
907; 2
971; 1
976; 2
973; 1
980; 2
975; 1
980; 2
984; 1
989; 2
987; 1
994; 2
1023; 1
1030; 2
1025; 1
1030; 2
1126; 1
1131; 2
1138; 1
1143; 2
1159; 1
1164; 2
1162; 1
1167; 2
1164; 1
1169; 2
1234; 1
1239; 2
1239; 1
1244; 2
1251; 1
1256; 2
1332; 1
1339; 2
1407; 1
1412; 2
1425; 1
1432; 2
1429; 1
1434; 2
1441; 1
1446; 2
1466; 1
1471; 2
1474; 1
1479; 2
1487; 1
1492; 2
1510; 1
1517; 2
1571; 1
1576; 2
1571; 1
1576; 2
1609; 1
1614; 2
1616; 1
1623; 2
1617; 1
1622; 2
1622; 1
1629; 2
1649; 1
1654; 2
1660; 1
1665; 2
1749; 1
1754; 2
1755; 1
1759; 2
1783; 1
1788; 2
1827; 1
1834; 2
1847; 1
1852; 2
1866; 1
1871; 2
1908; 1
1916; 2
1925; 1
1930; 2
1932; 1
1937; 2
1954; 1
1959; 2
1980; 1
1985; 2
1984; 1
1989; 2
1989; 1
1996; 2
1995; 1
2000; 2
1998; 1
2005; 2
2017; 1
2022; 2
2061; 1
2066; 2
2069; 1
2074; 2
2080; 1
2085; 2
2087; 1
2095; 2
2134; 1
2138; 2
2136; 1
2141; 2
2145; 1
2150; 2
2162; 1
2167; 2
2171; 1
2178; 2
2209; 1
2214; 2
2217; 1
2222; 2
2222; 1
2227; 2
2241; 1
2246; 2
2257; 1
2262; 2
2265; 1
2270; 2
2292; 1
2297; 2
2299; 1
2306; 2
2349; 1
2356; 2
2384; 1
2389; 2
2401; 1
2408; 2
2415; 1
2420; 2
2442; 1
2447; 2
2443; 1
2448; 2
2447; 1
2452; 2
2461; 1
2466; 2
2463; 1
2470; 2
2535; 1
2542; 2
2536; 1
2543; 2
2563; 1
2567; 2
2616; 1
2621; 2
2630; 1
2637; 2
2676; 1
2681; 2
2678; 1
2685; 2
2705; 1
2710; 2
2714; 1
2721; 2
2733; 1
2740; 2
2741; 1
2746; 2
2771; 1
2776; 2
2791; 1
2798; 2
2827; 1
2832; 2
2852; 1
2857; 2
2854; 1
2859; 2
2892; 1
2897; 2
2920; 1
2925; 2
2932; 1
2937; 2
2942; 1
2947; 2
2950; 1
2955; 2
2995; 1
3000; 2
3048; 1
3055; 2
3049; 1
3056; 2
3063; 1
3068; 2
3096; 1
3103; 2
3114; 1
3121; 2
3116; 1
3123; 2
3152; 1
3157; 2
3185; 1
3190; 2
3188; 1
3193; 2
3189; 1
3196; 2
3199; 1
3206; 2
3204; 1
3209; 2
3233; 1
3238; 2
3241; 1
3246; 2
3289; 1
3297; 2
3291; 1
3298; 2
3313; 1
3320; 2
3317; 1
3322; 2
3322; 1
3329; 2
3351; 1
3356; 2
3355; 1
3360; 2
3370; 1
3375; 2
3411; 1
3416; 2
3415; 1
3422; 2
3421; 1
3426; 2
3426; 1
3431; 2
3471; 1
3476; 2
3485; 1
3490; 2
3514; 1
3519; 2
3539; 1
3544; 2
3543; 1
3548; 2
3560; 1
3565; 2
3611; 1
3618; 2
3616; 1
3621; 2
3682; 1
3687; 2
3692; 1
3697; 2
3807; 1
3812; 2
3821; 1
3826; 2
3827; 1
3835; 2
3832; 1
3839; 2
3897; 1
3902; 2
3907; 1
3912; 2
3911; 1
3918; 2
3917; 1
3922; 2
3919; 1
3924; 2
3930; 1
3935; 2
3957; 1
3962; 2
3960; 1
3965; 2
3975; 1
3980; 2
3997; 1
4002; 2
4016; 1
4021; 2
4049; 1
4054; 2
4049; 1
4054; 2
4055; 1
4060; 2
4061; 1
4068; 2
4063; 1
4068; 2
4076; 1
4083; 2
4116; 1
4121; 2
4131; 1
4136; 2
4140; 1
4147; 2
4149; 1
4156; 2
4187; 1
4194; 2
4190; 1
4195; 2
4221; 1
4226; 2
4262; 1
4267; 2
4309; 1
4314; 2
4316; 1
4321; 2
4319; 1
4324; 2
4323; 1
4328; 2
4363; 1
4368; 2
4365; 1
4370; 2
4378; 1
4383; 2
4404; 1
4409; 2
4425; 1
4430; 2
4516; 1
4523; 2
4534; 1
4539; 2
4536; 1
4541; 2
4543; 1
4548; 2
4551; 1
4556; 2
4553; 1
4558; 2
4610; 1
4617; 2
4615; 1
4620; 2
4624; 1
4629; 2
4629; 1
4634; 2
4680; 1
4685; 2
4687; 1
4694; 2
4734; 1
4739; 2
4745; 1
4750; 2
4820; 1
4825; 2
4822; 1
4827; 2
4862; 1
4867; 2
4867; 1
4874; 2
4885; 1
4892; 2
4918; 1
4925; 2
4921; 1
4931; 2
4977; 1
4982; 2
4995; 1
5000; 2
4997; 1
5002; 2
5034; 1
5039; 2
5111; 1
5116; 2
5112; 1
5117; 2
5123; 1
5128; 2
5168; 1
5173; 2
5212; 1
5217; 2
5248; 1
5253; 2
5252; 1
5259; 2
5307; 1
5314; 2
5320; 1
5327; 2
5326; 1
5331; 2
5336; 1
5343; 2
5360; 1
5365; 2
5372; 1
5380; 2
5396; 1
5403; 2
5397; 1
5402; 2
5435; 1
5440; 2
5436; 1
5441; 2
5505; 1
5512; 2
5515; 1
5520; 2
5561; 1
5566; 2
5567; 1
5574; 2
5585; 1
5590; 2
5591; 1
5596; 2
5604; 1
5611; 2
5624; 1
5629; 2
5647; 1
5652; 2
5653; 1
5660; 2
5654; 1
5661; 2
5663; 1
5668; 2
5705; 1
5710; 2
5708; 1
5713; 2
5709; 1
5713; 2
5710; 1
5715; 2
5722; 1
5727; 2
5757; 1
5764; 2
5778; 1
5786; 2
5784; 1
5791; 2
5793; 1
5798; 2
5797; 1
5802; 2
5881; 1
5886; 2
5881; 1
5886; 2
5910; 1
5915; 2
5970; 1
5975; 2
6001; 1
6006; 2
6007; 1
6012; 2
6028; 1
6033; 2
6034; 1
6039; 2
6043; 1
6048; 2
6065; 1
6070; 2
6074; 1
6079; 2
6088; 1
6096; 2
6091; 1
6096; 2
6096; 1
6103; 2
6122; 1
6127; 2
6180; 1
6185; 2
6184; 1
6191; 2
6188; 1
6195; 2
6202; 1
6207; 2
6209; 1
6214; 2
6213; 1
6220; 2
6247; 1
6252; 2
6272; 1
6277; 2
6284; 1
6291; 2
6305; 1
6310; 2
6319; 1
6324; 2
6392; 1
6397; 2
6414; 1
6421; 2
6431; 1
6438; 2
6455; 1
6460; 2
6491; 1
6498; 2
6499; 1
6507; 2
6501; 1
6506; 2
6521; 1
6528; 2
6547; 1
6552; 2
6567; 1
6572; 2
6631; 1
6636; 2
6676; 1
6683; 2
6689; 1
6694; 2
6747; 1
6752; 2
6777; 1
6782; 2
6804; 1
6809; 2
6806; 1
6811; 2
6808; 1
6815; 2
6813; 1
6818; 2
6813; 1
6820; 2
6832; 1
6837; 2
6832; 1
6837; 2
6858; 1
6865; 2
6859; 1
6864; 2
6865; 1
6870; 2
6883; 1
6890; 2
6947; 1
6952; 2
7011; 1
7016; 2
7022; 1
7029; 2
7069; 1
7076; 2
7071; 1
7076; 2
7090; 1
7095; 2
7111; 1
7116; 2
7115; 1
7120; 2
7180; 1
7187; 2
7208; 1
7215; 2
7212; 1
7217; 2
7232; 1
7237; 2
7248; 1
7255; 2
7265; 1
7270; 2
7277; 1
7282; 2
7277; 1
7282; 2
7298; 1
7305; 2
7307; 1
7312; 2
7335; 1
7342; 2
7340; 1
7345; 2
7349; 1
7354; 2
7352; 1
7357; 2
7389; 1
7394; 2
7397; 1
7404; 2
7413; 1
7418; 2
7420; 1
7425; 2
7434; 1
7439; 2
7452; 1
7457; 2
7472; 1
7479; 2
7543; 1
7550; 2
7547; 1
7552; 2
7559; 1
7567; 2
7561; 1
7566; 2
7573; 1
7578; 2
7604; 1
7609; 2
7612; 1
7619; 2
7620; 1
7625; 2
7644; 1
7649; 2
7646; 1
7653; 2
7671; 1
7676; 2
7671; 1
7676; 2
7745; 1
7752; 2
7777; 1
7782; 2
7780; 1
7787; 2
7783; 1
7787; 2
7817; 1
7824; 2
7886; 1
7893; 2
7899; 1
7906; 2
7914; 1
7919; 2
7915; 1
7920; 2
7936; 1
7941; 2
7957; 1
7964; 2
7960; 1
7965; 2
7977; 1
7982; 2
8000; 1
8005; 2
8004; 1
8011; 2
8058; 1
8063; 2
8063; 1
8067; 2
8125; 1
8132; 2
8132; 1
8139; 2
8142; 1
8147; 2
8164; 1
8169; 2
8179; 1
8186; 2
8205; 1
8210; 2
8213; 1
8218; 2
8240; 1
8245; 2
8244; 1
8251; 2
8263; 1
8268; 2
8290; 1
8295; 2
8321; 1
8328; 2
8338; 1
8343; 2
8348; 1
8355; 2
8368; 1
8375; 2
8369; 1
8374; 2
8427; 1
8431; 2
8451; 1
8456; 2
8465; 1
8470; 2
8490; 1
8495; 2
8496; 1
8503; 2
8510; 1
8517; 2
8530; 1
8535; 2
8560; 1
8565; 2
8566; 1
8573; 2
8582; 1
8587; 2
8621; 1
8626; 2
8623; 1
8630; 2
8645; 1
8649; 2
8645; 1
8652; 2
8669; 1
8674; 2
8717; 1
8722; 2
8732; 1
8736; 2
8783; 1
8790; 2
8815; 1
8819; 2
8837; 1
8844; 2
8839; 1
8846; 2
8844; 1
8849; 2
8845; 1
8850; 2
8852; 1
8857; 2
8916; 1
8921; 2
8923; 1
8928; 2
8941; 1
8946; 2
8946; 1
8951; 2
8963; 1
8968; 2
8996; 1
9003; 2
9005; 1
9010; 2
9019; 1
9024; 2
9085; 1
9092; 2
9088; 1
9093; 2
9095; 1
9100; 2
9105; 1
9110; 2
9172; 1
9177; 2
9232; 1
9237; 2
9249; 1
9254; 2
9251; 1
9258; 2
9278; 1
9283; 2
9306; 1
9311; 2
9319; 1
9326; 2
9340; 1
9345; 2
9363; 1
9368; 2
9385; 1
9390; 2
9409; 1
9416; 2
9422; 1
9427; 2
9460; 1
9467; 2
9473; 1
9478; 2
9505; 1
9512; 2
9535; 1
9542; 2
9549; 1
9554; 2
9558; 1
9563; 2
9568; 1
9575; 2
9592; 1
9599; 2
9607; 1
9612; 2
9631; 1
9638; 2
9638; 1
9645; 2
9672; 1
9679; 2
9751; 1
9758; 2
9767; 1
9774; 2
9767; 1
9774; 2
9770; 1
9777; 2
9772; 1
9777; 2
9775; 1
9780; 2
9781; 1
9786; 2
9786; 1
9791; 2
9832; 1
9837; 2
9837; 1
9844; 2
9837; 1
9844; 2
9869; 1
9874; 2
9923; 1
9928; 2
9951; 1
9956; 2
9960; 1
9967; 2
9976; 1
9984; 2
10040; 1
10045; 2
10044; 1
10051; 2
10047; 1
10054; 2
10055; 1
10062; 2
10064; 1
10069; 2
