Sequence of timestamped events V1.0
Stream 0
Id =0
Name = Camera_0
Tbegin = 0
Tend = 10000
Count = 500
10; 1
15; 2
29; 1
34; 2
42; 1
47; 2
57; 1
63; 2
58; 1
63; 2
73; 1
78; 2
115; 1
120; 2
116; 1
122; 2
117; 1
123; 2
124; 1
130; 2
127; 1
132; 2
131; 1
136; 2
144; 1
149; 2
146; 1
151; 2
154; 1
159; 2
155; 1
161; 2
196; 1
201; 2
206; 1
211; 2
229; 1
235; 2
251; 1
257; 2
261; 1
266; 2
261; 1
268; 2
267; 1
272; 2
319; 1
324; 2
345; 1
351; 2
348; 1
353; 2
360; 1
365; 2
361; 1
366; 2
392; 1
397; 2
442; 1
447; 2
449; 1
455; 2
472; 1
477; 2
475; 1
480; 2
478; 1
483; 2
487; 1
492; 2
509; 1
514; 2
526; 1
532; 2
598; 1
603; 2
599; 1
605; 2
599; 1
605; 2
625; 1
631; 2
657; 1
662; 2
678; 1
683; 2
686; 1
691; 2
694; 1
699; 2
705; 1
710; 2
710; 1
715; 2
715; 1
720; 2
719; 1
724; 2
731; 1
736; 2
732; 1
738; 2
732; 1
738; 2
733; 1
738; 2
750; 1
754; 2
762; 1
767; 2
774; 1
779; 2
782; 1
787; 2
800; 1
805; 2
830; 1
835; 2
884; 1
890; 2
895; 1
900; 2
898; 1
904; 2
899; 1
904; 2
904; 1
909; 2
934; 1
940; 2
958; 1
963; 2
1054; 1
1059; 2
1071; 1
1076; 2
1087; 1
1092; 2
1090; 1
1095; 2
1092; 1
1097; 2
1154; 1
1159; 2
1167; 1
1172; 2
1179; 1
1184; 2
1232; 1
1239; 2
1335; 1
1340; 2
1336; 1
1342; 2
1361; 1
1366; 2
1362; 1
1367; 2
1394; 1
1399; 2
1399; 1
1404; 2
1407; 1
1412; 2
1421; 1
1427; 2
1491; 1
1496; 2
1491; 1
1496; 2
1527; 1
1533; 2
1529; 1
1534; 2
1533; 1
1539; 2
1545; 1
1550; 2
1577; 1
1582; 2
1580; 1
1585; 2
1677; 1
1682; 2
1694; 1
1698; 2
1703; 1
1708; 2
1738; 1
1744; 2
1775; 1
1780; 2
1786; 1
1791; 2
1794; 1
1802; 2
1845; 1
1850; 2
1860; 1
1865; 2
1882; 1
1887; 2
1900; 1
1905; 2
1900; 1
1906; 2
1909; 1
1915; 2
1912; 1
1917; 2
1928; 1
1933; 2
1937; 1
1942; 2
1973; 1
1981; 2
1981; 1
1986; 2
1989; 1
1994; 2
2013; 1
2018; 2
2065; 1
2070; 2
2069; 1
2074; 2
2071; 1
2078; 2
2073; 1
2077; 2
2090; 1
2095; 2
2129; 1
2134; 2
2150; 1
2155; 2
2150; 1
2155; 2
2169; 1
2174; 2
2177; 1
2182; 2
2185; 1
2190; 2
2210; 1
2216; 2
2220; 1
2225; 2
2249; 1
2256; 2
2304; 1
2309; 2
2312; 1
2318; 2
2348; 1
2353; 2
2362; 1
2367; 2
2363; 1
2368; 2
2367; 1
2372; 2
2374; 1
2380; 2
2389; 1
2394; 2
2446; 1
2452; 2
2447; 1
2453; 2
2502; 1
2506; 2
2541; 1
2547; 2
2549; 1
2554; 2
2578; 1
2585; 2
2596; 1
2601; 2
2625; 1
2630; 2
2625; 1
2631; 2
2633; 1
2640; 2
2669; 1
2674; 2
2691; 1
2696; 2
2702; 1
2708; 2
2747; 1
2752; 2
2774; 1
2779; 2
2785; 1
2790; 2
2820; 1
2825; 2
2840; 1
2845; 2
2852; 1
2857; 2
2870; 1
2875; 2
2870; 1
2875; 2
2915; 1
2920; 2
2948; 1
2955; 2
2960; 1
2966; 2
2983; 1
2988; 2
3007; 1
3013; 2
3025; 1
3031; 2
3027; 1
3033; 2
3080; 1
3085; 2
3100; 1
3106; 2
3108; 1
3113; 2
3110; 1
3116; 2
3113; 1
3118; 2
3137; 1
3142; 2
3153; 1
3158; 2
3169; 1
3174; 2
3175; 1
3183; 2
3202; 1
3208; 2
3224; 1
3230; 2
3233; 1
3239; 2
3245; 1
3250; 2
3271; 1
3276; 2
3288; 1
3293; 2
3298; 1
3303; 2
3326; 1
3332; 2
3339; 1
3344; 2
3341; 1
3346; 2
3346; 1
3351; 2
3391; 1
3396; 2
3405; 1
3410; 2
3434; 1
3439; 2
3463; 1
3468; 2
3472; 1
3477; 2
3480; 1
3485; 2
3522; 1
3528; 2
3536; 1
3541; 2
3615; 1
3620; 2
3620; 1
3625; 2
3713; 1
3721; 2
3727; 1
3732; 2
3732; 1
3739; 2
3741; 1
3746; 2
3817; 1
3822; 2
3822; 1
3828; 2
3827; 1
3832; 2
3837; 1
3842; 2
3839; 1
3844; 2
3858; 1
3863; 2
3877; 1
3882; 2
3880; 1
3885; 2
3895; 1
3900; 2
3917; 1
3922; 2
3944; 1
3949; 2
3961; 1
3968; 2
3969; 1
3974; 2
3969; 1
3974; 2
3975; 1
3980; 2
3983; 1
3988; 2
3987; 1
3993; 2
4036; 1
4041; 2
4051; 1
4056; 2
4051; 1
4057; 2
4060; 1
4066; 2
4087; 1
4094; 2
4110; 1
4115; 2
4141; 1
4146; 2
4182; 1
4187; 2
4229; 1
4234; 2
4243; 1
4248; 2
4244; 1
4249; 2
4252; 1
4257; 2
4285; 1
4290; 2
4296; 1
4301; 2
4306; 1
4311; 2
4324; 1
4329; 2
4345; 1
4350; 2
4427; 1
4433; 2
4454; 1
4459; 2
4456; 1
4461; 2
4463; 1
4468; 2
4473; 1
4478; 2
4479; 1
4484; 2
4521; 1
4527; 2
4535; 1
4540; 2
4544; 1
4549; 2
4549; 1
4554; 2
4587; 1
4594; 2
4608; 1
4613; 2
4662; 1
4667; 2
4673; 1
4678; 2
4740; 1
4745; 2
4750; 1
4755; 2
4778; 1
4784; 2
4789; 1
4798; 2
4790; 1
4795; 2
4796; 1
4802; 2
4829; 1
4835; 2
4897; 1
4902; 2
4917; 1
4922; 2
4923; 1
4928; 2
4954; 1
4959; 2
5031; 1
5036; 2
5032; 1
5037; 2
5043; 1
5048; 2
5088; 1
5093; 2
5132; 1
5137; 2
5163; 1
5169; 2
5168; 1
5173; 2
5218; 1
5224; 2
5231; 1
5237; 2
5247; 1
5253; 2
5254; 1
5259; 2
5258; 1
5266; 2
5288; 1
5293; 2
5307; 1
5313; 2
5330; 1
5335; 2
5355; 1
5360; 2
5356; 1
5361; 2
5416; 1
5422; 2
5435; 1
5440; 2
5478; 1
5484; 2
5481; 1
5486; 2
5511; 1
5516; 2
5513; 1
5518; 2
5515; 1
5521; 2
5544; 1
5549; 2
5553; 1
5560; 2
5565; 1
5571; 2
5567; 1
5572; 2
5591; 1
5596; 2
5625; 1
5630; 2
5630; 1
5635; 2
5641; 1
5646; 2
5648; 1
5652; 2
5650; 1
5655; 2
5657; 1
5664; 2
5664; 1
5672; 2
5695; 1
5701; 2
5713; 1
5718; 2
5730; 1
5735; 2
5801; 1
5806; 2
5814; 1
5819; 2
5838; 1
5843; 2
5890; 1
5895; 2
5929; 1
5934; 2
5940; 1
5945; 2
5948; 1
5953; 2
5962; 1
5967; 2
5971; 1
5976; 2
5974; 1
5982; 2
5985; 1
5990; 2
5994; 1
5999; 2
5996; 1
6003; 2
6011; 1
6016; 2
6042; 1
6047; 2
6095; 1
6101; 2
6099; 1
6105; 2
6108; 1
6113; 2
6124; 1
6130; 2
6135; 1
6140; 2
6137; 1
6142; 2
6167; 1
6172; 2
6184; 1
6191; 2
6200; 1
6205; 2
6225; 1
6230; 2
6239; 1
6244; 2
6320; 1
6325; 2
6325; 1
6331; 2
6342; 1
6348; 2
6385; 1
6393; 2
6388; 1
6393; 2
6402; 1
6408; 2
6421; 1
6428; 2
6429; 1
6434; 2
6475; 1
6480; 2
6495; 1
6500; 2
6559; 1
6564; 2
6587; 1
6593; 2
6622; 1
6627; 2
6675; 1
6680; 2
6697; 1
6702; 2
6719; 1
6725; 2
6724; 1
6729; 2
6724; 1
6730; 2
6726; 1
6731; 2
6741; 1
6746; 2
6752; 1
6757; 2
6765; 1
6770; 2
6769; 1
6775; 2
6785; 1
6790; 2
6792; 1
6797; 2
6794; 1
6800; 2
6867; 1
6872; 2
6931; 1
6936; 2
6933; 1
6939; 2
6969; 1
6976; 2
6991; 1
6996; 2
7023; 1
7028; 2
7031; 1
7036; 2
7035; 1
7040; 2
7091; 1
7097; 2
7119; 1
7125; 2
7132; 1
7137; 2
7159; 1
7165; 2
7160; 1
7165; 2
7193; 1
7198; 2
7197; 1
7202; 2
7197; 1
7202; 2
7209; 1
7215; 2
7235; 1
7240; 2
7246; 1
7252; 2
7272; 1
7277; 2
7273; 1
7278; 2
7282; 1
7287; 2
7308; 1
7314; 2
7309; 1
7314; 2
7346; 1
7351; 2
7353; 1
7358; 2
7354; 1
7359; 2
7380; 1
7385; 2
7383; 1
7389; 2
7445; 1
7453; 2
7454; 1
7460; 2
7480; 1
7485; 2
7489; 1
7494; 2
7501; 1
7506; 2
7523; 1
7529; 2
7537; 1
7542; 2
7540; 1
7545; 2
7557; 1
7563; 2
7564; 1
7569; 2
7591; 1
7596; 2
7599; 1
7604; 2
7645; 1
7652; 2
7691; 1
7697; 2
7705; 1
7710; 2
7717; 1
7724; 2
7722; 1
7726; 2
7797; 1
7803; 2
7810; 1
7816; 2
7834; 1
7839; 2
7848; 1
7853; 2
7857; 1
7864; 2
7864; 1
7869; 2
7893; 1
7898; 2
7904; 1
7911; 2
7905; 1
7910; 2
7920; 1
7925; 2
7978; 1
7983; 2
8002; 1
8006; 2
8032; 1
8039; 2
8036; 1
8042; 2
8062; 1
8067; 2
8090; 1
8096; 2
8092; 1
8097; 2
8125; 1
8130; 2
8141; 1
8146; 2
8155; 1
8161; 2
8160; 1
8165; 2
8191; 1
8196; 2
8210; 1
8215; 2
8232; 1
8238; 2
8258; 1
8263; 2
8259; 1
8265; 2
8279; 1
8285; 2
8297; 1
8302; 2
8366; 1
8370; 2
8379; 1
8384; 2
8393; 1
8398; 2
8407; 1
8413; 2
8410; 1
8415; 2
8421; 1
8427; 2
8458; 1
8463; 2
8477; 1
8483; 2
8488; 1
8493; 2
8510; 1
8515; 2
8534; 1
8540; 2
8549; 1
8554; 2
8556; 1
8562; 2
8588; 1
8592; 2
8589; 1
8594; 2
8637; 1
8642; 2
8671; 1
8675; 2
8694; 1
8700; 2
8748; 1
8754; 2
8750; 1
8756; 2
8754; 1
8758; 2
8765; 1
8770; 2
8772; 1
8777; 2
8780; 1
8785; 2
8836; 1
8841; 2
8851; 1
8856; 2
8874; 1
8879; 2
8879; 1
8884; 2
8891; 1
8896; 2
8896; 1
8903; 2
8925; 1
8930; 2
8939; 1
8944; 2
8996; 1
9002; 2
9008; 1
9013; 2
9023; 1
9028; 2
9025; 1
9030; 2
9100; 1
9105; 2
9152; 1
9157; 2
9162; 1
9168; 2
9169; 1
9174; 2
9198; 1
9203; 2
9226; 1
9231; 2
9230; 1
9236; 2
9260; 1
9265; 2
9283; 1
9288; 2
9305; 1
9310; 2
9320; 1
9326; 2
9355; 1
9360; 2
9371; 1
9377; 2
9393; 1
9398; 2
9416; 1
9422; 2
9446; 1
9452; 2
9469; 1
9474; 2
9479; 1
9485; 2
9486; 1
9491; 2
9492; 1
9499; 2
9531; 1
9538; 2
9540; 1
9545; 2
9549; 1
9555; 2
9583; 1
9589; 2
9662; 1
9668; 2
9678; 1
9684; 2
9678; 1
9684; 2
9681; 1
9687; 2
9695; 1
9700; 2
9701; 1
9706; 2
9705; 1
9710; 2
9706; 1
9711; 2
9737; 1
9744; 2
9748; 1
9754; 2
9752; 1
9757; 2
9802; 1
9807; 2
9843; 1
9848; 2
9860; 1
9867; 2
9862; 1
9870; 2
9871; 1
9876; 2
9955; 1
9961; 2
9955; 1
9962; 2
9958; 1
9964; 2
9960; 1
9965; 2
9997; 1
10002; 2
