Sequence of timestamped events V1.0
Stream 2
Id =2
Name = Camera_2
Tbegin = 0
Tend = 10000
Count = 2000
18; 1
19; 2
23; 1
24; 2
25; 1
26; 2
27; 1
28; 2
28; 1
29; 2
29; 1
30; 2
30; 1
31; 2
57; 1
58; 2
58; 1
59; 2
70; 1
71; 2
71; 1
72; 2
73; 1
74; 2
79; 1
80; 2
81; 1
82; 2
81; 1
82; 2
85; 1
86; 2
89; 1
90; 2
89; 1
90; 2
102; 1
103; 2
104; 1
105; 2
106; 1
107; 2
111; 1
112; 2
115; 1
116; 2
117; 1
118; 2
117; 1
118; 2
118; 1
119; 2
122; 1
123; 2
125; 1
126; 2
142; 1
143; 2
146; 1
147; 2
147; 1
148; 2
148; 1
149; 2
149; 1
150; 2
152; 1
153; 2
154; 1
155; 2
155; 1
156; 2
158; 1
159; 2
160; 1
161; 2
161; 1
162; 2
177; 1
178; 2
178; 1
179; 2
179; 1
180; 2
183; 1
184; 2
186; 1
187; 2
199; 1
200; 2
210; 1
211; 2
212; 1
213; 2
212; 1
213; 2
216; 1
217; 2
226; 1
227; 2
231; 1
232; 2
233; 1
234; 2
255; 1
256; 2
269; 1
270; 2
270; 1
271; 2
277; 1
278; 2
279; 1
280; 2
291; 1
292; 2
295; 1
296; 2
312; 1
313; 2
312; 1
313; 2
329; 1
330; 2
330; 1
331; 2
333; 1
334; 2
333; 1
334; 2
347; 1
348; 2
356; 1
357; 2
365; 1
366; 2
380; 1
381; 2
395; 1
396; 2
398; 1
399; 2
400; 1
401; 2
409; 1
410; 2
412; 1
413; 2
413; 1
414; 2
419; 1
420; 2
423; 1
424; 2
429; 1
430; 2
435; 1
436; 2
436; 1
437; 2
437; 1
438; 2
439; 1
440; 2
449; 1
450; 2
451; 1
452; 2
453; 1
454; 2
460; 1
461; 2
465; 1
466; 2
466; 1
467; 2
467; 1
468; 2
468; 1
469; 2
468; 1
469; 2
468; 1
469; 2
470; 1
471; 2
476; 1
477; 2
486; 1
487; 2
487; 1
488; 2
496; 1
497; 2
502; 1
503; 2
504; 1
505; 2
511; 1
512; 2
515; 1
516; 2
520; 1
521; 2
524; 1
525; 2
527; 1
528; 2
535; 1
536; 2
545; 1
546; 2
548; 1
549; 2
552; 1
553; 2
553; 1
554; 2
561; 1
562; 2
564; 1
565; 2
572; 1
573; 2
573; 1
574; 2
587; 1
588; 2
595; 1
596; 2
596; 1
597; 2
608; 1
609; 2
617; 1
618; 2
620; 1
621; 2
621; 1
622; 2
625; 1
626; 2
625; 1
626; 2
633; 1
634; 2
643; 1
644; 2
645; 1
646; 2
648; 1
649; 2
650; 1
651; 2
652; 1
653; 2
661; 1
662; 2
663; 1
664; 2
666; 1
667; 2
668; 1
669; 2
668; 1
669; 2
691; 1
692; 2
691; 1
692; 2
694; 1
695; 2
697; 1
698; 2
706; 1
707; 2
723; 1
724; 2
730; 1
731; 2
731; 1
732; 2
739; 1
740; 2
743; 1
744; 2
747; 1
748; 2
750; 1
751; 2
759; 1
760; 2
761; 1
762; 2
766; 1
767; 2
768; 1
769; 2
770; 1
771; 2
771; 1
772; 2
772; 1
773; 2
772; 1
773; 2
779; 1
780; 2
782; 1
783; 2
784; 1
785; 2
784; 1
785; 2
784; 1
785; 2
785; 1
786; 2
793; 1
794; 2
802; 1
803; 2
808; 1
809; 2
812; 1
813; 2
813; 1
814; 2
814; 1
815; 2
821; 1
822; 2
822; 1
823; 2
825; 1
826; 2
826; 1
827; 2
827; 1
828; 2
829; 1
830; 2
840; 1
841; 2
851; 1
852; 2
857; 1
858; 2
858; 1
859; 2
862; 1
863; 2
871; 1
872; 2
891; 1
892; 2
891; 1
892; 2
891; 1
892; 2
896; 1
897; 2
901; 1
902; 2
906; 1
907; 2
913; 1
914; 2
920; 1
921; 2
924; 1
925; 2
927; 1
928; 2
928; 1
929; 2
929; 1
930; 2
931; 1
932; 2
937; 1
938; 2
940; 1
941; 2
949; 1
950; 2
949; 1
950; 2
953; 1
954; 2
955; 1
956; 2
959; 1
960; 2
965; 1
966; 2
970; 1
971; 2
975; 1
976; 2
984; 1
985; 2
1003; 1
1004; 2
1008; 1
1009; 2
1014; 1
1015; 2
1018; 1
1019; 2
1019; 1
1020; 2
1025; 1
1026; 2
1030; 1
1031; 2
1037; 1
1038; 2
1037; 1
1038; 2
1046; 1
1047; 2
1051; 1
1052; 2
1053; 1
1054; 2
1077; 1
1078; 2
1086; 1
1087; 2
1090; 1
1091; 2
1090; 1
1091; 2
1093; 1
1094; 2
1097; 1
1098; 2
1103; 1
1104; 2
1110; 1
1111; 2
1122; 1
1123; 2
1124; 1
1125; 2
1126; 1
1127; 2
1132; 1
1133; 2
1135; 1
1136; 2
1146; 1
1147; 2
1154; 1
1155; 2
1160; 1
1161; 2
1162; 1
1163; 2
1166; 1
1167; 2
1169; 1
1170; 2
1174; 1
1175; 2
1174; 1
1175; 2
1176; 1
1177; 2
1183; 1
1184; 2
1190; 1
1191; 2
1192; 1
1193; 2
1197; 1
1198; 2
1200; 1
1201; 2
1201; 1
1202; 2
1205; 1
1206; 2
1207; 1
1208; 2
1207; 1
1208; 2
1220; 1
1221; 2
1231; 1
1232; 2
1235; 1
1236; 2
1240; 1
1241; 2
1244; 1
1245; 2
1252; 1
1253; 2
1253; 1
1254; 2
1255; 1
1256; 2
1258; 1
1259; 2
1258; 1
1259; 2
1259; 1
1260; 2
1260; 1
1261; 2
1260; 1
1261; 2
1263; 1
1264; 2
1267; 1
1268; 2
1276; 1
1277; 2
1277; 1
1278; 2
1290; 1
1291; 2
1297; 1
1298; 2
1299; 1
1300; 2
1300; 1
1301; 2
1303; 1
1304; 2
1312; 1
1313; 2
1316; 1
1317; 2
1323; 1
1324; 2
1325; 1
1326; 2
1326; 1
1327; 2
1327; 1
1328; 2
1329; 1
1330; 2
1330; 1
1331; 2
1331; 1
1332; 2
1332; 1
1333; 2
1335; 1
1336; 2
1340; 1
1341; 2
1344; 1
1345; 2
1345; 1
1346; 2
1346; 1
1347; 2
1346; 1
1347; 2
1346; 1
1347; 2
1348; 1
1349; 2
1348; 1
1349; 2
1356; 1
1357; 2
1358; 1
1359; 2
1359; 1
1360; 2
1359; 1
1360; 2
1362; 1
1363; 2
1364; 1
1365; 2
1366; 1
1367; 2
1369; 1
1370; 2
1369; 1
1370; 2
1378; 1
1379; 2
1378; 1
1379; 2
1382; 1
1383; 2
1384; 1
1385; 2
1388; 1
1389; 2
1396; 1
1397; 2
1399; 1
1400; 2
1403; 1
1404; 2
1406; 1
1407; 2
1416; 1
1417; 2
1419; 1
1420; 2
1436; 1
1437; 2
1439; 1
1440; 2
1441; 1
1442; 2
1442; 1
1443; 2
1444; 1
1445; 2
1445; 1
1446; 2
1465; 1
1466; 2
1478; 1
1479; 2
1481; 1
1482; 2
1483; 1
1484; 2
1484; 1
1485; 2
1491; 1
1492; 2
1495; 1
1496; 2
1499; 1
1500; 2
1500; 1
1501; 2
1500; 1
1501; 2
1502; 1
1503; 2
1506; 1
1507; 2
1514; 1
1515; 2
1531; 1
1532; 2
1558; 1
1559; 2
1559; 1
1560; 2
1561; 1
1562; 2
1561; 1
1562; 2
1575; 1
1576; 2
1584; 1
1585; 2
1587; 1
1588; 2
1587; 1
1588; 2
1590; 1
1591; 2
1593; 1
1594; 2
1594; 1
1595; 2
1596; 1
1597; 2
1596; 1
1597; 2
1598; 1
1599; 2
1599; 1
1600; 2
1618; 1
1619; 2
1620; 1
1621; 2
1620; 1
1621; 2
1624; 1
1625; 2
1639; 1
1640; 2
1644; 1
1645; 2
1644; 1
1645; 2
1652; 1
1653; 2
1655; 1
1656; 2
1659; 1
1660; 2
1659; 1
1660; 2
1662; 1
1663; 2
1665; 1
1666; 2
1665; 1
1666; 2
1668; 1
1669; 2
1669; 1
1670; 2
1670; 1
1671; 2
1676; 1
1677; 2
1681; 1
1682; 2
1690; 1
1691; 2
1696; 1
1697; 2
1700; 1
1701; 2
1702; 1
1703; 2
1718; 1
1719; 2
1721; 1
1722; 2
1721; 1
1722; 2
1724; 1
1725; 2
1726; 1
1727; 2
1732; 1
1733; 2
1732; 1
1733; 2
1733; 1
1734; 2
1747; 1
1748; 2
1765; 1
1766; 2
1773; 1
1774; 2
1774; 1
1775; 2
1775; 1
1776; 2
1780; 1
1781; 2
1785; 1
1786; 2
1792; 1
1793; 2
1800; 1
1801; 2
1801; 1
1802; 2
1807; 1
1808; 2
1824; 1
1825; 2
1825; 1
1826; 2
1840; 1
1841; 2
1842; 1
1843; 2
1849; 1
1850; 2
1851; 1
1852; 2
1855; 1
1856; 2
1859; 1
1860; 2
1862; 1
1863; 2
1863; 1
1864; 2
1881; 1
1882; 2
1882; 1
1883; 2
1891; 1
1892; 2
1896; 1
1897; 2
1896; 1
1897; 2
1906; 1
1907; 2
1913; 1
1914; 2
1914; 1
1915; 2
1919; 1
1920; 2
1920; 1
1921; 2
1924; 1
1925; 2
1926; 1
1927; 2
1930; 1
1931; 2
1942; 1
1943; 2
1959; 1
1960; 2
1983; 1
1984; 2
1993; 1
1994; 2
1997; 1
1998; 2
1997; 1
1998; 2
1999; 1
2000; 2
1999; 1
2000; 2
2019; 1
2020; 2
2024; 1
2025; 2
2032; 1
2033; 2
2035; 1
2036; 2
2037; 1
2038; 2
2038; 1
2039; 2
2040; 1
2041; 2
2047; 1
2048; 2
2048; 1
2049; 2
2051; 1
2052; 2
2055; 1
2056; 2
2056; 1
2057; 2
2066; 1
2067; 2
2067; 1
2068; 2
2071; 1
2072; 2
2079; 1
2080; 2
2083; 1
2084; 2
2087; 1
2088; 2
2092; 1
2093; 2
2101; 1
2102; 2
2116; 1
2117; 2
2117; 1
2118; 2
2121; 1
2122; 2
2130; 1
2131; 2
2130; 1
2131; 2
2134; 1
2135; 2
2134; 1
2135; 2
2150; 1
2151; 2
2151; 1
2152; 2
2152; 1
2153; 2
2160; 1
2161; 2
2160; 1
2161; 2
2163; 1
2164; 2
2174; 1
2175; 2
2182; 1
2183; 2
2185; 1
2186; 2
2186; 1
2187; 2
2189; 1
2190; 2
2195; 1
2196; 2
2197; 1
2198; 2
2199; 1
2200; 2
2200; 1
2201; 2
2213; 1
2214; 2
2217; 1
2218; 2
2224; 1
2225; 2
2228; 1
2229; 2
2229; 1
2230; 2
2241; 1
2242; 2
2250; 1
2251; 2
2254; 1
2255; 2
2256; 1
2257; 2
2258; 1
2259; 2
2260; 1
2261; 2
2262; 1
2263; 2
2263; 1
2264; 2
2269; 1
2270; 2
2270; 1
2271; 2
2271; 1
2272; 2
2273; 1
2274; 2
2278; 1
2279; 2
2278; 1
2279; 2
2279; 1
2280; 2
2280; 1
2281; 2
2287; 1
2288; 2
2288; 1
2289; 2
2300; 1
2301; 2
2302; 1
2303; 2
2303; 1
2304; 2
2307; 1
2308; 2
2308; 1
2309; 2
2332; 1
2333; 2
2344; 1
2345; 2
2361; 1
2362; 2
2363; 1
2364; 2
2365; 1
2366; 2
2370; 1
2371; 2
2373; 1
2374; 2
2381; 1
2382; 2
2382; 1
2383; 2
2386; 1
2387; 2
2387; 1
2388; 2
2394; 1
2395; 2
2410; 1
2411; 2
2415; 1
2416; 2
2419; 1
2420; 2
2422; 1
2423; 2
2428; 1
2429; 2
2430; 1
2431; 2
2434; 1
2435; 2
2438; 1
2439; 2
2442; 1
2443; 2
2447; 1
2448; 2
2452; 1
2453; 2
2454; 1
2455; 2
2461; 1
2462; 2
2463; 1
2464; 2
2467; 1
2468; 2
2474; 1
2475; 2
2475; 1
2476; 2
2477; 1
2478; 2
2486; 1
2487; 2
2486; 1
2487; 2
2491; 1
2492; 2
2496; 1
2497; 2
2499; 1
2500; 2
2507; 1
2508; 2
2511; 1
2512; 2
2514; 1
2515; 2
2516; 1
2517; 2
2520; 1
2521; 2
2524; 1
2525; 2
2533; 1
2534; 2
2542; 1
2543; 2
2544; 1
2545; 2
2546; 1
2547; 2
2552; 1
2553; 2
2555; 1
2556; 2
2563; 1
2564; 2
2568; 1
2569; 2
2574; 1
2575; 2
2579; 1
2580; 2
2581; 1
2582; 2
2581; 1
2582; 2
2584; 1
2585; 2
2598; 1
2599; 2
2613; 1
2614; 2
2620; 1
2621; 2
2625; 1
2626; 2
2627; 1
2628; 2
2627; 1
2628; 2
2635; 1
2636; 2
2644; 1
2645; 2
2647; 1
2648; 2
2671; 1
2672; 2
2672; 1
2673; 2
2678; 1
2679; 2
2695; 1
2696; 2
2716; 1
2717; 2
2721; 1
2722; 2
2723; 1
2724; 2
2724; 1
2725; 2
2726; 1
2727; 2
2731; 1
2732; 2
2734; 1
2735; 2
2749; 1
2750; 2
2749; 1
2750; 2
2750; 1
2751; 2
2762; 1
2763; 2
2781; 1
2782; 2
2786; 1
2787; 2
2798; 1
2799; 2
2800; 1
2801; 2
2826; 1
2827; 2
2840; 1
2841; 2
2840; 1
2841; 2
2848; 1
2849; 2
2851; 1
2852; 2
2860; 1
2861; 2
2862; 1
2863; 2
2866; 1
2867; 2
2874; 1
2875; 2
2887; 1
2888; 2
2891; 1
2892; 2
2898; 1
2899; 2
2901; 1
2902; 2
2904; 1
2905; 2
2904; 1
2905; 2
2906; 1
2907; 2
2906; 1
2907; 2
2910; 1
2911; 2
2913; 1
2914; 2
2915; 1
2916; 2
2918; 1
2919; 2
2929; 1
2930; 2
2947; 1
2948; 2
2950; 1
2951; 2
2951; 1
2952; 2
2953; 1
2954; 2
2953; 1
2954; 2
2963; 1
2964; 2
2963; 1
2964; 2
2966; 1
2967; 2
2970; 1
2971; 2
2981; 1
2982; 2
2984; 1
2985; 2
2991; 1
2992; 2
2997; 1
2998; 2
3002; 1
3003; 2
3002; 1
3003; 2
3006; 1
3007; 2
3013; 1
3014; 2
3017; 1
3018; 2
3021; 1
3022; 2
3022; 1
3023; 2
3050; 1
3051; 2
3050; 1
3051; 2
3051; 1
3052; 2
3059; 1
3060; 2
3062; 1
3063; 2
3066; 1
3067; 2
3078; 1
3079; 2
3079; 1
3080; 2
3081; 1
3082; 2
3081; 1
3082; 2
3083; 1
3084; 2
3090; 1
3091; 2
3095; 1
3096; 2
3096; 1
3097; 2
3097; 1
3098; 2
3108; 1
3109; 2
3115; 1
3116; 2
3116; 1
3117; 2
3118; 1
3119; 2
3119; 1
3120; 2
3121; 1
3122; 2
3122; 1
3123; 2
3125; 1
3126; 2
3127; 1
3128; 2
3131; 1
3132; 2
3133; 1
3134; 2
3139; 1
3140; 2
3139; 1
3140; 2
3142; 1
3143; 2
3143; 1
3144; 2
3143; 1
3144; 2
3147; 1
3148; 2
3148; 1
3149; 2
3149; 1
3150; 2
3149; 1
3150; 2
3149; 1
3150; 2
3150; 1
3151; 2
3151; 1
3152; 2
3158; 1
3159; 2
3163; 1
3164; 2
3165; 1
3166; 2
3169; 1
3170; 2
3172; 1
3173; 2
3178; 1
3179; 2
3179; 1
3180; 2
3182; 1
3183; 2
3183; 1
3184; 2
3186; 1
3187; 2
3187; 1
3188; 2
3198; 1
3199; 2
3205; 1
3206; 2
3205; 1
3206; 2
3209; 1
3210; 2
3210; 1
3211; 2
3233; 1
3234; 2
3234; 1
3235; 2
3237; 1
3238; 2
3239; 1
3240; 2
3242; 1
3243; 2
3243; 1
3244; 2
3244; 1
3245; 2
3244; 1
3245; 2
3248; 1
3249; 2
3267; 1
3268; 2
3272; 1
3273; 2
3278; 1
3279; 2
3283; 1
3284; 2
3286; 1
3287; 2
3292; 1
3293; 2
3294; 1
3295; 2
3302; 1
3303; 2
3302; 1
3303; 2
3308; 1
3309; 2
3317; 1
3318; 2
3320; 1
3321; 2
3322; 1
3323; 2
3328; 1
3329; 2
3331; 1
3332; 2
3337; 1
3338; 2
3338; 1
3339; 2
3351; 1
3352; 2
3352; 1
3353; 2
3353; 1
3354; 2
3363; 1
3364; 2
3367; 1
3368; 2
3370; 1
3371; 2
3371; 1
3372; 2
3376; 1
3377; 2
3378; 1
3379; 2
3392; 1
3393; 2
3393; 1
3394; 2
3397; 1
3398; 2
3402; 1
3403; 2
3407; 1
3408; 2
3411; 1
3412; 2
3417; 1
3418; 2
3425; 1
3426; 2
3428; 1
3429; 2
3432; 1
3433; 2
3440; 1
3441; 2
3442; 1
3443; 2
3443; 1
3444; 2
3443; 1
3444; 2
3446; 1
3447; 2
3455; 1
3456; 2
3464; 1
3465; 2
3469; 1
3470; 2
3472; 1
3473; 2
3477; 1
3478; 2
3484; 1
3485; 2
3485; 1
3486; 2
3486; 1
3487; 2
3487; 1
3488; 2
3493; 1
3494; 2
3503; 1
3504; 2
3506; 1
3507; 2
3509; 1
3510; 2
3513; 1
3514; 2
3514; 1
3515; 2
3519; 1
3520; 2
3525; 1
3526; 2
3532; 1
3533; 2
3534; 1
3535; 2
3534; 1
3535; 2
3536; 1
3537; 2
3538; 1
3539; 2
3540; 1
3541; 2
3543; 1
3544; 2
3547; 1
3548; 2
3555; 1
3556; 2
3557; 1
3558; 2
3557; 1
3558; 2
3567; 1
3568; 2
3567; 1
3568; 2
3579; 1
3580; 2
3581; 1
3582; 2
3583; 1
3584; 2
3586; 1
3587; 2
3588; 1
3589; 2
3596; 1
3597; 2
3597; 1
3598; 2
3598; 1
3599; 2
3604; 1
3605; 2
3607; 1
3608; 2
3615; 1
3616; 2
3620; 1
3621; 2
3621; 1
3622; 2
3626; 1
3627; 2
3627; 1
3628; 2
3634; 1
3635; 2
3644; 1
3645; 2
3655; 1
3656; 2
3657; 1
3658; 2
3662; 1
3663; 2
3663; 1
3664; 2
3666; 1
3667; 2
3683; 1
3684; 2
3684; 1
3685; 2
3722; 1
3723; 2
3722; 1
3723; 2
3723; 1
3724; 2
3732; 1
3733; 2
3735; 1
3736; 2
3736; 1
3737; 2
3739; 1
3740; 2
3741; 1
3742; 2
3745; 1
3746; 2
3751; 1
3752; 2
3758; 1
3759; 2
3766; 1
3767; 2
3797; 1
3798; 2
3799; 1
3800; 2
3807; 1
3808; 2
3818; 1
3819; 2
3824; 1
3825; 2
3826; 1
3827; 2
3829; 1
3830; 2
3834; 1
3835; 2
3838; 1
3839; 2
3843; 1
3844; 2
3845; 1
3846; 2
3851; 1
3852; 2
3853; 1
3854; 2
3857; 1
3858; 2
3860; 1
3861; 2
3861; 1
3862; 2
3864; 1
3865; 2
3879; 1
3880; 2
3884; 1
3885; 2
3888; 1
3889; 2
3891; 1
3892; 2
3893; 1
3894; 2
3894; 1
3895; 2
3897; 1
3898; 2
3900; 1
3901; 2
3900; 1
3901; 2
3900; 1
3901; 2
3905; 1
3906; 2
3913; 1
3914; 2
3913; 1
3914; 2
3914; 1
3915; 2
3922; 1
3923; 2
3923; 1
3924; 2
3932; 1
3933; 2
3936; 1
3937; 2
3945; 1
3946; 2
3947; 1
3948; 2
3954; 1
3955; 2
3956; 1
3957; 2
3961; 1
3962; 2
3962; 1
3963; 2
3964; 1
3965; 2
3965; 1
3966; 2
3985; 1
3986; 2
3999; 1
4000; 2
4002; 1
4003; 2
4003; 1
4004; 2
4004; 1
4005; 2
4009; 1
4010; 2
4029; 1
4030; 2
4030; 1
4031; 2
4039; 1
4040; 2
4039; 1
4040; 2
4040; 1
4041; 2
4047; 1
4048; 2
4055; 1
4056; 2
4071; 1
4072; 2
4075; 1
4076; 2
4075; 1
4076; 2
4076; 1
4077; 2
4078; 1
4079; 2
4082; 1
4083; 2
4083; 1
4084; 2
4086; 1
4087; 2
4091; 1
4092; 2
4098; 1
4099; 2
4105; 1
4106; 2
4105; 1
4106; 2
4109; 1
4110; 2
4113; 1
4114; 2
4114; 1
4115; 2
4115; 1
4116; 2
4116; 1
4117; 2
4119; 1
4120; 2
4124; 1
4125; 2
4129; 1
4130; 2
4152; 1
4153; 2
4157; 1
4158; 2
4161; 1
4162; 2
4163; 1
4164; 2
4168; 1
4169; 2
4169; 1
4170; 2
4169; 1
4170; 2
4172; 1
4173; 2
4178; 1
4179; 2
4187; 1
4188; 2
4202; 1
4203; 2
4206; 1
4207; 2
4214; 1
4215; 2
4217; 1
4218; 2
4218; 1
4219; 2
4221; 1
4222; 2
4228; 1
4229; 2
4231; 1
4232; 2
4244; 1
4245; 2
4244; 1
4245; 2
4248; 1
4249; 2
4256; 1
4257; 2
4263; 1
4264; 2
4274; 1
4275; 2
4280; 1
4281; 2
4282; 1
4283; 2
4284; 1
4285; 2
4291; 1
4292; 2
4293; 1
4294; 2
4293; 1
4294; 2
4296; 1
4297; 2
4301; 1
4302; 2
4303; 1
4304; 2
4308; 1
4309; 2
4311; 1
4312; 2
4317; 1
4318; 2
4321; 1
4322; 2
4328; 1
4329; 2
4332; 1
4333; 2
4335; 1
4336; 2
4342; 1
4343; 2
4355; 1
4356; 2
4357; 1
4358; 2
4362; 1
4363; 2
4365; 1
4366; 2
4381; 1
4382; 2
4382; 1
4383; 2
4384; 1
4385; 2
4389; 1
4390; 2
4389; 1
4390; 2
4392; 1
4393; 2
4400; 1
4401; 2
4406; 1
4407; 2
4413; 1
4414; 2
4417; 1
4418; 2
4418; 1
4419; 2
4422; 1
4423; 2
4428; 1
4429; 2
4430; 1
4431; 2
4449; 1
4450; 2
4456; 1
4457; 2
4459; 1
4460; 2
4473; 1
4474; 2
4478; 1
4479; 2
4491; 1
4492; 2
4493; 1
4494; 2
4494; 1
4495; 2
4503; 1
4504; 2
4505; 1
4506; 2
4507; 1
4508; 2
4511; 1
4512; 2
4536; 1
4537; 2
4548; 1
4549; 2
4550; 1
4551; 2
4552; 1
4553; 2
4553; 1
4554; 2
4566; 1
4567; 2
4566; 1
4567; 2
4569; 1
4570; 2
4600; 1
4601; 2
4602; 1
4603; 2
4604; 1
4605; 2
4607; 1
4608; 2
4620; 1
4621; 2
4621; 1
4622; 2
4634; 1
4635; 2
4637; 1
4638; 2
4642; 1
4643; 2
4642; 1
4643; 2
4642; 1
4643; 2
4646; 1
4647; 2
4649; 1
4650; 2
4656; 1
4657; 2
4659; 1
4660; 2
4660; 1
4661; 2
4666; 1
4667; 2
4673; 1
4674; 2
4676; 1
4677; 2
4679; 1
4680; 2
4681; 1
4682; 2
4681; 1
4682; 2
4682; 1
4683; 2
4683; 1
4684; 2
4686; 1
4687; 2
4694; 1
4695; 2
4696; 1
4697; 2
4699; 1
4700; 2
4704; 1
4705; 2
4707; 1
4708; 2
4712; 1
4713; 2
4714; 1
4715; 2
4719; 1
4720; 2
4727; 1
4728; 2
4743; 1
4744; 2
4743; 1
4744; 2
4748; 1
4749; 2
4750; 1
4751; 2
4761; 1
4762; 2
4761; 1
4762; 2
4762; 1
4763; 2
4766; 1
4767; 2
4769; 1
4770; 2
4769; 1
4770; 2
4774; 1
4775; 2
4778; 1
4779; 2
4787; 1
4788; 2
4789; 1
4790; 2
4801; 1
4802; 2
4801; 1
4802; 2
4802; 1
4803; 2
4802; 1
4803; 2
4803; 1
4804; 2
4807; 1
4808; 2
4813; 1
4814; 2
4816; 1
4817; 2
4819; 1
4820; 2
4823; 1
4824; 2
4825; 1
4826; 2
4829; 1
4830; 2
4841; 1
4842; 2
4847; 1
4848; 2
4857; 1
4858; 2
4860; 1
4861; 2
4877; 1
4878; 2
4879; 1
4880; 2
4882; 1
4883; 2
4885; 1
4886; 2
4885; 1
4886; 2
4890; 1
4891; 2
4890; 1
4891; 2
4896; 1
4897; 2
4900; 1
4901; 2
4900; 1
4901; 2
4904; 1
4905; 2
4918; 1
4919; 2
4920; 1
4921; 2
4927; 1
4928; 2
4931; 1
4932; 2
4931; 1
4932; 2
4944; 1
4945; 2
4947; 1
4948; 2
4948; 1
4949; 2
4950; 1
4951; 2
4952; 1
4953; 2
4961; 1
4962; 2
4966; 1
4967; 2
4971; 1
4972; 2
4972; 1
4973; 2
4974; 1
4975; 2
4976; 1
4977; 2
4978; 1
4979; 2
4982; 1
4983; 2
4983; 1
4984; 2
4987; 1
4988; 2
4991; 1
4992; 2
4993; 1
4994; 2
5007; 1
5008; 2
5016; 1
5017; 2
5017; 1
5018; 2
5025; 1
5026; 2
5026; 1
5027; 2
5029; 1
5030; 2
5033; 1
5034; 2
5041; 1
5042; 2
5045; 1
5046; 2
5055; 1
5056; 2
5056; 1
5057; 2
5058; 1
5059; 2
5068; 1
5069; 2
5069; 1
5070; 2
5081; 1
5082; 2
5089; 1
5090; 2
5090; 1
5091; 2
5091; 1
5092; 2
5095; 1
5096; 2
5097; 1
5098; 2
5106; 1
5107; 2
5107; 1
5108; 2
5108; 1
5109; 2
5109; 1
5110; 2
5114; 1
5115; 2
5120; 1
5121; 2
5135; 1
5136; 2
5144; 1
5145; 2
5156; 1
5157; 2
5162; 1
5163; 2
5162; 1
5163; 2
5167; 1
5168; 2
5172; 1
5173; 2
5172; 1
5173; 2
5175; 1
5176; 2
5177; 1
5178; 2
5188; 1
5189; 2
5188; 1
5189; 2
5189; 1
5190; 2
5192; 1
5193; 2
5192; 1
5193; 2
5196; 1
5197; 2
5200; 1
5201; 2
5200; 1
5201; 2
5206; 1
5207; 2
5208; 1
5209; 2
5213; 1
5214; 2
5214; 1
5215; 2
5222; 1
5223; 2
5226; 1
5227; 2
5230; 1
5231; 2
5232; 1
5233; 2
5241; 1
5242; 2
5249; 1
5250; 2
5255; 1
5256; 2
5255; 1
5256; 2
5260; 1
5261; 2
5262; 1
5263; 2
5266; 1
5267; 2
5266; 1
5267; 2
5270; 1
5271; 2
5270; 1
5271; 2
5276; 1
5277; 2
5277; 1
5278; 2
5280; 1
5281; 2
5281; 1
5282; 2
5284; 1
5285; 2
5287; 1
5288; 2
5291; 1
5292; 2
5291; 1
5292; 2
5292; 1
5293; 2
5294; 1
5295; 2
5294; 1
5295; 2
5309; 1
5310; 2
5312; 1
5313; 2
5319; 1
5320; 2
5320; 1
5321; 2
5324; 1
5325; 2
5335; 1
5336; 2
5343; 1
5344; 2
5346; 1
5347; 2
5355; 1
5356; 2
5363; 1
5364; 2
5364; 1
5365; 2
5387; 1
5388; 2
5393; 1
5394; 2
5407; 1
5408; 2
5408; 1
5409; 2
5414; 1
5415; 2
5418; 1
5419; 2
5419; 1
5420; 2
5420; 1
5421; 2
5426; 1
5427; 2
5431; 1
5432; 2
5437; 1
5438; 2
5451; 1
5452; 2
5455; 1
5456; 2
5459; 1
5460; 2
5465; 1
5466; 2
5466; 1
5467; 2
5469; 1
5470; 2
5473; 1
5474; 2
5498; 1
5499; 2
5500; 1
5501; 2
5509; 1
5510; 2
5513; 1
5514; 2
5514; 1
5515; 2
5529; 1
5530; 2
5535; 1
5536; 2
5536; 1
5537; 2
5542; 1
5543; 2
5545; 1
5546; 2
5547; 1
5548; 2
5557; 1
5558; 2
5562; 1
5563; 2
5566; 1
5567; 2
5567; 1
5568; 2
5568; 1
5569; 2
5580; 1
5581; 2
5585; 1
5586; 2
5589; 1
5590; 2
5596; 1
5597; 2
5599; 1
5600; 2
5605; 1
5606; 2
5616; 1
5617; 2
5619; 1
5620; 2
5622; 1
5623; 2
5625; 1
5626; 2
5637; 1
5638; 2
5637; 1
5638; 2
5638; 1
5639; 2
5640; 1
5641; 2
5648; 1
5649; 2
5649; 1
5650; 2
5667; 1
5668; 2
5667; 1
5668; 2
5669; 1
5670; 2
5669; 1
5670; 2
5670; 1
5671; 2
5671; 1
5672; 2
5673; 1
5674; 2
5673; 1
5674; 2
5680; 1
5681; 2
5687; 1
5688; 2
5697; 1
5698; 2
5710; 1
5711; 2
5712; 1
5713; 2
5712; 1
5713; 2
5720; 1
5721; 2
5722; 1
5723; 2
5727; 1
5728; 2
5729; 1
5730; 2
5735; 1
5736; 2
5737; 1
5738; 2
5743; 1
5744; 2
5746; 1
5747; 2
5754; 1
5755; 2
5755; 1
5756; 2
5755; 1
5756; 2
5760; 1
5761; 2
5768; 1
5769; 2
5778; 1
5779; 2
5784; 1
5785; 2
5786; 1
5787; 2
5813; 1
5814; 2
5815; 1
5816; 2
5826; 1
5827; 2
5827; 1
5828; 2
5828; 1
5829; 2
5849; 1
5850; 2
5861; 1
5862; 2
5868; 1
5869; 2
5873; 1
5874; 2
5874; 1
5875; 2
5884; 1
5885; 2
5899; 1
5900; 2
5902; 1
5903; 2
5904; 1
5905; 2
5906; 1
5907; 2
5911; 1
5912; 2
5945; 1
5946; 2
5953; 1
5954; 2
5960; 1
5961; 2
5969; 1
5970; 2
5972; 1
5973; 2
5974; 1
5975; 2
5977; 1
5978; 2
5983; 1
5984; 2
5984; 1
5985; 2
5991; 1
5992; 2
5994; 1
5995; 2
5999; 1
6000; 2
6009; 1
6010; 2
6024; 1
6025; 2
6026; 1
6027; 2
6032; 1
6033; 2
6039; 1
6040; 2
6050; 1
6051; 2
6066; 1
6067; 2
6085; 1
6086; 2
6089; 1
6090; 2
6099; 1
6100; 2
6100; 1
6101; 2
6116; 1
6117; 2
6119; 1
6120; 2
6123; 1
6124; 2
6128; 1
6129; 2
6130; 1
6131; 2
6133; 1
6134; 2
6135; 1
6136; 2
6139; 1
6140; 2
6145; 1
6146; 2
6147; 1
6148; 2
6149; 1
6150; 2
6149; 1
6150; 2
6170; 1
6171; 2
6178; 1
6179; 2
6186; 1
6187; 2
6199; 1
6200; 2
6205; 1
6206; 2
6206; 1
6207; 2
6213; 1
6214; 2
6216; 1
6217; 2
6224; 1
6225; 2
6235; 1
6236; 2
6235; 1
6236; 2
6247; 1
6248; 2
6249; 1
6250; 2
6263; 1
6264; 2
6263; 1
6264; 2
6273; 1
6274; 2
6276; 1
6277; 2
6278; 1
6279; 2
6279; 1
6280; 2
6279; 1
6280; 2
6282; 1
6283; 2
6292; 1
6293; 2
6297; 1
6298; 2
6324; 1
6325; 2
6325; 1
6326; 2
6329; 1
6330; 2
6330; 1
6331; 2
6339; 1
6340; 2
6341; 1
6342; 2
6348; 1
6349; 2
6348; 1
6349; 2
6354; 1
6355; 2
6361; 1
6362; 2
6364; 1
6365; 2
6371; 1
6372; 2
6372; 1
6373; 2
6373; 1
6374; 2
6376; 1
6377; 2
6393; 1
6394; 2
6397; 1
6398; 2
6398; 1
6399; 2
6398; 1
6399; 2
6401; 1
6402; 2
6408; 1
6409; 2
6410; 1
6411; 2
6411; 1
6412; 2
6412; 1
6413; 2
6412; 1
6413; 2
6418; 1
6419; 2
6420; 1
6421; 2
6431; 1
6432; 2
6431; 1
6432; 2
6437; 1
6438; 2
6438; 1
6439; 2
6443; 1
6444; 2
6449; 1
6450; 2
6452; 1
6453; 2
6454; 1
6455; 2
6458; 1
6459; 2
6459; 1
6460; 2
6460; 1
6461; 2
6463; 1
6464; 2
6466; 1
6467; 2
6468; 1
6469; 2
6470; 1
6471; 2
6489; 1
6490; 2
6504; 1
6505; 2
6509; 1
6510; 2
6516; 1
6517; 2
6519; 1
6520; 2
6521; 1
6522; 2
6523; 1
6524; 2
6523; 1
6524; 2
6540; 1
6541; 2
6541; 1
6542; 2
6546; 1
6547; 2
6549; 1
6550; 2
6549; 1
6550; 2
6555; 1
6556; 2
6570; 1
6571; 2
6574; 1
6575; 2
6580; 1
6581; 2
6582; 1
6583; 2
6593; 1
6594; 2
6597; 1
6598; 2
6598; 1
6599; 2
6598; 1
6599; 2
6604; 1
6605; 2
6615; 1
6616; 2
6616; 1
6617; 2
6618; 1
6619; 2
6624; 1
6625; 2
6634; 1
6635; 2
6637; 1
6638; 2
6643; 1
6644; 2
6648; 1
6649; 2
6656; 1
6657; 2
6665; 1
6666; 2
6668; 1
6669; 2
6682; 1
6683; 2
6690; 1
6691; 2
6692; 1
6693; 2
6693; 1
6694; 2
6695; 1
6696; 2
6712; 1
6713; 2
6719; 1
6720; 2
6720; 1
6721; 2
6735; 1
6736; 2
6740; 1
6741; 2
6758; 1
6759; 2
6760; 1
6761; 2
6761; 1
6762; 2
6766; 1
6767; 2
6768; 1
6769; 2
6772; 1
6773; 2
6779; 1
6780; 2
6780; 1
6781; 2
6784; 1
6785; 2
6789; 1
6790; 2
6789; 1
6790; 2
6790; 1
6791; 2
6798; 1
6799; 2
6800; 1
6801; 2
6827; 1
6828; 2
6830; 1
6831; 2
6832; 1
6833; 2
6833; 1
6834; 2
6851; 1
6852; 2
6852; 1
6853; 2
6866; 1
6867; 2
6873; 1
6874; 2
6878; 1
6879; 2
6879; 1
6880; 2
6880; 1
6881; 2
6894; 1
6895; 2
6904; 1
6905; 2
6923; 1
6924; 2
6927; 1
6928; 2
6929; 1
6930; 2
6931; 1
6932; 2
6931; 1
6932; 2
6935; 1
6936; 2
6936; 1
6937; 2
6938; 1
6939; 2
6946; 1
6947; 2
6949; 1
6950; 2
6951; 1
6952; 2
6952; 1
6953; 2
6955; 1
6956; 2
6956; 1
6957; 2
6959; 1
6960; 2
6967; 1
6968; 2
6967; 1
6968; 2
6968; 1
6969; 2
6969; 1
6970; 2
6972; 1
6973; 2
6977; 1
6978; 2
6979; 1
6980; 2
6981; 1
6982; 2
6983; 1
6984; 2
6988; 1
6989; 2
6989; 1
6990; 2
6995; 1
6996; 2
6996; 1
6997; 2
6999; 1
7000; 2
7003; 1
7004; 2
7005; 1
7006; 2
7010; 1
7011; 2
7010; 1
7011; 2
7020; 1
7021; 2
7022; 1
7023; 2
7027; 1
7028; 2
7033; 1
7034; 2
7038; 1
7039; 2
7043; 1
7044; 2
7044; 1
7045; 2
7049; 1
7050; 2
7049; 1
7050; 2
7054; 1
7055; 2
7066; 1
7067; 2
7070; 1
7071; 2
7070; 1
7071; 2
7073; 1
7074; 2
7082; 1
7083; 2
7083; 1
7084; 2
7085; 1
7086; 2
7087; 1
7088; 2
7087; 1
7088; 2
7088; 1
7089; 2
7093; 1
7094; 2
7098; 1
7099; 2
7103; 1
7104; 2
7106; 1
7107; 2
7108; 1
7109; 2
7113; 1
7114; 2
7118; 1
7119; 2
7130; 1
7131; 2
7133; 1
7134; 2
7135; 1
7136; 2
7144; 1
7145; 2
7146; 1
7147; 2
7147; 1
7148; 2
7150; 1
7151; 2
7157; 1
7158; 2
7164; 1
7165; 2
7166; 1
7167; 2
7178; 1
7179; 2
7180; 1
7181; 2
7184; 1
7185; 2
7184; 1
7185; 2
7188; 1
7189; 2
7190; 1
7191; 2
7190; 1
7191; 2
7191; 1
7192; 2
7193; 1
7194; 2
7206; 1
7207; 2
7210; 1
7211; 2
7211; 1
7212; 2
7220; 1
7221; 2
7223; 1
7224; 2
7231; 1
7232; 2
7237; 1
7238; 2
7240; 1
7241; 2
7242; 1
7243; 2
7253; 1
7254; 2
7254; 1
7255; 2
7258; 1
7259; 2
7260; 1
7261; 2
7262; 1
7263; 2
7263; 1
7264; 2
7274; 1
7275; 2
7279; 1
7280; 2
7283; 1
7284; 2
7288; 1
7289; 2
7293; 1
7294; 2
7295; 1
7296; 2
7299; 1
7300; 2
7301; 1
7302; 2
7306; 1
7307; 2
7313; 1
7314; 2
7319; 1
7320; 2
7321; 1
7322; 2
7338; 1
7339; 2
7346; 1
7347; 2
7347; 1
7348; 2
7349; 1
7350; 2
7354; 1
7355; 2
7357; 1
7358; 2
7363; 1
7364; 2
7372; 1
7373; 2
7374; 1
7375; 2
7378; 1
7379; 2
7382; 1
7383; 2
7386; 1
7387; 2
7395; 1
7396; 2
7403; 1
7404; 2
7407; 1
7408; 2
7408; 1
7409; 2
7408; 1
7409; 2
7409; 1
7410; 2
7418; 1
7419; 2
7422; 1
7423; 2
7431; 1
7432; 2
7440; 1
7441; 2
7468; 1
7469; 2
7468; 1
7469; 2
7469; 1
7470; 2
7474; 1
7475; 2
7476; 1
7477; 2
7480; 1
7481; 2
7485; 1
7486; 2
7504; 1
7505; 2
7517; 1
7518; 2
7521; 1
7522; 2
7522; 1
7523; 2
7528; 1
7529; 2
7564; 1
7565; 2
7569; 1
7570; 2
7572; 1
7573; 2
7585; 1
7586; 2
7587; 1
7588; 2
7600; 1
7601; 2
7612; 1
7613; 2
7617; 1
7618; 2
7619; 1
7620; 2
7622; 1
7623; 2
7629; 1
7630; 2
7633; 1
7634; 2
7635; 1
7636; 2
7646; 1
7647; 2
7647; 1
7648; 2
7649; 1
7650; 2
7660; 1
7661; 2
7665; 1
7666; 2
7668; 1
7669; 2
7674; 1
7675; 2
7699; 1
7700; 2
7714; 1
7715; 2
7724; 1
7725; 2
7724; 1
7725; 2
7739; 1
7740; 2
7740; 1
7741; 2
7750; 1
7751; 2
7752; 1
7753; 2
7753; 1
7754; 2
7756; 1
7757; 2
7760; 1
7761; 2
7761; 1
7762; 2
7761; 1
7762; 2
7763; 1
7764; 2
7787; 1
7788; 2
7789; 1
7790; 2
7794; 1
7795; 2
7802; 1
7803; 2
7821; 1
7822; 2
7827; 1
7828; 2
7831; 1
7832; 2
7836; 1
7837; 2
7838; 1
7839; 2
7839; 1
7840; 2
7843; 1
7844; 2
7851; 1
7852; 2
7884; 1
7885; 2
7892; 1
7893; 2
7905; 1
7906; 2
7907; 1
7908; 2
7910; 1
7911; 2
7923; 1
7924; 2
7924; 1
7925; 2
7928; 1
7929; 2
7929; 1
7930; 2
7936; 1
7937; 2
7936; 1
7937; 2
7937; 1
7938; 2
7949; 1
7950; 2
7954; 1
7955; 2
7955; 1
7956; 2
7957; 1
7958; 2
7965; 1
7966; 2
7975; 1
7976; 2
7977; 1
7978; 2
7984; 1
7985; 2
7987; 1
7988; 2
7987; 1
7988; 2
8000; 1
8001; 2
8002; 1
8003; 2
8004; 1
8005; 2
8004; 1
8005; 2
8006; 1
8007; 2
8027; 1
8028; 2
8042; 1
8043; 2
8060; 1
8061; 2
8095; 1
8096; 2
8104; 1
8105; 2
8106; 1
8107; 2
8115; 1
8116; 2
8118; 1
8119; 2
8120; 1
8121; 2
8120; 1
8121; 2
8122; 1
8123; 2
8124; 1
8125; 2
8129; 1
8130; 2
8141; 1
8142; 2
8142; 1
8143; 2
8145; 1
8146; 2
8148; 1
8149; 2
8149; 1
8150; 2
8152; 1
8153; 2
8168; 1
8169; 2
8170; 1
8171; 2
8172; 1
8173; 2
8179; 1
8180; 2
8186; 1
8187; 2
8199; 1
8200; 2
8203; 1
8204; 2
8203; 1
8204; 2
8207; 1
8208; 2
8212; 1
8213; 2
8222; 1
8223; 2
8223; 1
8224; 2
8232; 1
8233; 2
8233; 1
8234; 2
8244; 1
8245; 2
8256; 1
8257; 2
8288; 1
8289; 2
8289; 1
8290; 2
8298; 1
8299; 2
8307; 1
8308; 2
8308; 1
8309; 2
8309; 1
8310; 2
8321; 1
8322; 2
8336; 1
8337; 2
8342; 1
8343; 2
8350; 1
8351; 2
8354; 1
8355; 2
8357; 1
8358; 2
8369; 1
8370; 2
8378; 1
8379; 2
8387; 1
8388; 2
8389; 1
8390; 2
8393; 1
8394; 2
8400; 1
8401; 2
8408; 1
8409; 2
8415; 1
8416; 2
8423; 1
8424; 2
8425; 1
8426; 2
8427; 1
8428; 2
8438; 1
8439; 2
8449; 1
8450; 2
8450; 1
8451; 2
8460; 1
8461; 2
8460; 1
8461; 2
8462; 1
8463; 2
8466; 1
8467; 2
8474; 1
8475; 2
8475; 1
8476; 2
8475; 1
8476; 2
8481; 1
8482; 2
8487; 1
8488; 2
8493; 1
8494; 2
8498; 1
8499; 2
8501; 1
8502; 2
8501; 1
8502; 2
8501; 1
8502; 2
8503; 1
8504; 2
8507; 1
8508; 2
8507; 1
8508; 2
8511; 1
8512; 2
8517; 1
8518; 2
8524; 1
8525; 2
8525; 1
8526; 2
8526; 1
8527; 2
8528; 1
8529; 2
8531; 1
8532; 2
8536; 1
8537; 2
8539; 1
8540; 2
8547; 1
8548; 2
8547; 1
8548; 2
8549; 1
8550; 2
8551; 1
8552; 2
8557; 1
8558; 2
8559; 1
8560; 2
8572; 1
8573; 2
8574; 1
8575; 2
8582; 1
8583; 2
8586; 1
8587; 2
8599; 1
8600; 2
8605; 1
8606; 2
8614; 1
8615; 2
8614; 1
8615; 2
8617; 1
8618; 2
8618; 1
8619; 2
8622; 1
8623; 2
8626; 1
8627; 2
8635; 1
8636; 2
8641; 1
8642; 2
8647; 1
8648; 2
8647; 1
8648; 2
8653; 1
8654; 2
8661; 1
8662; 2
8664; 1
8665; 2
8667; 1
8668; 2
8683; 1
8684; 2
8703; 1
8704; 2
8704; 1
8705; 2
8708; 1
8709; 2
8715; 1
8716; 2
8721; 1
8722; 2
8726; 1
8727; 2
8743; 1
8744; 2
8747; 1
8748; 2
8748; 1
8749; 2
8750; 1
8751; 2
8760; 1
8761; 2
8767; 1
8768; 2
8769; 1
8770; 2
8782; 1
8783; 2
8789; 1
8790; 2
8791; 1
8792; 2
8792; 1
8793; 2
8796; 1
8797; 2
8796; 1
8797; 2
8798; 1
8799; 2
8799; 1
8800; 2
8800; 1
8801; 2
8808; 1
8809; 2
8808; 1
8809; 2
8815; 1
8816; 2
8822; 1
8823; 2
8823; 1
8824; 2
8825; 1
8826; 2
8827; 1
8828; 2
8834; 1
8835; 2
8834; 1
8835; 2
8835; 1
8836; 2
8836; 1
8837; 2
8846; 1
8847; 2
8850; 1
8851; 2
8855; 1
8856; 2
8857; 1
8858; 2
8861; 1
8862; 2
8865; 1
8866; 2
8871; 1
8872; 2
8873; 1
8874; 2
8878; 1
8879; 2
8878; 1
8879; 2
8880; 1
8881; 2
8895; 1
8896; 2
8902; 1
8903; 2
8920; 1
8921; 2
8921; 1
8922; 2
8922; 1
8923; 2
8922; 1
8923; 2
8930; 1
8931; 2
8940; 1
8941; 2
8945; 1
8946; 2
8948; 1
8949; 2
8966; 1
8967; 2
8973; 1
8974; 2
8974; 1
8975; 2
8974; 1
8975; 2
8977; 1
8978; 2
8982; 1
8983; 2
8991; 1
8992; 2
8994; 1
8995; 2
9001; 1
9002; 2
9007; 1
9008; 2
9008; 1
9009; 2
9009; 1
9010; 2
9017; 1
9018; 2
9017; 1
9018; 2
9027; 1
9028; 2
9027; 1
9028; 2
9028; 1
9029; 2
9032; 1
9033; 2
9033; 1
9034; 2
9038; 1
9039; 2
9040; 1
9041; 2
9043; 1
9044; 2
9043; 1
9044; 2
9049; 1
9050; 2
9053; 1
9054; 2
9053; 1
9054; 2
9058; 1
9059; 2
9059; 1
9060; 2
9067; 1
9068; 2
9072; 1
9073; 2
9075; 1
9076; 2
9078; 1
9079; 2
9080; 1
9081; 2
9083; 1
9084; 2
9086; 1
9087; 2
9087; 1
9088; 2
9088; 1
9089; 2
9091; 1
9092; 2
9098; 1
9099; 2
9112; 1
9113; 2
9115; 1
9116; 2
9125; 1
9126; 2
9125; 1
9126; 2
9127; 1
9128; 2
9132; 1
9133; 2
9143; 1
9144; 2
9146; 1
9147; 2
9161; 1
9162; 2
9161; 1
9162; 2
9162; 1
9163; 2
9164; 1
9165; 2
9168; 1
9169; 2
9175; 1
9176; 2
9190; 1
9191; 2
9191; 1
9192; 2
9193; 1
9194; 2
9203; 1
9204; 2
9215; 1
9216; 2
9219; 1
9220; 2
9225; 1
9226; 2
9233; 1
9234; 2
9237; 1
9238; 2
9251; 1
9252; 2
9254; 1
9255; 2
9259; 1
9260; 2
9261; 1
9262; 2
9261; 1
9262; 2
9275; 1
9276; 2
9280; 1
9281; 2
9282; 1
9283; 2
9285; 1
9286; 2
9291; 1
9292; 2
9299; 1
9300; 2
9300; 1
9301; 2
9301; 1
9302; 2
9306; 1
9307; 2
9311; 1
9312; 2
9312; 1
9313; 2
9318; 1
9319; 2
9319; 1
9320; 2
9320; 1
9321; 2
9324; 1
9325; 2
9328; 1
9329; 2
9328; 1
9329; 2
9332; 1
9333; 2
9336; 1
9337; 2
9339; 1
9340; 2
9339; 1
9340; 2
9345; 1
9346; 2
9349; 1
9350; 2
9357; 1
9358; 2
9358; 1
9359; 2
9360; 1
9361; 2
9367; 1
9368; 2
9377; 1
9378; 2
9378; 1
9379; 2
9380; 1
9381; 2
9398; 1
9399; 2
9399; 1
9400; 2
9401; 1
9402; 2
9405; 1
9406; 2
9407; 1
9408; 2
9408; 1
9409; 2
9411; 1
9412; 2
9418; 1
9419; 2
9419; 1
9420; 2
9422; 1
9423; 2
9423; 1
9424; 2
9429; 1
9430; 2
9433; 1
9434; 2
9439; 1
9440; 2
9441; 1
9442; 2
9451; 1
9452; 2
9453; 1
9454; 2
9458; 1
9459; 2
9460; 1
9461; 2
9472; 1
9473; 2
9478; 1
9479; 2
9483; 1
9484; 2
9487; 1
9488; 2
9487; 1
9488; 2
9491; 1
9492; 2
9495; 1
9496; 2
9496; 1
9497; 2
9496; 1
9497; 2
9499; 1
9500; 2
9514; 1
9515; 2
9518; 1
9519; 2
9519; 1
9520; 2
9520; 1
9521; 2
9522; 1
9523; 2
9524; 1
9525; 2
9532; 1
9533; 2
9545; 1
9546; 2
9549; 1
9550; 2
9550; 1
9551; 2
9551; 1
9552; 2
9553; 1
9554; 2
9557; 1
9558; 2
9559; 1
9560; 2
9569; 1
9570; 2
9569; 1
9570; 2
9577; 1
9578; 2
9581; 1
9582; 2
9584; 1
9585; 2
9592; 1
9593; 2
9598; 1
9599; 2
9600; 1
9601; 2
9607; 1
9608; 2
9608; 1
9609; 2
9610; 1
9611; 2
9612; 1
9613; 2
9613; 1
9614; 2
9616; 1
9617; 2
9620; 1
9621; 2
9626; 1
9627; 2
9629; 1
9630; 2
9648; 1
9649; 2
9651; 1
9652; 2
9658; 1
9659; 2
9669; 1
9670; 2
9670; 1
9671; 2
9671; 1
9672; 2
9677; 1
9678; 2
9685; 1
9686; 2
9696; 1
9697; 2
9696; 1
9697; 2
9702; 1
9703; 2
9706; 1
9707; 2
9712; 1
9713; 2
9718; 1
9719; 2
9719; 1
9720; 2
9724; 1
9725; 2
9725; 1
9726; 2
9727; 1
9728; 2
9738; 1
9739; 2
9742; 1
9743; 2
9743; 1
9744; 2
9745; 1
9746; 2
9745; 1
9746; 2
9745; 1
9746; 2
9753; 1
9754; 2
9759; 1
9760; 2
9763; 1
9764; 2
9770; 1
9771; 2
9772; 1
9773; 2
9773; 1
9774; 2
9782; 1
9783; 2
9782; 1
9783; 2
9784; 1
9785; 2
9784; 1
9785; 2
9784; 1
9785; 2
9786; 1
9787; 2
9800; 1
9801; 2
9800; 1
9801; 2
9802; 1
9803; 2
9802; 1
9803; 2
9810; 1
9811; 2
9820; 1
9821; 2
9824; 1
9825; 2
9826; 1
9827; 2
9826; 1
9827; 2
9828; 1
9829; 2
9828; 1
9829; 2
9833; 1
9834; 2
9835; 1
9836; 2
9836; 1
9837; 2
9836; 1
9837; 2
9841; 1
9842; 2
9843; 1
9844; 2
9843; 1
9844; 2
9852; 1
9853; 2
9853; 1
9854; 2
9856; 1
9857; 2
9864; 1
9865; 2
9871; 1
9872; 2
9875; 1
9876; 2
9878; 1
9879; 2
9888; 1
9889; 2
9890; 1
9891; 2
9891; 1
9892; 2
9893; 1
9894; 2
9899; 1
9900; 2
9900; 1
9901; 2
9902; 1
9903; 2
9905; 1
9906; 2
9908; 1
9909; 2
9911; 1
9912; 2
9918; 1
9919; 2
9933; 1
9934; 2
9939; 1
9940; 2
9939; 1
9940; 2
9954; 1
9955; 2
9955; 1
9956; 2
9961; 1
9962; 2
9995; 1
9996; 2
9999; 1
10000; 2
10001; 1
10002; 2
10008; 1
10009; 2
