Sequence of timestamped events V1.0
Stream 0
Id =0
Name = Camera_0
Tbegin = 0
Tend = 10000
Count = 2000
10; 1
12; 2
15; 1
17; 2
17; 1
19; 2
19; 1
21; 2
20; 1
22; 2
21; 1
23; 2
22; 1
24; 2
49; 1
51; 2
50; 1
52; 2
62; 1
64; 2
63; 1
65; 2
65; 1
67; 2
71; 1
73; 2
73; 1
75; 2
73; 1
75; 2
77; 1
79; 2
81; 1
83; 2
81; 1
83; 2
94; 1
96; 2
96; 1
98; 2
98; 1
100; 2
103; 1
105; 2
107; 1
109; 2
109; 1
111; 2
109; 1
111; 2
110; 1
112; 2
114; 1
116; 2
117; 1
119; 2
134; 1
136; 2
138; 1
140; 2
139; 1
141; 2
140; 1
142; 2
141; 1
143; 2
144; 1
146; 2
146; 1
148; 2
147; 1
149; 2
150; 1
152; 2
152; 1
154; 2
153; 1
155; 2
169; 1
171; 2
170; 1
172; 2
171; 1
173; 2
175; 1
177; 2
178; 1
180; 2
191; 1
193; 2
202; 1
204; 2
204; 1
206; 2
204; 1
206; 2
208; 1
210; 2
218; 1
220; 2
223; 1
225; 2
225; 1
227; 2
247; 1
249; 2
261; 1
263; 2
262; 1
264; 2
269; 1
271; 2
271; 1
273; 2
283; 1
285; 2
287; 1
289; 2
304; 1
306; 2
304; 1
306; 2
321; 1
323; 2
322; 1
324; 2
325; 1
327; 2
325; 1
327; 2
339; 1
341; 2
348; 1
350; 2
357; 1
359; 2
372; 1
374; 2
387; 1
389; 2
390; 1
392; 2
392; 1
394; 2
401; 1
403; 2
404; 1
406; 2
405; 1
407; 2
411; 1
413; 2
415; 1
417; 2
421; 1
423; 2
427; 1
429; 2
428; 1
430; 2
429; 1
431; 2
431; 1
433; 2
441; 1
443; 2
443; 1
445; 2
445; 1
447; 2
452; 1
454; 2
457; 1
459; 2
458; 1
460; 2
459; 1
461; 2
460; 1
462; 2
460; 1
462; 2
460; 1
462; 2
462; 1
464; 2
468; 1
470; 2
478; 1
480; 2
479; 1
481; 2
488; 1
490; 2
494; 1
496; 2
496; 1
498; 2
503; 1
505; 2
507; 1
509; 2
512; 1
514; 2
516; 1
518; 2
519; 1
521; 2
527; 1
529; 2
537; 1
539; 2
540; 1
542; 2
544; 1
546; 2
545; 1
547; 2
553; 1
555; 2
556; 1
558; 2
564; 1
566; 2
565; 1
567; 2
579; 1
581; 2
587; 1
589; 2
588; 1
590; 2
600; 1
602; 2
609; 1
611; 2
612; 1
614; 2
613; 1
615; 2
617; 1
619; 2
617; 1
619; 2
625; 1
627; 2
635; 1
637; 2
637; 1
639; 2
640; 1
642; 2
642; 1
644; 2
644; 1
646; 2
653; 1
655; 2
655; 1
657; 2
658; 1
660; 2
660; 1
662; 2
660; 1
662; 2
683; 1
685; 2
683; 1
685; 2
686; 1
688; 2
689; 1
691; 2
698; 1
700; 2
715; 1
717; 2
722; 1
724; 2
723; 1
725; 2
731; 1
733; 2
735; 1
737; 2
739; 1
741; 2
742; 1
744; 2
751; 1
753; 2
753; 1
755; 2
758; 1
760; 2
760; 1
762; 2
762; 1
764; 2
763; 1
765; 2
764; 1
766; 2
764; 1
766; 2
771; 1
773; 2
774; 1
776; 2
776; 1
778; 2
776; 1
778; 2
776; 1
778; 2
777; 1
779; 2
785; 1
787; 2
794; 1
796; 2
800; 1
802; 2
804; 1
806; 2
805; 1
807; 2
806; 1
808; 2
813; 1
815; 2
814; 1
816; 2
817; 1
819; 2
818; 1
820; 2
819; 1
821; 2
821; 1
823; 2
832; 1
834; 2
843; 1
845; 2
849; 1
851; 2
850; 1
852; 2
854; 1
856; 2
863; 1
865; 2
883; 1
885; 2
883; 1
885; 2
883; 1
885; 2
888; 1
890; 2
893; 1
895; 2
898; 1
900; 2
905; 1
907; 2
912; 1
914; 2
916; 1
918; 2
919; 1
921; 2
920; 1
922; 2
921; 1
923; 2
923; 1
925; 2
929; 1
931; 2
932; 1
934; 2
941; 1
943; 2
941; 1
943; 2
945; 1
947; 2
947; 1
949; 2
951; 1
953; 2
957; 1
959; 2
962; 1
964; 2
967; 1
969; 2
976; 1
978; 2
995; 1
997; 2
1000; 1
1002; 2
1006; 1
1008; 2
1010; 1
1012; 2
1011; 1
1013; 2
1017; 1
1019; 2
1022; 1
1024; 2
1029; 1
1031; 2
1029; 1
1031; 2
1038; 1
1040; 2
1043; 1
1045; 2
1045; 1
1047; 2
1069; 1
1071; 2
1078; 1
1080; 2
1082; 1
1084; 2
1082; 1
1084; 2
1085; 1
1087; 2
1089; 1
1091; 2
1095; 1
1097; 2
1102; 1
1104; 2
1114; 1
1116; 2
1116; 1
1118; 2
1118; 1
1120; 2
1124; 1
1126; 2
1127; 1
1129; 2
1138; 1
1140; 2
1146; 1
1148; 2
1152; 1
1154; 2
1154; 1
1156; 2
1158; 1
1160; 2
1161; 1
1163; 2
1166; 1
1168; 2
1166; 1
1168; 2
1168; 1
1170; 2
1175; 1
1177; 2
1182; 1
1184; 2
1184; 1
1186; 2
1189; 1
1191; 2
1192; 1
1194; 2
1193; 1
1195; 2
1197; 1
1199; 2
1199; 1
1201; 2
1199; 1
1201; 2
1212; 1
1214; 2
1223; 1
1225; 2
1227; 1
1229; 2
1232; 1
1234; 2
1236; 1
1238; 2
1244; 1
1246; 2
1245; 1
1247; 2
1247; 1
1249; 2
1250; 1
1252; 2
1250; 1
1252; 2
1251; 1
1253; 2
1252; 1
1254; 2
1252; 1
1254; 2
1255; 1
1257; 2
1259; 1
1261; 2
1268; 1
1270; 2
1269; 1
1271; 2
1282; 1
1284; 2
1289; 1
1291; 2
1291; 1
1293; 2
1292; 1
1294; 2
1295; 1
1297; 2
1304; 1
1306; 2
1308; 1
1310; 2
1315; 1
1317; 2
1317; 1
1319; 2
1318; 1
1320; 2
1319; 1
1321; 2
1321; 1
1323; 2
1322; 1
1324; 2
1323; 1
1325; 2
1324; 1
1326; 2
1327; 1
1329; 2
1332; 1
1334; 2
1336; 1
1338; 2
1337; 1
1339; 2
1338; 1
1340; 2
1338; 1
1340; 2
1338; 1
1340; 2
1340; 1
1342; 2
1340; 1
1342; 2
1348; 1
1350; 2
1350; 1
1352; 2
1351; 1
1353; 2
1351; 1
1353; 2
1354; 1
1356; 2
1356; 1
1358; 2
1358; 1
1360; 2
1361; 1
1363; 2
1361; 1
1363; 2
1370; 1
1372; 2
1370; 1
1372; 2
1374; 1
1376; 2
1376; 1
1378; 2
1380; 1
1382; 2
1388; 1
1390; 2
1391; 1
1393; 2
1395; 1
1397; 2
1398; 1
1400; 2
1408; 1
1410; 2
1411; 1
1413; 2
1428; 1
1430; 2
1431; 1
1433; 2
1433; 1
1435; 2
1434; 1
1436; 2
1436; 1
1438; 2
1437; 1
1439; 2
1457; 1
1459; 2
1470; 1
1472; 2
1473; 1
1475; 2
1475; 1
1477; 2
1476; 1
1478; 2
1483; 1
1485; 2
1487; 1
1489; 2
1491; 1
1493; 2
1492; 1
1494; 2
1492; 1
1494; 2
1494; 1
1496; 2
1498; 1
1500; 2
1506; 1
1508; 2
1523; 1
1525; 2
1550; 1
1552; 2
1551; 1
1553; 2
1553; 1
1555; 2
1553; 1
1555; 2
1567; 1
1569; 2
1576; 1
1578; 2
1579; 1
1581; 2
1579; 1
1581; 2
1582; 1
1584; 2
1585; 1
1587; 2
1586; 1
1588; 2
1588; 1
1590; 2
1588; 1
1590; 2
1590; 1
1592; 2
1591; 1
1593; 2
1610; 1
1612; 2
1612; 1
1614; 2
1612; 1
1614; 2
1616; 1
1618; 2
1631; 1
1633; 2
1636; 1
1638; 2
1636; 1
1638; 2
1644; 1
1646; 2
1647; 1
1649; 2
1651; 1
1653; 2
1651; 1
1653; 2
1654; 1
1656; 2
1657; 1
1659; 2
1657; 1
1659; 2
1660; 1
1662; 2
1661; 1
1663; 2
1662; 1
1664; 2
1668; 1
1670; 2
1673; 1
1675; 2
1682; 1
1684; 2
1688; 1
1690; 2
1692; 1
1694; 2
1694; 1
1696; 2
1710; 1
1712; 2
1713; 1
1715; 2
1713; 1
1715; 2
1716; 1
1718; 2
1718; 1
1720; 2
1724; 1
1726; 2
1724; 1
1726; 2
1725; 1
1727; 2
1739; 1
1741; 2
1757; 1
1759; 2
1765; 1
1767; 2
1766; 1
1768; 2
1767; 1
1769; 2
1772; 1
1774; 2
1777; 1
1779; 2
1784; 1
1786; 2
1792; 1
1794; 2
1793; 1
1795; 2
1799; 1
1801; 2
1816; 1
1818; 2
1817; 1
1819; 2
1832; 1
1834; 2
1834; 1
1836; 2
1841; 1
1843; 2
1843; 1
1845; 2
1847; 1
1849; 2
1851; 1
1853; 2
1854; 1
1856; 2
1855; 1
1857; 2
1873; 1
1875; 2
1874; 1
1876; 2
1883; 1
1885; 2
1888; 1
1890; 2
1888; 1
1890; 2
1898; 1
1900; 2
1905; 1
1907; 2
1906; 1
1908; 2
1911; 1
1913; 2
1912; 1
1914; 2
1916; 1
1918; 2
1918; 1
1920; 2
1922; 1
1924; 2
1934; 1
1936; 2
1951; 1
1953; 2
1975; 1
1977; 2
1985; 1
1987; 2
1989; 1
1991; 2
1989; 1
1991; 2
1991; 1
1993; 2
1991; 1
1993; 2
2011; 1
2013; 2
2016; 1
2018; 2
2024; 1
2026; 2
2027; 1
2029; 2
2029; 1
2031; 2
2030; 1
2032; 2
2032; 1
2034; 2
2039; 1
2041; 2
2040; 1
2042; 2
2043; 1
2045; 2
2047; 1
2049; 2
2048; 1
2050; 2
2058; 1
2060; 2
2059; 1
2061; 2
2063; 1
2065; 2
2071; 1
2073; 2
2075; 1
2077; 2
2079; 1
2081; 2
2084; 1
2086; 2
2093; 1
2095; 2
2108; 1
2110; 2
2109; 1
2111; 2
2113; 1
2115; 2
2122; 1
2124; 2
2122; 1
2124; 2
2126; 1
2128; 2
2126; 1
2128; 2
2142; 1
2144; 2
2143; 1
2145; 2
2144; 1
2146; 2
2152; 1
2154; 2
2152; 1
2154; 2
2155; 1
2157; 2
2166; 1
2168; 2
2174; 1
2176; 2
2177; 1
2179; 2
2178; 1
2180; 2
2181; 1
2183; 2
2187; 1
2189; 2
2189; 1
2191; 2
2191; 1
2193; 2
2192; 1
2194; 2
2205; 1
2207; 2
2209; 1
2211; 2
2216; 1
2218; 2
2220; 1
2222; 2
2221; 1
2223; 2
2233; 1
2235; 2
2242; 1
2244; 2
2246; 1
2248; 2
2248; 1
2250; 2
2250; 1
2252; 2
2252; 1
2254; 2
2254; 1
2256; 2
2255; 1
2257; 2
2261; 1
2263; 2
2262; 1
2264; 2
2263; 1
2265; 2
2265; 1
2267; 2
2270; 1
2272; 2
2270; 1
2272; 2
2271; 1
2273; 2
2272; 1
2274; 2
2279; 1
2281; 2
2280; 1
2282; 2
2292; 1
2294; 2
2294; 1
2296; 2
2295; 1
2297; 2
2299; 1
2301; 2
2300; 1
2302; 2
2324; 1
2326; 2
2336; 1
2338; 2
2353; 1
2355; 2
2355; 1
2357; 2
2357; 1
2359; 2
2362; 1
2364; 2
2365; 1
2367; 2
2373; 1
2375; 2
2374; 1
2376; 2
2378; 1
2380; 2
2379; 1
2381; 2
2386; 1
2388; 2
2402; 1
2404; 2
2407; 1
2409; 2
2411; 1
2413; 2
2414; 1
2416; 2
2420; 1
2422; 2
2422; 1
2424; 2
2426; 1
2428; 2
2430; 1
2432; 2
2434; 1
2436; 2
2439; 1
2441; 2
2444; 1
2446; 2
2446; 1
2448; 2
2453; 1
2455; 2
2455; 1
2457; 2
2459; 1
2461; 2
2466; 1
2468; 2
2467; 1
2469; 2
2469; 1
2471; 2
2478; 1
2480; 2
2478; 1
2480; 2
2483; 1
2485; 2
2488; 1
2490; 2
2491; 1
2493; 2
2499; 1
2501; 2
2503; 1
2505; 2
2506; 1
2508; 2
2508; 1
2510; 2
2512; 1
2514; 2
2516; 1
2518; 2
2525; 1
2527; 2
2534; 1
2536; 2
2536; 1
2538; 2
2538; 1
2540; 2
2544; 1
2546; 2
2547; 1
2549; 2
2555; 1
2557; 2
2560; 1
2562; 2
2566; 1
2568; 2
2571; 1
2573; 2
2573; 1
2575; 2
2573; 1
2575; 2
2576; 1
2578; 2
2590; 1
2592; 2
2605; 1
2607; 2
2612; 1
2614; 2
2617; 1
2619; 2
2619; 1
2621; 2
2619; 1
2621; 2
2627; 1
2629; 2
2636; 1
2638; 2
2639; 1
2641; 2
2663; 1
2665; 2
2664; 1
2666; 2
2670; 1
2672; 2
2687; 1
2689; 2
2708; 1
2710; 2
2713; 1
2715; 2
2715; 1
2717; 2
2716; 1
2718; 2
2718; 1
2720; 2
2723; 1
2725; 2
2726; 1
2728; 2
2741; 1
2743; 2
2741; 1
2743; 2
2742; 1
2744; 2
2754; 1
2756; 2
2773; 1
2775; 2
2778; 1
2780; 2
2790; 1
2792; 2
2792; 1
2794; 2
2818; 1
2820; 2
2832; 1
2834; 2
2832; 1
2834; 2
2840; 1
2842; 2
2843; 1
2845; 2
2852; 1
2854; 2
2854; 1
2856; 2
2858; 1
2860; 2
2866; 1
2868; 2
2879; 1
2881; 2
2883; 1
2885; 2
2890; 1
2892; 2
2893; 1
2895; 2
2896; 1
2898; 2
2896; 1
2898; 2
2898; 1
2900; 2
2898; 1
2900; 2
2902; 1
2904; 2
2905; 1
2907; 2
2907; 1
2909; 2
2910; 1
2912; 2
2921; 1
2923; 2
2939; 1
2941; 2
2942; 1
2944; 2
2943; 1
2945; 2
2945; 1
2947; 2
2945; 1
2947; 2
2955; 1
2957; 2
2955; 1
2957; 2
2958; 1
2960; 2
2962; 1
2964; 2
2973; 1
2975; 2
2976; 1
2978; 2
2983; 1
2985; 2
2989; 1
2991; 2
2994; 1
2996; 2
2994; 1
2996; 2
2998; 1
3000; 2
3005; 1
3007; 2
3009; 1
3011; 2
3013; 1
3015; 2
3014; 1
3016; 2
3042; 1
3044; 2
3042; 1
3044; 2
3043; 1
3045; 2
3051; 1
3053; 2
3054; 1
3056; 2
3058; 1
3060; 2
3070; 1
3072; 2
3071; 1
3073; 2
3073; 1
3075; 2
3073; 1
3075; 2
3075; 1
3077; 2
3082; 1
3084; 2
3087; 1
3089; 2
3088; 1
3090; 2
3089; 1
3091; 2
3100; 1
3102; 2
3107; 1
3109; 2
3108; 1
3110; 2
3110; 1
3112; 2
3111; 1
3113; 2
3113; 1
3115; 2
3114; 1
3116; 2
3117; 1
3119; 2
3119; 1
3121; 2
3123; 1
3125; 2
3125; 1
3127; 2
3131; 1
3133; 2
3131; 1
3133; 2
3134; 1
3136; 2
3135; 1
3137; 2
3135; 1
3137; 2
3139; 1
3141; 2
3140; 1
3142; 2
3141; 1
3143; 2
3141; 1
3143; 2
3141; 1
3143; 2
3142; 1
3144; 2
3143; 1
3145; 2
3150; 1
3152; 2
3155; 1
3157; 2
3157; 1
3159; 2
3161; 1
3163; 2
3164; 1
3166; 2
3170; 1
3172; 2
3171; 1
3173; 2
3174; 1
3176; 2
3175; 1
3177; 2
3178; 1
3180; 2
3179; 1
3181; 2
3190; 1
3192; 2
3197; 1
3199; 2
3197; 1
3199; 2
3201; 1
3203; 2
3202; 1
3204; 2
3225; 1
3227; 2
3226; 1
3228; 2
3229; 1
3231; 2
3231; 1
3233; 2
3234; 1
3236; 2
3235; 1
3237; 2
3236; 1
3238; 2
3236; 1
3238; 2
3240; 1
3242; 2
3259; 1
3261; 2
3264; 1
3266; 2
3270; 1
3272; 2
3275; 1
3277; 2
3278; 1
3280; 2
3284; 1
3286; 2
3286; 1
3288; 2
3294; 1
3296; 2
3294; 1
3296; 2
3300; 1
3302; 2
3309; 1
3311; 2
3312; 1
3314; 2
3314; 1
3316; 2
3320; 1
3322; 2
3323; 1
3325; 2
3329; 1
3331; 2
3330; 1
3332; 2
3343; 1
3345; 2
3344; 1
3346; 2
3345; 1
3347; 2
3355; 1
3357; 2
3359; 1
3361; 2
3362; 1
3364; 2
3363; 1
3365; 2
3368; 1
3370; 2
3370; 1
3372; 2
3384; 1
3386; 2
3385; 1
3387; 2
3389; 1
3391; 2
3394; 1
3396; 2
3399; 1
3401; 2
3403; 1
3405; 2
3409; 1
3411; 2
3417; 1
3419; 2
3420; 1
3422; 2
3424; 1
3426; 2
3432; 1
3434; 2
3434; 1
3436; 2
3435; 1
3437; 2
3435; 1
3437; 2
3438; 1
3440; 2
3447; 1
3449; 2
3456; 1
3458; 2
3461; 1
3463; 2
3464; 1
3466; 2
3469; 1
3471; 2
3476; 1
3478; 2
3477; 1
3479; 2
3478; 1
3480; 2
3479; 1
3481; 2
3485; 1
3487; 2
3495; 1
3497; 2
3498; 1
3500; 2
3501; 1
3503; 2
3505; 1
3507; 2
3506; 1
3508; 2
3511; 1
3513; 2
3517; 1
3519; 2
3524; 1
3526; 2
3526; 1
3528; 2
3526; 1
3528; 2
3528; 1
3530; 2
3530; 1
3532; 2
3532; 1
3534; 2
3535; 1
3537; 2
3539; 1
3541; 2
3547; 1
3549; 2
3549; 1
3551; 2
3549; 1
3551; 2
3559; 1
3561; 2
3559; 1
3561; 2
3571; 1
3573; 2
3573; 1
3575; 2
3575; 1
3577; 2
3578; 1
3580; 2
3580; 1
3582; 2
3588; 1
3590; 2
3589; 1
3591; 2
3590; 1
3592; 2
3596; 1
3598; 2
3599; 1
3601; 2
3607; 1
3609; 2
3612; 1
3614; 2
3613; 1
3615; 2
3618; 1
3620; 2
3619; 1
3621; 2
3626; 1
3628; 2
3636; 1
3638; 2
3647; 1
3649; 2
3649; 1
3651; 2
3654; 1
3656; 2
3655; 1
3657; 2
3658; 1
3660; 2
3675; 1
3677; 2
3676; 1
3678; 2
3714; 1
3716; 2
3714; 1
3716; 2
3715; 1
3717; 2
3724; 1
3726; 2
3727; 1
3729; 2
3728; 1
3730; 2
3731; 1
3733; 2
3733; 1
3735; 2
3737; 1
3739; 2
3743; 1
3745; 2
3750; 1
3752; 2
3758; 1
3760; 2
3789; 1
3791; 2
3791; 1
3793; 2
3799; 1
3801; 2
3810; 1
3812; 2
3816; 1
3818; 2
3818; 1
3820; 2
3821; 1
3823; 2
3826; 1
3828; 2
3830; 1
3832; 2
3835; 1
3837; 2
3837; 1
3839; 2
3843; 1
3845; 2
3845; 1
3847; 2
3849; 1
3851; 2
3852; 1
3854; 2
3853; 1
3855; 2
3856; 1
3858; 2
3871; 1
3873; 2
3876; 1
3878; 2
3880; 1
3882; 2
3883; 1
3885; 2
3885; 1
3887; 2
3886; 1
3888; 2
3889; 1
3891; 2
3892; 1
3894; 2
3892; 1
3894; 2
3892; 1
3894; 2
3897; 1
3899; 2
3905; 1
3907; 2
3905; 1
3907; 2
3906; 1
3908; 2
3914; 1
3916; 2
3915; 1
3917; 2
3924; 1
3926; 2
3928; 1
3930; 2
3937; 1
3939; 2
3939; 1
3941; 2
3946; 1
3948; 2
3948; 1
3950; 2
3953; 1
3955; 2
3954; 1
3956; 2
3956; 1
3958; 2
3957; 1
3959; 2
3977; 1
3979; 2
3991; 1
3993; 2
3994; 1
3996; 2
3995; 1
3997; 2
3996; 1
3998; 2
4001; 1
4003; 2
4021; 1
4023; 2
4022; 1
4024; 2
4031; 1
4033; 2
4031; 1
4033; 2
4032; 1
4034; 2
4039; 1
4041; 2
4047; 1
4049; 2
4063; 1
4065; 2
4067; 1
4069; 2
4067; 1
4069; 2
4068; 1
4070; 2
4070; 1
4072; 2
4074; 1
4076; 2
4075; 1
4077; 2
4078; 1
4080; 2
4083; 1
4085; 2
4090; 1
4092; 2
4097; 1
4099; 2
4097; 1
4099; 2
4101; 1
4103; 2
4105; 1
4107; 2
4106; 1
4108; 2
4107; 1
4109; 2
4108; 1
4110; 2
4111; 1
4113; 2
4116; 1
4118; 2
4121; 1
4123; 2
4144; 1
4146; 2
4149; 1
4151; 2
4153; 1
4155; 2
4155; 1
4157; 2
4160; 1
4162; 2
4161; 1
4163; 2
4161; 1
4163; 2
4164; 1
4166; 2
4170; 1
4172; 2
4179; 1
4181; 2
4194; 1
4196; 2
4198; 1
4200; 2
4206; 1
4208; 2
4209; 1
4211; 2
4210; 1
4212; 2
4213; 1
4215; 2
4220; 1
4222; 2
4223; 1
4225; 2
4236; 1
4238; 2
4236; 1
4238; 2
4240; 1
4242; 2
4248; 1
4250; 2
4255; 1
4257; 2
4266; 1
4268; 2
4272; 1
4274; 2
4274; 1
4276; 2
4276; 1
4278; 2
4283; 1
4285; 2
4285; 1
4287; 2
4285; 1
4287; 2
4288; 1
4290; 2
4293; 1
4295; 2
4295; 1
4297; 2
4300; 1
4302; 2
4303; 1
4305; 2
4309; 1
4311; 2
4313; 1
4315; 2
4320; 1
4322; 2
4324; 1
4326; 2
4327; 1
4329; 2
4334; 1
4336; 2
4347; 1
4349; 2
4349; 1
4351; 2
4354; 1
4356; 2
4357; 1
4359; 2
4373; 1
4375; 2
4374; 1
4376; 2
4376; 1
4378; 2
4381; 1
4383; 2
4381; 1
4383; 2
4384; 1
4386; 2
4392; 1
4394; 2
4398; 1
4400; 2
4405; 1
4407; 2
4409; 1
4411; 2
4410; 1
4412; 2
4414; 1
4416; 2
4420; 1
4422; 2
4422; 1
4424; 2
4441; 1
4443; 2
4448; 1
4450; 2
4451; 1
4453; 2
4465; 1
4467; 2
4470; 1
4472; 2
4483; 1
4485; 2
4485; 1
4487; 2
4486; 1
4488; 2
4495; 1
4497; 2
4497; 1
4499; 2
4499; 1
4501; 2
4503; 1
4505; 2
4528; 1
4530; 2
4540; 1
4542; 2
4542; 1
4544; 2
4544; 1
4546; 2
4545; 1
4547; 2
4558; 1
4560; 2
4558; 1
4560; 2
4561; 1
4563; 2
4592; 1
4594; 2
4594; 1
4596; 2
4596; 1
4598; 2
4599; 1
4601; 2
4612; 1
4614; 2
4613; 1
4615; 2
4626; 1
4628; 2
4629; 1
4631; 2
4634; 1
4636; 2
4634; 1
4636; 2
4634; 1
4636; 2
4638; 1
4640; 2
4641; 1
4643; 2
4648; 1
4650; 2
4651; 1
4653; 2
4652; 1
4654; 2
4658; 1
4660; 2
4665; 1
4667; 2
4668; 1
4670; 2
4671; 1
4673; 2
4673; 1
4675; 2
4673; 1
4675; 2
4674; 1
4676; 2
4675; 1
4677; 2
4678; 1
4680; 2
4686; 1
4688; 2
4688; 1
4690; 2
4691; 1
4693; 2
4696; 1
4698; 2
4699; 1
4701; 2
4704; 1
4706; 2
4706; 1
4708; 2
4711; 1
4713; 2
4719; 1
4721; 2
4735; 1
4737; 2
4735; 1
4737; 2
4740; 1
4742; 2
4742; 1
4744; 2
4753; 1
4755; 2
4753; 1
4755; 2
4754; 1
4756; 2
4758; 1
4760; 2
4761; 1
4763; 2
4761; 1
4763; 2
4766; 1
4768; 2
4770; 1
4772; 2
4779; 1
4781; 2
4781; 1
4783; 2
4793; 1
4795; 2
4793; 1
4795; 2
4794; 1
4796; 2
4794; 1
4796; 2
4795; 1
4797; 2
4799; 1
4801; 2
4805; 1
4807; 2
4808; 1
4810; 2
4811; 1
4813; 2
4815; 1
4817; 2
4817; 1
4819; 2
4821; 1
4823; 2
4833; 1
4835; 2
4839; 1
4841; 2
4849; 1
4851; 2
4852; 1
4854; 2
4869; 1
4871; 2
4871; 1
4873; 2
4874; 1
4876; 2
4877; 1
4879; 2
4877; 1
4879; 2
4882; 1
4884; 2
4882; 1
4884; 2
4888; 1
4890; 2
4892; 1
4894; 2
4892; 1
4894; 2
4896; 1
4898; 2
4910; 1
4912; 2
4912; 1
4914; 2
4919; 1
4921; 2
4923; 1
4925; 2
4923; 1
4925; 2
4936; 1
4938; 2
4939; 1
4941; 2
4940; 1
4942; 2
4942; 1
4944; 2
4944; 1
4946; 2
4953; 1
4955; 2
4958; 1
4960; 2
4963; 1
4965; 2
4964; 1
4966; 2
4966; 1
4968; 2
4968; 1
4970; 2
4970; 1
4972; 2
4974; 1
4976; 2
4975; 1
4977; 2
4979; 1
4981; 2
4983; 1
4985; 2
4985; 1
4987; 2
4999; 1
5001; 2
5008; 1
5010; 2
5009; 1
5011; 2
5017; 1
5019; 2
5018; 1
5020; 2
5021; 1
5023; 2
5025; 1
5027; 2
5033; 1
5035; 2
5037; 1
5039; 2
5047; 1
5049; 2
5048; 1
5050; 2
5050; 1
5052; 2
5060; 1
5062; 2
5061; 1
5063; 2
5073; 1
5075; 2
5081; 1
5083; 2
5082; 1
5084; 2
5083; 1
5085; 2
5087; 1
5089; 2
5089; 1
5091; 2
5098; 1
5100; 2
5099; 1
5101; 2
5100; 1
5102; 2
5101; 1
5103; 2
5106; 1
5108; 2
5112; 1
5114; 2
5127; 1
5129; 2
5136; 1
5138; 2
5148; 1
5150; 2
5154; 1
5156; 2
5154; 1
5156; 2
5159; 1
5161; 2
5164; 1
5166; 2
5164; 1
5166; 2
5167; 1
5169; 2
5169; 1
5171; 2
5180; 1
5182; 2
5180; 1
5182; 2
5181; 1
5183; 2
5184; 1
5186; 2
5184; 1
5186; 2
5188; 1
5190; 2
5192; 1
5194; 2
5192; 1
5194; 2
5198; 1
5200; 2
5200; 1
5202; 2
5205; 1
5207; 2
5206; 1
5208; 2
5214; 1
5216; 2
5218; 1
5220; 2
5222; 1
5224; 2
5224; 1
5226; 2
5233; 1
5235; 2
5241; 1
5243; 2
5247; 1
5249; 2
5247; 1
5249; 2
5252; 1
5254; 2
5254; 1
5256; 2
5258; 1
5260; 2
5258; 1
5260; 2
5262; 1
5264; 2
5262; 1
5264; 2
5268; 1
5270; 2
5269; 1
5271; 2
5272; 1
5274; 2
5273; 1
5275; 2
5276; 1
5278; 2
5279; 1
5281; 2
5283; 1
5285; 2
5283; 1
5285; 2
5284; 1
5286; 2
5286; 1
5288; 2
5286; 1
5288; 2
5301; 1
5303; 2
5304; 1
5306; 2
5311; 1
5313; 2
5312; 1
5314; 2
5316; 1
5318; 2
5327; 1
5329; 2
5335; 1
5337; 2
5338; 1
5340; 2
5347; 1
5349; 2
5355; 1
5357; 2
5356; 1
5358; 2
5379; 1
5381; 2
5385; 1
5387; 2
5399; 1
5401; 2
5400; 1
5402; 2
5406; 1
5408; 2
5410; 1
5412; 2
5411; 1
5413; 2
5412; 1
5414; 2
5418; 1
5420; 2
5423; 1
5425; 2
5429; 1
5431; 2
5443; 1
5445; 2
5447; 1
5449; 2
5451; 1
5453; 2
5457; 1
5459; 2
5458; 1
5460; 2
5461; 1
5463; 2
5465; 1
5467; 2
5490; 1
5492; 2
5492; 1
5494; 2
5501; 1
5503; 2
5505; 1
5507; 2
5506; 1
5508; 2
5521; 1
5523; 2
5527; 1
5529; 2
5528; 1
5530; 2
5534; 1
5536; 2
5537; 1
5539; 2
5539; 1
5541; 2
5549; 1
5551; 2
5554; 1
5556; 2
5558; 1
5560; 2
5559; 1
5561; 2
5560; 1
5562; 2
5572; 1
5574; 2
5577; 1
5579; 2
5581; 1
5583; 2
5588; 1
5590; 2
5591; 1
5593; 2
5597; 1
5599; 2
5608; 1
5610; 2
5611; 1
5613; 2
5614; 1
5616; 2
5617; 1
5619; 2
5629; 1
5631; 2
5629; 1
5631; 2
5630; 1
5632; 2
5632; 1
5634; 2
5640; 1
5642; 2
5641; 1
5643; 2
5659; 1
5661; 2
5659; 1
5661; 2
5661; 1
5663; 2
5661; 1
5663; 2
5662; 1
5664; 2
5663; 1
5665; 2
5665; 1
5667; 2
5665; 1
5667; 2
5672; 1
5674; 2
5679; 1
5681; 2
5689; 1
5691; 2
5702; 1
5704; 2
5704; 1
5706; 2
5704; 1
5706; 2
5712; 1
5714; 2
5714; 1
5716; 2
5719; 1
5721; 2
5721; 1
5723; 2
5727; 1
5729; 2
5729; 1
5731; 2
5735; 1
5737; 2
5738; 1
5740; 2
5746; 1
5748; 2
5747; 1
5749; 2
5747; 1
5749; 2
5752; 1
5754; 2
5760; 1
5762; 2
5770; 1
5772; 2
5776; 1
5778; 2
5778; 1
5780; 2
5805; 1
5807; 2
5807; 1
5809; 2
5818; 1
5820; 2
5819; 1
5821; 2
5820; 1
5822; 2
5841; 1
5843; 2
5853; 1
5855; 2
5860; 1
5862; 2
5865; 1
5867; 2
5866; 1
5868; 2
5876; 1
5878; 2
5891; 1
5893; 2
5894; 1
5896; 2
5896; 1
5898; 2
5898; 1
5900; 2
5903; 1
5905; 2
5937; 1
5939; 2
5945; 1
5947; 2
5952; 1
5954; 2
5961; 1
5963; 2
5964; 1
5966; 2
5966; 1
5968; 2
5969; 1
5971; 2
5975; 1
5977; 2
5976; 1
5978; 2
5983; 1
5985; 2
5986; 1
5988; 2
5991; 1
5993; 2
6001; 1
6003; 2
6016; 1
6018; 2
6018; 1
6020; 2
6024; 1
6026; 2
6031; 1
6033; 2
6042; 1
6044; 2
6058; 1
6060; 2
6077; 1
6079; 2
6081; 1
6083; 2
6091; 1
6093; 2
6092; 1
6094; 2
6108; 1
6110; 2
6111; 1
6113; 2
6115; 1
6117; 2
6120; 1
6122; 2
6122; 1
6124; 2
6125; 1
6127; 2
6127; 1
6129; 2
6131; 1
6133; 2
6137; 1
6139; 2
6139; 1
6141; 2
6141; 1
6143; 2
6141; 1
6143; 2
6162; 1
6164; 2
6170; 1
6172; 2
6178; 1
6180; 2
6191; 1
6193; 2
6197; 1
6199; 2
6198; 1
6200; 2
6205; 1
6207; 2
6208; 1
6210; 2
6216; 1
6218; 2
6227; 1
6229; 2
6227; 1
6229; 2
6239; 1
6241; 2
6241; 1
6243; 2
6255; 1
6257; 2
6255; 1
6257; 2
6265; 1
6267; 2
6268; 1
6270; 2
6270; 1
6272; 2
6271; 1
6273; 2
6271; 1
6273; 2
6274; 1
6276; 2
6284; 1
6286; 2
6289; 1
6291; 2
6316; 1
6318; 2
6317; 1
6319; 2
6321; 1
6323; 2
6322; 1
6324; 2
6331; 1
6333; 2
6333; 1
6335; 2
6340; 1
6342; 2
6340; 1
6342; 2
6346; 1
6348; 2
6353; 1
6355; 2
6356; 1
6358; 2
6363; 1
6365; 2
6364; 1
6366; 2
6365; 1
6367; 2
6368; 1
6370; 2
6385; 1
6387; 2
6389; 1
6391; 2
6390; 1
6392; 2
6390; 1
6392; 2
6393; 1
6395; 2
6400; 1
6402; 2
6402; 1
6404; 2
6403; 1
6405; 2
6404; 1
6406; 2
6404; 1
6406; 2
6410; 1
6412; 2
6412; 1
6414; 2
6423; 1
6425; 2
6423; 1
6425; 2
6429; 1
6431; 2
6430; 1
6432; 2
6435; 1
6437; 2
6441; 1
6443; 2
6444; 1
6446; 2
6446; 1
6448; 2
6450; 1
6452; 2
6451; 1
6453; 2
6452; 1
6454; 2
6455; 1
6457; 2
6458; 1
6460; 2
6460; 1
6462; 2
6462; 1
6464; 2
6481; 1
6483; 2
6496; 1
6498; 2
6501; 1
6503; 2
6508; 1
6510; 2
6511; 1
6513; 2
6513; 1
6515; 2
6515; 1
6517; 2
6515; 1
6517; 2
6532; 1
6534; 2
6533; 1
6535; 2
6538; 1
6540; 2
6541; 1
6543; 2
6541; 1
6543; 2
6547; 1
6549; 2
6562; 1
6564; 2
6566; 1
6568; 2
6572; 1
6574; 2
6574; 1
6576; 2
6585; 1
6587; 2
6589; 1
6591; 2
6590; 1
6592; 2
6590; 1
6592; 2
6596; 1
6598; 2
6607; 1
6609; 2
6608; 1
6610; 2
6610; 1
6612; 2
6616; 1
6618; 2
6626; 1
6628; 2
6629; 1
6631; 2
6635; 1
6637; 2
6640; 1
6642; 2
6648; 1
6650; 2
6657; 1
6659; 2
6660; 1
6662; 2
6674; 1
6676; 2
6682; 1
6684; 2
6684; 1
6686; 2
6685; 1
6687; 2
6687; 1
6689; 2
6704; 1
6706; 2
6711; 1
6713; 2
6712; 1
6714; 2
6727; 1
6729; 2
6732; 1
6734; 2
6750; 1
6752; 2
6752; 1
6754; 2
6753; 1
6755; 2
6758; 1
6760; 2
6760; 1
6762; 2
6764; 1
6766; 2
6771; 1
6773; 2
6772; 1
6774; 2
6776; 1
6778; 2
6781; 1
6783; 2
6781; 1
6783; 2
6782; 1
6784; 2
6790; 1
6792; 2
6792; 1
6794; 2
6819; 1
6821; 2
6822; 1
6824; 2
6824; 1
6826; 2
6825; 1
6827; 2
6843; 1
6845; 2
6844; 1
6846; 2
6858; 1
6860; 2
6865; 1
6867; 2
6870; 1
6872; 2
6871; 1
6873; 2
6872; 1
6874; 2
6886; 1
6888; 2
6896; 1
6898; 2
6915; 1
6917; 2
6919; 1
6921; 2
6921; 1
6923; 2
6923; 1
6925; 2
6923; 1
6925; 2
6927; 1
6929; 2
6928; 1
6930; 2
6930; 1
6932; 2
6938; 1
6940; 2
6941; 1
6943; 2
6943; 1
6945; 2
6944; 1
6946; 2
6947; 1
6949; 2
6948; 1
6950; 2
6951; 1
6953; 2
6959; 1
6961; 2
6959; 1
6961; 2
6960; 1
6962; 2
6961; 1
6963; 2
6964; 1
6966; 2
6969; 1
6971; 2
6971; 1
6973; 2
6973; 1
6975; 2
6975; 1
6977; 2
6980; 1
6982; 2
6981; 1
6983; 2
6987; 1
6989; 2
6988; 1
6990; 2
6991; 1
6993; 2
6995; 1
6997; 2
6997; 1
6999; 2
7002; 1
7004; 2
7002; 1
7004; 2
7012; 1
7014; 2
7014; 1
7016; 2
7019; 1
7021; 2
7025; 1
7027; 2
7030; 1
7032; 2
7035; 1
7037; 2
7036; 1
7038; 2
7041; 1
7043; 2
7041; 1
7043; 2
7046; 1
7048; 2
7058; 1
7060; 2
7062; 1
7064; 2
7062; 1
7064; 2
7065; 1
7067; 2
7074; 1
7076; 2
7075; 1
7077; 2
7077; 1
7079; 2
7079; 1
7081; 2
7079; 1
7081; 2
7080; 1
7082; 2
7085; 1
7087; 2
7090; 1
7092; 2
7095; 1
7097; 2
7098; 1
7100; 2
7100; 1
7102; 2
7105; 1
7107; 2
7110; 1
7112; 2
7122; 1
7124; 2
7125; 1
7127; 2
7127; 1
7129; 2
7136; 1
7138; 2
7138; 1
7140; 2
7139; 1
7141; 2
7142; 1
7144; 2
7149; 1
7151; 2
7156; 1
7158; 2
7158; 1
7160; 2
7170; 1
7172; 2
7172; 1
7174; 2
7176; 1
7178; 2
7176; 1
7178; 2
7180; 1
7182; 2
7182; 1
7184; 2
7182; 1
7184; 2
7183; 1
7185; 2
7185; 1
7187; 2
7198; 1
7200; 2
7202; 1
7204; 2
7203; 1
7205; 2
7212; 1
7214; 2
7215; 1
7217; 2
7223; 1
7225; 2
7229; 1
7231; 2
7232; 1
7234; 2
7234; 1
7236; 2
7245; 1
7247; 2
7246; 1
7248; 2
7250; 1
7252; 2
7252; 1
7254; 2
7254; 1
7256; 2
7255; 1
7257; 2
7266; 1
7268; 2
7271; 1
7273; 2
7275; 1
7277; 2
7280; 1
7282; 2
7285; 1
7287; 2
7287; 1
7289; 2
7291; 1
7293; 2
7293; 1
7295; 2
7298; 1
7300; 2
7305; 1
7307; 2
7311; 1
7313; 2
7313; 1
7315; 2
7330; 1
7332; 2
7338; 1
7340; 2
7339; 1
7341; 2
7341; 1
7343; 2
7346; 1
7348; 2
7349; 1
7351; 2
7355; 1
7357; 2
7364; 1
7366; 2
7366; 1
7368; 2
7370; 1
7372; 2
7374; 1
7376; 2
7378; 1
7380; 2
7387; 1
7389; 2
7395; 1
7397; 2
7399; 1
7401; 2
7400; 1
7402; 2
7400; 1
7402; 2
7401; 1
7403; 2
7410; 1
7412; 2
7414; 1
7416; 2
7423; 1
7425; 2
7432; 1
7434; 2
7460; 1
7462; 2
7460; 1
7462; 2
7461; 1
7463; 2
7466; 1
7468; 2
7468; 1
7470; 2
7472; 1
7474; 2
7477; 1
7479; 2
7496; 1
7498; 2
7509; 1
7511; 2
7513; 1
7515; 2
7514; 1
7516; 2
7520; 1
7522; 2
7556; 1
7558; 2
7561; 1
7563; 2
7564; 1
7566; 2
7577; 1
7579; 2
7579; 1
7581; 2
7592; 1
7594; 2
7604; 1
7606; 2
7609; 1
7611; 2
7611; 1
7613; 2
7614; 1
7616; 2
7621; 1
7623; 2
7625; 1
7627; 2
7627; 1
7629; 2
7638; 1
7640; 2
7639; 1
7641; 2
7641; 1
7643; 2
7652; 1
7654; 2
7657; 1
7659; 2
7660; 1
7662; 2
7666; 1
7668; 2
7691; 1
7693; 2
7706; 1
7708; 2
7716; 1
7718; 2
7716; 1
7718; 2
7731; 1
7733; 2
7732; 1
7734; 2
7742; 1
7744; 2
7744; 1
7746; 2
7745; 1
7747; 2
7748; 1
7750; 2
7752; 1
7754; 2
7753; 1
7755; 2
7753; 1
7755; 2
7755; 1
7757; 2
7779; 1
7781; 2
7781; 1
7783; 2
7786; 1
7788; 2
7794; 1
7796; 2
7813; 1
7815; 2
7819; 1
7821; 2
7823; 1
7825; 2
7828; 1
7830; 2
7830; 1
7832; 2
7831; 1
7833; 2
7835; 1
7837; 2
7843; 1
7845; 2
7876; 1
7878; 2
7884; 1
7886; 2
7897; 1
7899; 2
7899; 1
7901; 2
7902; 1
7904; 2
7915; 1
7917; 2
7916; 1
7918; 2
7920; 1
7922; 2
7921; 1
7923; 2
7928; 1
7930; 2
7928; 1
7930; 2
7929; 1
7931; 2
7941; 1
7943; 2
7946; 1
7948; 2
7947; 1
7949; 2
7949; 1
7951; 2
7957; 1
7959; 2
7967; 1
7969; 2
7969; 1
7971; 2
7976; 1
7978; 2
7979; 1
7981; 2
7979; 1
7981; 2
7992; 1
7994; 2
7994; 1
7996; 2
7996; 1
7998; 2
7996; 1
7998; 2
7998; 1
8000; 2
8019; 1
8021; 2
8034; 1
8036; 2
8052; 1
8054; 2
8087; 1
8089; 2
8096; 1
8098; 2
8098; 1
8100; 2
8107; 1
8109; 2
8110; 1
8112; 2
8112; 1
8114; 2
8112; 1
8114; 2
8114; 1
8116; 2
8116; 1
8118; 2
8121; 1
8123; 2
8133; 1
8135; 2
8134; 1
8136; 2
8137; 1
8139; 2
8140; 1
8142; 2
8141; 1
8143; 2
8144; 1
8146; 2
8160; 1
8162; 2
8162; 1
8164; 2
8164; 1
8166; 2
8171; 1
8173; 2
8178; 1
8180; 2
8191; 1
8193; 2
8195; 1
8197; 2
8195; 1
8197; 2
8199; 1
8201; 2
8204; 1
8206; 2
8214; 1
8216; 2
8215; 1
8217; 2
8224; 1
8226; 2
8225; 1
8227; 2
8236; 1
8238; 2
8248; 1
8250; 2
8280; 1
8282; 2
8281; 1
8283; 2
8290; 1
8292; 2
8299; 1
8301; 2
8300; 1
8302; 2
8301; 1
8303; 2
8313; 1
8315; 2
8328; 1
8330; 2
8334; 1
8336; 2
8342; 1
8344; 2
8346; 1
8348; 2
8349; 1
8351; 2
8361; 1
8363; 2
8370; 1
8372; 2
8379; 1
8381; 2
8381; 1
8383; 2
8385; 1
8387; 2
8392; 1
8394; 2
8400; 1
8402; 2
8407; 1
8409; 2
8415; 1
8417; 2
8417; 1
8419; 2
8419; 1
8421; 2
8430; 1
8432; 2
8441; 1
8443; 2
8442; 1
8444; 2
8452; 1
8454; 2
8452; 1
8454; 2
8454; 1
8456; 2
8458; 1
8460; 2
8466; 1
8468; 2
8467; 1
8469; 2
8467; 1
8469; 2
8473; 1
8475; 2
8479; 1
8481; 2
8485; 1
8487; 2
8490; 1
8492; 2
8493; 1
8495; 2
8493; 1
8495; 2
8493; 1
8495; 2
8495; 1
8497; 2
8499; 1
8501; 2
8499; 1
8501; 2
8503; 1
8505; 2
8509; 1
8511; 2
8516; 1
8518; 2
8517; 1
8519; 2
8518; 1
8520; 2
8520; 1
8522; 2
8523; 1
8525; 2
8528; 1
8530; 2
8531; 1
8533; 2
8539; 1
8541; 2
8539; 1
8541; 2
8541; 1
8543; 2
8543; 1
8545; 2
8549; 1
8551; 2
8551; 1
8553; 2
8564; 1
8566; 2
8566; 1
8568; 2
8574; 1
8576; 2
8578; 1
8580; 2
8591; 1
8593; 2
8597; 1
8599; 2
8606; 1
8608; 2
8606; 1
8608; 2
8609; 1
8611; 2
8610; 1
8612; 2
8614; 1
8616; 2
8618; 1
8620; 2
8627; 1
8629; 2
8633; 1
8635; 2
8639; 1
8641; 2
8639; 1
8641; 2
8645; 1
8647; 2
8653; 1
8655; 2
8656; 1
8658; 2
8659; 1
8661; 2
8675; 1
8677; 2
8695; 1
8697; 2
8696; 1
8698; 2
8700; 1
8702; 2
8707; 1
8709; 2
8713; 1
8715; 2
8718; 1
8720; 2
8735; 1
8737; 2
8739; 1
8741; 2
8740; 1
8742; 2
8742; 1
8744; 2
8752; 1
8754; 2
8759; 1
8761; 2
8761; 1
8763; 2
8774; 1
8776; 2
8781; 1
8783; 2
8783; 1
8785; 2
8784; 1
8786; 2
8788; 1
8790; 2
8788; 1
8790; 2
8790; 1
8792; 2
8791; 1
8793; 2
8792; 1
8794; 2
8800; 1
8802; 2
8800; 1
8802; 2
8807; 1
8809; 2
8814; 1
8816; 2
8815; 1
8817; 2
8817; 1
8819; 2
8819; 1
8821; 2
8826; 1
8828; 2
8826; 1
8828; 2
8827; 1
8829; 2
8828; 1
8830; 2
8838; 1
8840; 2
8842; 1
8844; 2
8847; 1
8849; 2
8849; 1
8851; 2
8853; 1
8855; 2
8857; 1
8859; 2
8863; 1
8865; 2
8865; 1
8867; 2
8870; 1
8872; 2
8870; 1
8872; 2
8872; 1
8874; 2
8887; 1
8889; 2
8894; 1
8896; 2
8912; 1
8914; 2
8913; 1
8915; 2
8914; 1
8916; 2
8914; 1
8916; 2
8922; 1
8924; 2
8932; 1
8934; 2
8937; 1
8939; 2
8940; 1
8942; 2
8958; 1
8960; 2
8965; 1
8967; 2
8966; 1
8968; 2
8966; 1
8968; 2
8969; 1
8971; 2
8974; 1
8976; 2
8983; 1
8985; 2
8986; 1
8988; 2
8993; 1
8995; 2
8999; 1
9001; 2
9000; 1
9002; 2
9001; 1
9003; 2
9009; 1
9011; 2
9009; 1
9011; 2
9019; 1
9021; 2
9019; 1
9021; 2
9020; 1
9022; 2
9024; 1
9026; 2
9025; 1
9027; 2
9030; 1
9032; 2
9032; 1
9034; 2
9035; 1
9037; 2
9035; 1
9037; 2
9041; 1
9043; 2
9045; 1
9047; 2
9045; 1
9047; 2
9050; 1
9052; 2
9051; 1
9053; 2
9059; 1
9061; 2
9064; 1
9066; 2
9067; 1
9069; 2
9070; 1
9072; 2
9072; 1
9074; 2
9075; 1
9077; 2
9078; 1
9080; 2
9079; 1
9081; 2
9080; 1
9082; 2
9083; 1
9085; 2
9090; 1
9092; 2
9104; 1
9106; 2
9107; 1
9109; 2
9117; 1
9119; 2
9117; 1
9119; 2
9119; 1
9121; 2
9124; 1
9126; 2
9135; 1
9137; 2
9138; 1
9140; 2
9153; 1
9155; 2
9153; 1
9155; 2
9154; 1
9156; 2
9156; 1
9158; 2
9160; 1
9162; 2
9167; 1
9169; 2
9182; 1
9184; 2
9183; 1
9185; 2
9185; 1
9187; 2
9195; 1
9197; 2
9207; 1
9209; 2
9211; 1
9213; 2
9217; 1
9219; 2
9225; 1
9227; 2
9229; 1
9231; 2
9243; 1
9245; 2
9246; 1
9248; 2
9251; 1
9253; 2
9253; 1
9255; 2
9253; 1
9255; 2
9267; 1
9269; 2
9272; 1
9274; 2
9274; 1
9276; 2
9277; 1
9279; 2
9283; 1
9285; 2
9291; 1
9293; 2
9292; 1
9294; 2
9293; 1
9295; 2
9298; 1
9300; 2
9303; 1
9305; 2
9304; 1
9306; 2
9310; 1
9312; 2
9311; 1
9313; 2
9312; 1
9314; 2
9316; 1
9318; 2
9320; 1
9322; 2
9320; 1
9322; 2
9324; 1
9326; 2
9328; 1
9330; 2
9331; 1
9333; 2
9331; 1
9333; 2
9337; 1
9339; 2
9341; 1
9343; 2
9349; 1
9351; 2
9350; 1
9352; 2
9352; 1
9354; 2
9359; 1
9361; 2
9369; 1
9371; 2
9370; 1
9372; 2
9372; 1
9374; 2
9390; 1
9392; 2
9391; 1
9393; 2
9393; 1
9395; 2
9397; 1
9399; 2
9399; 1
9401; 2
9400; 1
9402; 2
9403; 1
9405; 2
9410; 1
9412; 2
9411; 1
9413; 2
9414; 1
9416; 2
9415; 1
9417; 2
9421; 1
9423; 2
9425; 1
9427; 2
9431; 1
9433; 2
9433; 1
9435; 2
9443; 1
9445; 2
9445; 1
9447; 2
9450; 1
9452; 2
9452; 1
9454; 2
9464; 1
9466; 2
9470; 1
9472; 2
9475; 1
9477; 2
9479; 1
9481; 2
9479; 1
9481; 2
9483; 1
9485; 2
9487; 1
9489; 2
9488; 1
9490; 2
9488; 1
9490; 2
9491; 1
9493; 2
9506; 1
9508; 2
9510; 1
9512; 2
9511; 1
9513; 2
9512; 1
9514; 2
9514; 1
9516; 2
9516; 1
9518; 2
9524; 1
9526; 2
9537; 1
9539; 2
9541; 1
9543; 2
9542; 1
9544; 2
9543; 1
9545; 2
9545; 1
9547; 2
9549; 1
9551; 2
9551; 1
9553; 2
9561; 1
9563; 2
9561; 1
9563; 2
9569; 1
9571; 2
9573; 1
9575; 2
9576; 1
9578; 2
9584; 1
9586; 2
9590; 1
9592; 2
9592; 1
9594; 2
9599; 1
9601; 2
9600; 1
9602; 2
9602; 1
9604; 2
9604; 1
9606; 2
9605; 1
9607; 2
9608; 1
9610; 2
9612; 1
9614; 2
9618; 1
9620; 2
9621; 1
9623; 2
9640; 1
9642; 2
9643; 1
9645; 2
9650; 1
9652; 2
9661; 1
9663; 2
9662; 1
9664; 2
9663; 1
9665; 2
9669; 1
9671; 2
9677; 1
9679; 2
9688; 1
9690; 2
9688; 1
9690; 2
9694; 1
9696; 2
9698; 1
9700; 2
9704; 1
9706; 2
9710; 1
9712; 2
9711; 1
9713; 2
9716; 1
9718; 2
9717; 1
9719; 2
9719; 1
9721; 2
9730; 1
9732; 2
9734; 1
9736; 2
9735; 1
9737; 2
9737; 1
9739; 2
9737; 1
9739; 2
9737; 1
9739; 2
9745; 1
9747; 2
9751; 1
9753; 2
9755; 1
9757; 2
9762; 1
9764; 2
9764; 1
9766; 2
9765; 1
9767; 2
9774; 1
9776; 2
9774; 1
9776; 2
9776; 1
9778; 2
9776; 1
9778; 2
9776; 1
9778; 2
9778; 1
9780; 2
9792; 1
9794; 2
9792; 1
9794; 2
9794; 1
9796; 2
9794; 1
9796; 2
9802; 1
9804; 2
9812; 1
9814; 2
9816; 1
9818; 2
9818; 1
9820; 2
9818; 1
9820; 2
9820; 1
9822; 2
9820; 1
9822; 2
9825; 1
9827; 2
9827; 1
9829; 2
9828; 1
9830; 2
9828; 1
9830; 2
9833; 1
9835; 2
9835; 1
9837; 2
9835; 1
9837; 2
9844; 1
9846; 2
9845; 1
9847; 2
9848; 1
9850; 2
9856; 1
9858; 2
9863; 1
9865; 2
9867; 1
9869; 2
9870; 1
9872; 2
9880; 1
9882; 2
9882; 1
9884; 2
9883; 1
9885; 2
9885; 1
9887; 2
9891; 1
9893; 2
9892; 1
9894; 2
9894; 1
9896; 2
9897; 1
9899; 2
9900; 1
9902; 2
9903; 1
9905; 2
9910; 1
9912; 2
9925; 1
9927; 2
9931; 1
9933; 2
9931; 1
9933; 2
9946; 1
9948; 2
9947; 1
9949; 2
9953; 1
9955; 2
9987; 1
9989; 2
9991; 1
9993; 2
9993; 1
9995; 2
10000; 1
10002; 2
