Sequence of timestamped events V1.0
Stream 1
Id =1
Name = Camera_1
Tbegin = 0
Tend = 10000
Count = 2000
14; 1
16; 2
19; 1
21; 2
21; 1
23; 2
23; 1
25; 2
24; 1
26; 2
25; 1
27; 2
26; 1
28; 2
53; 1
55; 2
54; 1
56; 2
66; 1
68; 2
67; 1
69; 2
69; 1
71; 2
75; 1
77; 2
77; 1
79; 2
77; 1
79; 2
81; 1
83; 2
85; 1
87; 2
85; 1
87; 2
98; 1
100; 2
100; 1
102; 2
102; 1
104; 2
107; 1
109; 2
111; 1
113; 2
113; 1
115; 2
113; 1
115; 2
114; 1
116; 2
118; 1
120; 2
121; 1
123; 2
138; 1
140; 2
142; 1
144; 2
143; 1
145; 2
144; 1
146; 2
145; 1
147; 2
148; 1
150; 2
150; 1
152; 2
151; 1
153; 2
154; 1
156; 2
156; 1
158; 2
157; 1
159; 2
173; 1
175; 2
174; 1
176; 2
175; 1
177; 2
179; 1
181; 2
182; 1
184; 2
195; 1
197; 2
206; 1
208; 2
208; 1
210; 2
208; 1
210; 2
212; 1
214; 2
222; 1
224; 2
227; 1
229; 2
229; 1
231; 2
251; 1
253; 2
265; 1
267; 2
266; 1
268; 2
273; 1
275; 2
275; 1
277; 2
287; 1
289; 2
291; 1
293; 2
308; 1
310; 2
308; 1
310; 2
325; 1
327; 2
326; 1
328; 2
329; 1
331; 2
329; 1
331; 2
343; 1
345; 2
352; 1
354; 2
361; 1
363; 2
376; 1
378; 2
391; 1
393; 2
394; 1
396; 2
396; 1
398; 2
405; 1
407; 2
408; 1
410; 2
409; 1
411; 2
415; 1
417; 2
419; 1
421; 2
425; 1
427; 2
431; 1
433; 2
432; 1
434; 2
433; 1
435; 2
435; 1
437; 2
445; 1
447; 2
447; 1
449; 2
449; 1
451; 2
456; 1
458; 2
461; 1
463; 2
462; 1
464; 2
463; 1
465; 2
464; 1
466; 2
464; 1
466; 2
464; 1
466; 2
466; 1
468; 2
472; 1
474; 2
482; 1
484; 2
483; 1
485; 2
492; 1
494; 2
498; 1
500; 2
500; 1
502; 2
507; 1
509; 2
511; 1
513; 2
516; 1
518; 2
520; 1
522; 2
523; 1
525; 2
531; 1
533; 2
541; 1
543; 2
544; 1
546; 2
548; 1
550; 2
549; 1
551; 2
557; 1
559; 2
560; 1
562; 2
568; 1
570; 2
569; 1
571; 2
583; 1
585; 2
591; 1
593; 2
592; 1
594; 2
604; 1
606; 2
613; 1
615; 2
616; 1
618; 2
617; 1
619; 2
621; 1
623; 2
621; 1
623; 2
629; 1
631; 2
639; 1
641; 2
641; 1
643; 2
644; 1
646; 2
646; 1
648; 2
648; 1
650; 2
657; 1
659; 2
659; 1
661; 2
662; 1
664; 2
664; 1
666; 2
664; 1
666; 2
687; 1
689; 2
687; 1
689; 2
690; 1
692; 2
693; 1
695; 2
702; 1
704; 2
719; 1
721; 2
726; 1
728; 2
727; 1
729; 2
735; 1
737; 2
739; 1
741; 2
743; 1
745; 2
746; 1
748; 2
755; 1
757; 2
757; 1
759; 2
762; 1
764; 2
764; 1
766; 2
766; 1
768; 2
767; 1
769; 2
768; 1
770; 2
768; 1
770; 2
775; 1
777; 2
778; 1
780; 2
780; 1
782; 2
780; 1
782; 2
780; 1
782; 2
781; 1
783; 2
789; 1
791; 2
798; 1
800; 2
804; 1
806; 2
808; 1
810; 2
809; 1
811; 2
810; 1
812; 2
817; 1
819; 2
818; 1
820; 2
821; 1
823; 2
822; 1
824; 2
823; 1
825; 2
825; 1
827; 2
836; 1
838; 2
847; 1
849; 2
853; 1
855; 2
854; 1
856; 2
858; 1
860; 2
867; 1
869; 2
887; 1
889; 2
887; 1
889; 2
887; 1
889; 2
892; 1
894; 2
897; 1
899; 2
902; 1
904; 2
909; 1
911; 2
916; 1
918; 2
920; 1
922; 2
923; 1
925; 2
924; 1
926; 2
925; 1
927; 2
927; 1
929; 2
933; 1
935; 2
936; 1
938; 2
945; 1
947; 2
945; 1
947; 2
949; 1
951; 2
951; 1
953; 2
955; 1
957; 2
961; 1
963; 2
966; 1
968; 2
971; 1
973; 2
980; 1
982; 2
999; 1
1001; 2
1004; 1
1006; 2
1010; 1
1012; 2
1014; 1
1016; 2
1015; 1
1017; 2
1021; 1
1023; 2
1026; 1
1028; 2
1033; 1
1035; 2
1033; 1
1035; 2
1042; 1
1044; 2
1047; 1
1049; 2
1049; 1
1051; 2
1073; 1
1075; 2
1082; 1
1084; 2
1086; 1
1088; 2
1086; 1
1088; 2
1089; 1
1091; 2
1093; 1
1095; 2
1099; 1
1101; 2
1106; 1
1108; 2
1118; 1
1120; 2
1120; 1
1122; 2
1122; 1
1124; 2
1128; 1
1130; 2
1131; 1
1133; 2
1142; 1
1144; 2
1150; 1
1152; 2
1156; 1
1158; 2
1158; 1
1160; 2
1162; 1
1164; 2
1165; 1
1167; 2
1170; 1
1172; 2
1170; 1
1172; 2
1172; 1
1174; 2
1179; 1
1181; 2
1186; 1
1188; 2
1188; 1
1190; 2
1193; 1
1195; 2
1196; 1
1198; 2
1197; 1
1199; 2
1201; 1
1203; 2
1203; 1
1205; 2
1203; 1
1205; 2
1216; 1
1218; 2
1227; 1
1229; 2
1231; 1
1233; 2
1236; 1
1238; 2
1240; 1
1242; 2
1248; 1
1250; 2
1249; 1
1251; 2
1251; 1
1253; 2
1254; 1
1256; 2
1254; 1
1256; 2
1255; 1
1257; 2
1256; 1
1258; 2
1256; 1
1258; 2
1259; 1
1261; 2
1263; 1
1265; 2
1272; 1
1274; 2
1273; 1
1275; 2
1286; 1
1288; 2
1293; 1
1295; 2
1295; 1
1297; 2
1296; 1
1298; 2
1299; 1
1301; 2
1308; 1
1310; 2
1312; 1
1314; 2
1319; 1
1321; 2
1321; 1
1323; 2
1322; 1
1324; 2
1323; 1
1325; 2
1325; 1
1327; 2
1326; 1
1328; 2
1327; 1
1329; 2
1328; 1
1330; 2
1331; 1
1333; 2
1336; 1
1338; 2
1340; 1
1342; 2
1341; 1
1343; 2
1342; 1
1344; 2
1342; 1
1344; 2
1342; 1
1344; 2
1344; 1
1346; 2
1344; 1
1346; 2
1352; 1
1354; 2
1354; 1
1356; 2
1355; 1
1357; 2
1355; 1
1357; 2
1358; 1
1360; 2
1360; 1
1362; 2
1362; 1
1364; 2
1365; 1
1367; 2
1365; 1
1367; 2
1374; 1
1376; 2
1374; 1
1376; 2
1378; 1
1380; 2
1380; 1
1382; 2
1384; 1
1386; 2
1392; 1
1394; 2
1395; 1
1397; 2
1399; 1
1401; 2
1402; 1
1404; 2
1412; 1
1414; 2
1415; 1
1417; 2
1432; 1
1434; 2
1435; 1
1437; 2
1437; 1
1439; 2
1438; 1
1440; 2
1440; 1
1442; 2
1441; 1
1443; 2
1461; 1
1463; 2
1474; 1
1476; 2
1477; 1
1479; 2
1479; 1
1481; 2
1480; 1
1482; 2
1487; 1
1489; 2
1491; 1
1493; 2
1495; 1
1497; 2
1496; 1
1498; 2
1496; 1
1498; 2
1498; 1
1500; 2
1502; 1
1504; 2
1510; 1
1512; 2
1527; 1
1529; 2
1554; 1
1556; 2
1555; 1
1557; 2
1557; 1
1559; 2
1557; 1
1559; 2
1571; 1
1573; 2
1580; 1
1582; 2
1583; 1
1585; 2
1583; 1
1585; 2
1586; 1
1588; 2
1589; 1
1591; 2
1590; 1
1592; 2
1592; 1
1594; 2
1592; 1
1594; 2
1594; 1
1596; 2
1595; 1
1597; 2
1614; 1
1616; 2
1616; 1
1618; 2
1616; 1
1618; 2
1620; 1
1622; 2
1635; 1
1637; 2
1640; 1
1642; 2
1640; 1
1642; 2
1648; 1
1650; 2
1651; 1
1653; 2
1655; 1
1657; 2
1655; 1
1657; 2
1658; 1
1660; 2
1661; 1
1663; 2
1661; 1
1663; 2
1664; 1
1666; 2
1665; 1
1667; 2
1666; 1
1668; 2
1672; 1
1674; 2
1677; 1
1679; 2
1686; 1
1688; 2
1692; 1
1694; 2
1696; 1
1698; 2
1698; 1
1700; 2
1714; 1
1716; 2
1717; 1
1719; 2
1717; 1
1719; 2
1720; 1
1722; 2
1722; 1
1724; 2
1728; 1
1730; 2
1728; 1
1730; 2
1729; 1
1731; 2
1743; 1
1745; 2
1761; 1
1763; 2
1769; 1
1771; 2
1770; 1
1772; 2
1771; 1
1773; 2
1776; 1
1778; 2
1781; 1
1783; 2
1788; 1
1790; 2
1796; 1
1798; 2
1797; 1
1799; 2
1803; 1
1805; 2
1820; 1
1822; 2
1821; 1
1823; 2
1836; 1
1838; 2
1838; 1
1840; 2
1845; 1
1847; 2
1847; 1
1849; 2
1851; 1
1853; 2
1855; 1
1857; 2
1858; 1
1860; 2
1859; 1
1861; 2
1877; 1
1879; 2
1878; 1
1880; 2
1887; 1
1889; 2
1892; 1
1894; 2
1892; 1
1894; 2
1902; 1
1904; 2
1909; 1
1911; 2
1910; 1
1912; 2
1915; 1
1917; 2
1916; 1
1918; 2
1920; 1
1922; 2
1922; 1
1924; 2
1926; 1
1928; 2
1938; 1
1940; 2
1955; 1
1957; 2
1979; 1
1981; 2
1989; 1
1991; 2
1993; 1
1995; 2
1993; 1
1995; 2
1995; 1
1997; 2
1995; 1
1997; 2
2015; 1
2017; 2
2020; 1
2022; 2
2028; 1
2030; 2
2031; 1
2033; 2
2033; 1
2035; 2
2034; 1
2036; 2
2036; 1
2038; 2
2043; 1
2045; 2
2044; 1
2046; 2
2047; 1
2049; 2
2051; 1
2053; 2
2052; 1
2054; 2
2062; 1
2064; 2
2063; 1
2065; 2
2067; 1
2069; 2
2075; 1
2077; 2
2079; 1
2081; 2
2083; 1
2085; 2
2088; 1
2090; 2
2097; 1
2099; 2
2112; 1
2114; 2
2113; 1
2115; 2
2117; 1
2119; 2
2126; 1
2128; 2
2126; 1
2128; 2
2130; 1
2132; 2
2130; 1
2132; 2
2146; 1
2148; 2
2147; 1
2149; 2
2148; 1
2150; 2
2156; 1
2158; 2
2156; 1
2158; 2
2159; 1
2161; 2
2170; 1
2172; 2
2178; 1
2180; 2
2181; 1
2183; 2
2182; 1
2184; 2
2185; 1
2187; 2
2191; 1
2193; 2
2193; 1
2195; 2
2195; 1
2197; 2
2196; 1
2198; 2
2209; 1
2211; 2
2213; 1
2215; 2
2220; 1
2222; 2
2224; 1
2226; 2
2225; 1
2227; 2
2237; 1
2239; 2
2246; 1
2248; 2
2250; 1
2252; 2
2252; 1
2254; 2
2254; 1
2256; 2
2256; 1
2258; 2
2258; 1
2260; 2
2259; 1
2261; 2
2265; 1
2267; 2
2266; 1
2268; 2
2267; 1
2269; 2
2269; 1
2271; 2
2274; 1
2276; 2
2274; 1
2276; 2
2275; 1
2277; 2
2276; 1
2278; 2
2283; 1
2285; 2
2284; 1
2286; 2
2296; 1
2298; 2
2298; 1
2300; 2
2299; 1
2301; 2
2303; 1
2305; 2
2304; 1
2306; 2
2328; 1
2330; 2
2340; 1
2342; 2
2357; 1
2359; 2
2359; 1
2361; 2
2361; 1
2363; 2
2366; 1
2368; 2
2369; 1
2371; 2
2377; 1
2379; 2
2378; 1
2380; 2
2382; 1
2384; 2
2383; 1
2385; 2
2390; 1
2392; 2
2406; 1
2408; 2
2411; 1
2413; 2
2415; 1
2417; 2
2418; 1
2420; 2
2424; 1
2426; 2
2426; 1
2428; 2
2430; 1
2432; 2
2434; 1
2436; 2
2438; 1
2440; 2
2443; 1
2445; 2
2448; 1
2450; 2
2450; 1
2452; 2
2457; 1
2459; 2
2459; 1
2461; 2
2463; 1
2465; 2
2470; 1
2472; 2
2471; 1
2473; 2
2473; 1
2475; 2
2482; 1
2484; 2
2482; 1
2484; 2
2487; 1
2489; 2
2492; 1
2494; 2
2495; 1
2497; 2
2503; 1
2505; 2
2507; 1
2509; 2
2510; 1
2512; 2
2512; 1
2514; 2
2516; 1
2518; 2
2520; 1
2522; 2
2529; 1
2531; 2
2538; 1
2540; 2
2540; 1
2542; 2
2542; 1
2544; 2
2548; 1
2550; 2
2551; 1
2553; 2
2559; 1
2561; 2
2564; 1
2566; 2
2570; 1
2572; 2
2575; 1
2577; 2
2577; 1
2579; 2
2577; 1
2579; 2
2580; 1
2582; 2
2594; 1
2596; 2
2609; 1
2611; 2
2616; 1
2618; 2
2621; 1
2623; 2
2623; 1
2625; 2
2623; 1
2625; 2
2631; 1
2633; 2
2640; 1
2642; 2
2643; 1
2645; 2
2667; 1
2669; 2
2668; 1
2670; 2
2674; 1
2676; 2
2691; 1
2693; 2
2712; 1
2714; 2
2717; 1
2719; 2
2719; 1
2721; 2
2720; 1
2722; 2
2722; 1
2724; 2
2727; 1
2729; 2
2730; 1
2732; 2
2745; 1
2747; 2
2745; 1
2747; 2
2746; 1
2748; 2
2758; 1
2760; 2
2777; 1
2779; 2
2782; 1
2784; 2
2794; 1
2796; 2
2796; 1
2798; 2
2822; 1
2824; 2
2836; 1
2838; 2
2836; 1
2838; 2
2844; 1
2846; 2
2847; 1
2849; 2
2856; 1
2858; 2
2858; 1
2860; 2
2862; 1
2864; 2
2870; 1
2872; 2
2883; 1
2885; 2
2887; 1
2889; 2
2894; 1
2896; 2
2897; 1
2899; 2
2900; 1
2902; 2
2900; 1
2902; 2
2902; 1
2904; 2
2902; 1
2904; 2
2906; 1
2908; 2
2909; 1
2911; 2
2911; 1
2913; 2
2914; 1
2916; 2
2925; 1
2927; 2
2943; 1
2945; 2
2946; 1
2948; 2
2947; 1
2949; 2
2949; 1
2951; 2
2949; 1
2951; 2
2959; 1
2961; 2
2959; 1
2961; 2
2962; 1
2964; 2
2966; 1
2968; 2
2977; 1
2979; 2
2980; 1
2982; 2
2987; 1
2989; 2
2993; 1
2995; 2
2998; 1
3000; 2
2998; 1
3000; 2
3002; 1
3004; 2
3009; 1
3011; 2
3013; 1
3015; 2
3017; 1
3019; 2
3018; 1
3020; 2
3046; 1
3048; 2
3046; 1
3048; 2
3047; 1
3049; 2
3055; 1
3057; 2
3058; 1
3060; 2
3062; 1
3064; 2
3074; 1
3076; 2
3075; 1
3077; 2
3077; 1
3079; 2
3077; 1
3079; 2
3079; 1
3081; 2
3086; 1
3088; 2
3091; 1
3093; 2
3092; 1
3094; 2
3093; 1
3095; 2
3104; 1
3106; 2
3111; 1
3113; 2
3112; 1
3114; 2
3114; 1
3116; 2
3115; 1
3117; 2
3117; 1
3119; 2
3118; 1
3120; 2
3121; 1
3123; 2
3123; 1
3125; 2
3127; 1
3129; 2
3129; 1
3131; 2
3135; 1
3137; 2
3135; 1
3137; 2
3138; 1
3140; 2
3139; 1
3141; 2
3139; 1
3141; 2
3143; 1
3145; 2
3144; 1
3146; 2
3145; 1
3147; 2
3145; 1
3147; 2
3145; 1
3147; 2
3146; 1
3148; 2
3147; 1
3149; 2
3154; 1
3156; 2
3159; 1
3161; 2
3161; 1
3163; 2
3165; 1
3167; 2
3168; 1
3170; 2
3174; 1
3176; 2
3175; 1
3177; 2
3178; 1
3180; 2
3179; 1
3181; 2
3182; 1
3184; 2
3183; 1
3185; 2
3194; 1
3196; 2
3201; 1
3203; 2
3201; 1
3203; 2
3205; 1
3207; 2
3206; 1
3208; 2
3229; 1
3231; 2
3230; 1
3232; 2
3233; 1
3235; 2
3235; 1
3237; 2
3238; 1
3240; 2
3239; 1
3241; 2
3240; 1
3242; 2
3240; 1
3242; 2
3244; 1
3246; 2
3263; 1
3265; 2
3268; 1
3270; 2
3274; 1
3276; 2
3279; 1
3281; 2
3282; 1
3284; 2
3288; 1
3290; 2
3290; 1
3292; 2
3298; 1
3300; 2
3298; 1
3300; 2
3304; 1
3306; 2
3313; 1
3315; 2
3316; 1
3318; 2
3318; 1
3320; 2
3324; 1
3326; 2
3327; 1
3329; 2
3333; 1
3335; 2
3334; 1
3336; 2
3347; 1
3349; 2
3348; 1
3350; 2
3349; 1
3351; 2
3359; 1
3361; 2
3363; 1
3365; 2
3366; 1
3368; 2
3367; 1
3369; 2
3372; 1
3374; 2
3374; 1
3376; 2
3388; 1
3390; 2
3389; 1
3391; 2
3393; 1
3395; 2
3398; 1
3400; 2
3403; 1
3405; 2
3407; 1
3409; 2
3413; 1
3415; 2
3421; 1
3423; 2
3424; 1
3426; 2
3428; 1
3430; 2
3436; 1
3438; 2
3438; 1
3440; 2
3439; 1
3441; 2
3439; 1
3441; 2
3442; 1
3444; 2
3451; 1
3453; 2
3460; 1
3462; 2
3465; 1
3467; 2
3468; 1
3470; 2
3473; 1
3475; 2
3480; 1
3482; 2
3481; 1
3483; 2
3482; 1
3484; 2
3483; 1
3485; 2
3489; 1
3491; 2
3499; 1
3501; 2
3502; 1
3504; 2
3505; 1
3507; 2
3509; 1
3511; 2
3510; 1
3512; 2
3515; 1
3517; 2
3521; 1
3523; 2
3528; 1
3530; 2
3530; 1
3532; 2
3530; 1
3532; 2
3532; 1
3534; 2
3534; 1
3536; 2
3536; 1
3538; 2
3539; 1
3541; 2
3543; 1
3545; 2
3551; 1
3553; 2
3553; 1
3555; 2
3553; 1
3555; 2
3563; 1
3565; 2
3563; 1
3565; 2
3575; 1
3577; 2
3577; 1
3579; 2
3579; 1
3581; 2
3582; 1
3584; 2
3584; 1
3586; 2
3592; 1
3594; 2
3593; 1
3595; 2
3594; 1
3596; 2
3600; 1
3602; 2
3603; 1
3605; 2
3611; 1
3613; 2
3616; 1
3618; 2
3617; 1
3619; 2
3622; 1
3624; 2
3623; 1
3625; 2
3630; 1
3632; 2
3640; 1
3642; 2
3651; 1
3653; 2
3653; 1
3655; 2
3658; 1
3660; 2
3659; 1
3661; 2
3662; 1
3664; 2
3679; 1
3681; 2
3680; 1
3682; 2
3718; 1
3720; 2
3718; 1
3720; 2
3719; 1
3721; 2
3728; 1
3730; 2
3731; 1
3733; 2
3732; 1
3734; 2
3735; 1
3737; 2
3737; 1
3739; 2
3741; 1
3743; 2
3747; 1
3749; 2
3754; 1
3756; 2
3762; 1
3764; 2
3793; 1
3795; 2
3795; 1
3797; 2
3803; 1
3805; 2
3814; 1
3816; 2
3820; 1
3822; 2
3822; 1
3824; 2
3825; 1
3827; 2
3830; 1
3832; 2
3834; 1
3836; 2
3839; 1
3841; 2
3841; 1
3843; 2
3847; 1
3849; 2
3849; 1
3851; 2
3853; 1
3855; 2
3856; 1
3858; 2
3857; 1
3859; 2
3860; 1
3862; 2
3875; 1
3877; 2
3880; 1
3882; 2
3884; 1
3886; 2
3887; 1
3889; 2
3889; 1
3891; 2
3890; 1
3892; 2
3893; 1
3895; 2
3896; 1
3898; 2
3896; 1
3898; 2
3896; 1
3898; 2
3901; 1
3903; 2
3909; 1
3911; 2
3909; 1
3911; 2
3910; 1
3912; 2
3918; 1
3920; 2
3919; 1
3921; 2
3928; 1
3930; 2
3932; 1
3934; 2
3941; 1
3943; 2
3943; 1
3945; 2
3950; 1
3952; 2
3952; 1
3954; 2
3957; 1
3959; 2
3958; 1
3960; 2
3960; 1
3962; 2
3961; 1
3963; 2
3981; 1
3983; 2
3995; 1
3997; 2
3998; 1
4000; 2
3999; 1
4001; 2
4000; 1
4002; 2
4005; 1
4007; 2
4025; 1
4027; 2
4026; 1
4028; 2
4035; 1
4037; 2
4035; 1
4037; 2
4036; 1
4038; 2
4043; 1
4045; 2
4051; 1
4053; 2
4067; 1
4069; 2
4071; 1
4073; 2
4071; 1
4073; 2
4072; 1
4074; 2
4074; 1
4076; 2
4078; 1
4080; 2
4079; 1
4081; 2
4082; 1
4084; 2
4087; 1
4089; 2
4094; 1
4096; 2
4101; 1
4103; 2
4101; 1
4103; 2
4105; 1
4107; 2
4109; 1
4111; 2
4110; 1
4112; 2
4111; 1
4113; 2
4112; 1
4114; 2
4115; 1
4117; 2
4120; 1
4122; 2
4125; 1
4127; 2
4148; 1
4150; 2
4153; 1
4155; 2
4157; 1
4159; 2
4159; 1
4161; 2
4164; 1
4166; 2
4165; 1
4167; 2
4165; 1
4167; 2
4168; 1
4170; 2
4174; 1
4176; 2
4183; 1
4185; 2
4198; 1
4200; 2
4202; 1
4204; 2
4210; 1
4212; 2
4213; 1
4215; 2
4214; 1
4216; 2
4217; 1
4219; 2
4224; 1
4226; 2
4227; 1
4229; 2
4240; 1
4242; 2
4240; 1
4242; 2
4244; 1
4246; 2
4252; 1
4254; 2
4259; 1
4261; 2
4270; 1
4272; 2
4276; 1
4278; 2
4278; 1
4280; 2
4280; 1
4282; 2
4287; 1
4289; 2
4289; 1
4291; 2
4289; 1
4291; 2
4292; 1
4294; 2
4297; 1
4299; 2
4299; 1
4301; 2
4304; 1
4306; 2
4307; 1
4309; 2
4313; 1
4315; 2
4317; 1
4319; 2
4324; 1
4326; 2
4328; 1
4330; 2
4331; 1
4333; 2
4338; 1
4340; 2
4351; 1
4353; 2
4353; 1
4355; 2
4358; 1
4360; 2
4361; 1
4363; 2
4377; 1
4379; 2
4378; 1
4380; 2
4380; 1
4382; 2
4385; 1
4387; 2
4385; 1
4387; 2
4388; 1
4390; 2
4396; 1
4398; 2
4402; 1
4404; 2
4409; 1
4411; 2
4413; 1
4415; 2
4414; 1
4416; 2
4418; 1
4420; 2
4424; 1
4426; 2
4426; 1
4428; 2
4445; 1
4447; 2
4452; 1
4454; 2
4455; 1
4457; 2
4469; 1
4471; 2
4474; 1
4476; 2
4487; 1
4489; 2
4489; 1
4491; 2
4490; 1
4492; 2
4499; 1
4501; 2
4501; 1
4503; 2
4503; 1
4505; 2
4507; 1
4509; 2
4532; 1
4534; 2
4544; 1
4546; 2
4546; 1
4548; 2
4548; 1
4550; 2
4549; 1
4551; 2
4562; 1
4564; 2
4562; 1
4564; 2
4565; 1
4567; 2
4596; 1
4598; 2
4598; 1
4600; 2
4600; 1
4602; 2
4603; 1
4605; 2
4616; 1
4618; 2
4617; 1
4619; 2
4630; 1
4632; 2
4633; 1
4635; 2
4638; 1
4640; 2
4638; 1
4640; 2
4638; 1
4640; 2
4642; 1
4644; 2
4645; 1
4647; 2
4652; 1
4654; 2
4655; 1
4657; 2
4656; 1
4658; 2
4662; 1
4664; 2
4669; 1
4671; 2
4672; 1
4674; 2
4675; 1
4677; 2
4677; 1
4679; 2
4677; 1
4679; 2
4678; 1
4680; 2
4679; 1
4681; 2
4682; 1
4684; 2
4690; 1
4692; 2
4692; 1
4694; 2
4695; 1
4697; 2
4700; 1
4702; 2
4703; 1
4705; 2
4708; 1
4710; 2
4710; 1
4712; 2
4715; 1
4717; 2
4723; 1
4725; 2
4739; 1
4741; 2
4739; 1
4741; 2
4744; 1
4746; 2
4746; 1
4748; 2
4757; 1
4759; 2
4757; 1
4759; 2
4758; 1
4760; 2
4762; 1
4764; 2
4765; 1
4767; 2
4765; 1
4767; 2
4770; 1
4772; 2
4774; 1
4776; 2
4783; 1
4785; 2
4785; 1
4787; 2
4797; 1
4799; 2
4797; 1
4799; 2
4798; 1
4800; 2
4798; 1
4800; 2
4799; 1
4801; 2
4803; 1
4805; 2
4809; 1
4811; 2
4812; 1
4814; 2
4815; 1
4817; 2
4819; 1
4821; 2
4821; 1
4823; 2
4825; 1
4827; 2
4837; 1
4839; 2
4843; 1
4845; 2
4853; 1
4855; 2
4856; 1
4858; 2
4873; 1
4875; 2
4875; 1
4877; 2
4878; 1
4880; 2
4881; 1
4883; 2
4881; 1
4883; 2
4886; 1
4888; 2
4886; 1
4888; 2
4892; 1
4894; 2
4896; 1
4898; 2
4896; 1
4898; 2
4900; 1
4902; 2
4914; 1
4916; 2
4916; 1
4918; 2
4923; 1
4925; 2
4927; 1
4929; 2
4927; 1
4929; 2
4940; 1
4942; 2
4943; 1
4945; 2
4944; 1
4946; 2
4946; 1
4948; 2
4948; 1
4950; 2
4957; 1
4959; 2
4962; 1
4964; 2
4967; 1
4969; 2
4968; 1
4970; 2
4970; 1
4972; 2
4972; 1
4974; 2
4974; 1
4976; 2
4978; 1
4980; 2
4979; 1
4981; 2
4983; 1
4985; 2
4987; 1
4989; 2
4989; 1
4991; 2
5003; 1
5005; 2
5012; 1
5014; 2
5013; 1
5015; 2
5021; 1
5023; 2
5022; 1
5024; 2
5025; 1
5027; 2
5029; 1
5031; 2
5037; 1
5039; 2
5041; 1
5043; 2
5051; 1
5053; 2
5052; 1
5054; 2
5054; 1
5056; 2
5064; 1
5066; 2
5065; 1
5067; 2
5077; 1
5079; 2
5085; 1
5087; 2
5086; 1
5088; 2
5087; 1
5089; 2
5091; 1
5093; 2
5093; 1
5095; 2
5102; 1
5104; 2
5103; 1
5105; 2
5104; 1
5106; 2
5105; 1
5107; 2
5110; 1
5112; 2
5116; 1
5118; 2
5131; 1
5133; 2
5140; 1
5142; 2
5152; 1
5154; 2
5158; 1
5160; 2
5158; 1
5160; 2
5163; 1
5165; 2
5168; 1
5170; 2
5168; 1
5170; 2
5171; 1
5173; 2
5173; 1
5175; 2
5184; 1
5186; 2
5184; 1
5186; 2
5185; 1
5187; 2
5188; 1
5190; 2
5188; 1
5190; 2
5192; 1
5194; 2
5196; 1
5198; 2
5196; 1
5198; 2
5202; 1
5204; 2
5204; 1
5206; 2
5209; 1
5211; 2
5210; 1
5212; 2
5218; 1
5220; 2
5222; 1
5224; 2
5226; 1
5228; 2
5228; 1
5230; 2
5237; 1
5239; 2
5245; 1
5247; 2
5251; 1
5253; 2
5251; 1
5253; 2
5256; 1
5258; 2
5258; 1
5260; 2
5262; 1
5264; 2
5262; 1
5264; 2
5266; 1
5268; 2
5266; 1
5268; 2
5272; 1
5274; 2
5273; 1
5275; 2
5276; 1
5278; 2
5277; 1
5279; 2
5280; 1
5282; 2
5283; 1
5285; 2
5287; 1
5289; 2
5287; 1
5289; 2
5288; 1
5290; 2
5290; 1
5292; 2
5290; 1
5292; 2
5305; 1
5307; 2
5308; 1
5310; 2
5315; 1
5317; 2
5316; 1
5318; 2
5320; 1
5322; 2
5331; 1
5333; 2
5339; 1
5341; 2
5342; 1
5344; 2
5351; 1
5353; 2
5359; 1
5361; 2
5360; 1
5362; 2
5383; 1
5385; 2
5389; 1
5391; 2
5403; 1
5405; 2
5404; 1
5406; 2
5410; 1
5412; 2
5414; 1
5416; 2
5415; 1
5417; 2
5416; 1
5418; 2
5422; 1
5424; 2
5427; 1
5429; 2
5433; 1
5435; 2
5447; 1
5449; 2
5451; 1
5453; 2
5455; 1
5457; 2
5461; 1
5463; 2
5462; 1
5464; 2
5465; 1
5467; 2
5469; 1
5471; 2
5494; 1
5496; 2
5496; 1
5498; 2
5505; 1
5507; 2
5509; 1
5511; 2
5510; 1
5512; 2
5525; 1
5527; 2
5531; 1
5533; 2
5532; 1
5534; 2
5538; 1
5540; 2
5541; 1
5543; 2
5543; 1
5545; 2
5553; 1
5555; 2
5558; 1
5560; 2
5562; 1
5564; 2
5563; 1
5565; 2
5564; 1
5566; 2
5576; 1
5578; 2
5581; 1
5583; 2
5585; 1
5587; 2
5592; 1
5594; 2
5595; 1
5597; 2
5601; 1
5603; 2
5612; 1
5614; 2
5615; 1
5617; 2
5618; 1
5620; 2
5621; 1
5623; 2
5633; 1
5635; 2
5633; 1
5635; 2
5634; 1
5636; 2
5636; 1
5638; 2
5644; 1
5646; 2
5645; 1
5647; 2
5663; 1
5665; 2
5663; 1
5665; 2
5665; 1
5667; 2
5665; 1
5667; 2
5666; 1
5668; 2
5667; 1
5669; 2
5669; 1
5671; 2
5669; 1
5671; 2
5676; 1
5678; 2
5683; 1
5685; 2
5693; 1
5695; 2
5706; 1
5708; 2
5708; 1
5710; 2
5708; 1
5710; 2
5716; 1
5718; 2
5718; 1
5720; 2
5723; 1
5725; 2
5725; 1
5727; 2
5731; 1
5733; 2
5733; 1
5735; 2
5739; 1
5741; 2
5742; 1
5744; 2
5750; 1
5752; 2
5751; 1
5753; 2
5751; 1
5753; 2
5756; 1
5758; 2
5764; 1
5766; 2
5774; 1
5776; 2
5780; 1
5782; 2
5782; 1
5784; 2
5809; 1
5811; 2
5811; 1
5813; 2
5822; 1
5824; 2
5823; 1
5825; 2
5824; 1
5826; 2
5845; 1
5847; 2
5857; 1
5859; 2
5864; 1
5866; 2
5869; 1
5871; 2
5870; 1
5872; 2
5880; 1
5882; 2
5895; 1
5897; 2
5898; 1
5900; 2
5900; 1
5902; 2
5902; 1
5904; 2
5907; 1
5909; 2
5941; 1
5943; 2
5949; 1
5951; 2
5956; 1
5958; 2
5965; 1
5967; 2
5968; 1
5970; 2
5970; 1
5972; 2
5973; 1
5975; 2
5979; 1
5981; 2
5980; 1
5982; 2
5987; 1
5989; 2
5990; 1
5992; 2
5995; 1
5997; 2
6005; 1
6007; 2
6020; 1
6022; 2
6022; 1
6024; 2
6028; 1
6030; 2
6035; 1
6037; 2
6046; 1
6048; 2
6062; 1
6064; 2
6081; 1
6083; 2
6085; 1
6087; 2
6095; 1
6097; 2
6096; 1
6098; 2
6112; 1
6114; 2
6115; 1
6117; 2
6119; 1
6121; 2
6124; 1
6126; 2
6126; 1
6128; 2
6129; 1
6131; 2
6131; 1
6133; 2
6135; 1
6137; 2
6141; 1
6143; 2
6143; 1
6145; 2
6145; 1
6147; 2
6145; 1
6147; 2
6166; 1
6168; 2
6174; 1
6176; 2
6182; 1
6184; 2
6195; 1
6197; 2
6201; 1
6203; 2
6202; 1
6204; 2
6209; 1
6211; 2
6212; 1
6214; 2
6220; 1
6222; 2
6231; 1
6233; 2
6231; 1
6233; 2
6243; 1
6245; 2
6245; 1
6247; 2
6259; 1
6261; 2
6259; 1
6261; 2
6269; 1
6271; 2
6272; 1
6274; 2
6274; 1
6276; 2
6275; 1
6277; 2
6275; 1
6277; 2
6278; 1
6280; 2
6288; 1
6290; 2
6293; 1
6295; 2
6320; 1
6322; 2
6321; 1
6323; 2
6325; 1
6327; 2
6326; 1
6328; 2
6335; 1
6337; 2
6337; 1
6339; 2
6344; 1
6346; 2
6344; 1
6346; 2
6350; 1
6352; 2
6357; 1
6359; 2
6360; 1
6362; 2
6367; 1
6369; 2
6368; 1
6370; 2
6369; 1
6371; 2
6372; 1
6374; 2
6389; 1
6391; 2
6393; 1
6395; 2
6394; 1
6396; 2
6394; 1
6396; 2
6397; 1
6399; 2
6404; 1
6406; 2
6406; 1
6408; 2
6407; 1
6409; 2
6408; 1
6410; 2
6408; 1
6410; 2
6414; 1
6416; 2
6416; 1
6418; 2
6427; 1
6429; 2
6427; 1
6429; 2
6433; 1
6435; 2
6434; 1
6436; 2
6439; 1
6441; 2
6445; 1
6447; 2
6448; 1
6450; 2
6450; 1
6452; 2
6454; 1
6456; 2
6455; 1
6457; 2
6456; 1
6458; 2
6459; 1
6461; 2
6462; 1
6464; 2
6464; 1
6466; 2
6466; 1
6468; 2
6485; 1
6487; 2
6500; 1
6502; 2
6505; 1
6507; 2
6512; 1
6514; 2
6515; 1
6517; 2
6517; 1
6519; 2
6519; 1
6521; 2
6519; 1
6521; 2
6536; 1
6538; 2
6537; 1
6539; 2
6542; 1
6544; 2
6545; 1
6547; 2
6545; 1
6547; 2
6551; 1
6553; 2
6566; 1
6568; 2
6570; 1
6572; 2
6576; 1
6578; 2
6578; 1
6580; 2
6589; 1
6591; 2
6593; 1
6595; 2
6594; 1
6596; 2
6594; 1
6596; 2
6600; 1
6602; 2
6611; 1
6613; 2
6612; 1
6614; 2
6614; 1
6616; 2
6620; 1
6622; 2
6630; 1
6632; 2
6633; 1
6635; 2
6639; 1
6641; 2
6644; 1
6646; 2
6652; 1
6654; 2
6661; 1
6663; 2
6664; 1
6666; 2
6678; 1
6680; 2
6686; 1
6688; 2
6688; 1
6690; 2
6689; 1
6691; 2
6691; 1
6693; 2
6708; 1
6710; 2
6715; 1
6717; 2
6716; 1
6718; 2
6731; 1
6733; 2
6736; 1
6738; 2
6754; 1
6756; 2
6756; 1
6758; 2
6757; 1
6759; 2
6762; 1
6764; 2
6764; 1
6766; 2
6768; 1
6770; 2
6775; 1
6777; 2
6776; 1
6778; 2
6780; 1
6782; 2
6785; 1
6787; 2
6785; 1
6787; 2
6786; 1
6788; 2
6794; 1
6796; 2
6796; 1
6798; 2
6823; 1
6825; 2
6826; 1
6828; 2
6828; 1
6830; 2
6829; 1
6831; 2
6847; 1
6849; 2
6848; 1
6850; 2
6862; 1
6864; 2
6869; 1
6871; 2
6874; 1
6876; 2
6875; 1
6877; 2
6876; 1
6878; 2
6890; 1
6892; 2
6900; 1
6902; 2
6919; 1
6921; 2
6923; 1
6925; 2
6925; 1
6927; 2
6927; 1
6929; 2
6927; 1
6929; 2
6931; 1
6933; 2
6932; 1
6934; 2
6934; 1
6936; 2
6942; 1
6944; 2
6945; 1
6947; 2
6947; 1
6949; 2
6948; 1
6950; 2
6951; 1
6953; 2
6952; 1
6954; 2
6955; 1
6957; 2
6963; 1
6965; 2
6963; 1
6965; 2
6964; 1
6966; 2
6965; 1
6967; 2
6968; 1
6970; 2
6973; 1
6975; 2
6975; 1
6977; 2
6977; 1
6979; 2
6979; 1
6981; 2
6984; 1
6986; 2
6985; 1
6987; 2
6991; 1
6993; 2
6992; 1
6994; 2
6995; 1
6997; 2
6999; 1
7001; 2
7001; 1
7003; 2
7006; 1
7008; 2
7006; 1
7008; 2
7016; 1
7018; 2
7018; 1
7020; 2
7023; 1
7025; 2
7029; 1
7031; 2
7034; 1
7036; 2
7039; 1
7041; 2
7040; 1
7042; 2
7045; 1
7047; 2
7045; 1
7047; 2
7050; 1
7052; 2
7062; 1
7064; 2
7066; 1
7068; 2
7066; 1
7068; 2
7069; 1
7071; 2
7078; 1
7080; 2
7079; 1
7081; 2
7081; 1
7083; 2
7083; 1
7085; 2
7083; 1
7085; 2
7084; 1
7086; 2
7089; 1
7091; 2
7094; 1
7096; 2
7099; 1
7101; 2
7102; 1
7104; 2
7104; 1
7106; 2
7109; 1
7111; 2
7114; 1
7116; 2
7126; 1
7128; 2
7129; 1
7131; 2
7131; 1
7133; 2
7140; 1
7142; 2
7142; 1
7144; 2
7143; 1
7145; 2
7146; 1
7148; 2
7153; 1
7155; 2
7160; 1
7162; 2
7162; 1
7164; 2
7174; 1
7176; 2
7176; 1
7178; 2
7180; 1
7182; 2
7180; 1
7182; 2
7184; 1
7186; 2
7186; 1
7188; 2
7186; 1
7188; 2
7187; 1
7189; 2
7189; 1
7191; 2
7202; 1
7204; 2
7206; 1
7208; 2
7207; 1
7209; 2
7216; 1
7218; 2
7219; 1
7221; 2
7227; 1
7229; 2
7233; 1
7235; 2
7236; 1
7238; 2
7238; 1
7240; 2
7249; 1
7251; 2
7250; 1
7252; 2
7254; 1
7256; 2
7256; 1
7258; 2
7258; 1
7260; 2
7259; 1
7261; 2
7270; 1
7272; 2
7275; 1
7277; 2
7279; 1
7281; 2
7284; 1
7286; 2
7289; 1
7291; 2
7291; 1
7293; 2
7295; 1
7297; 2
7297; 1
7299; 2
7302; 1
7304; 2
7309; 1
7311; 2
7315; 1
7317; 2
7317; 1
7319; 2
7334; 1
7336; 2
7342; 1
7344; 2
7343; 1
7345; 2
7345; 1
7347; 2
7350; 1
7352; 2
7353; 1
7355; 2
7359; 1
7361; 2
7368; 1
7370; 2
7370; 1
7372; 2
7374; 1
7376; 2
7378; 1
7380; 2
7382; 1
7384; 2
7391; 1
7393; 2
7399; 1
7401; 2
7403; 1
7405; 2
7404; 1
7406; 2
7404; 1
7406; 2
7405; 1
7407; 2
7414; 1
7416; 2
7418; 1
7420; 2
7427; 1
7429; 2
7436; 1
7438; 2
7464; 1
7466; 2
7464; 1
7466; 2
7465; 1
7467; 2
7470; 1
7472; 2
7472; 1
7474; 2
7476; 1
7478; 2
7481; 1
7483; 2
7500; 1
7502; 2
7513; 1
7515; 2
7517; 1
7519; 2
7518; 1
7520; 2
7524; 1
7526; 2
7560; 1
7562; 2
7565; 1
7567; 2
7568; 1
7570; 2
7581; 1
7583; 2
7583; 1
7585; 2
7596; 1
7598; 2
7608; 1
7610; 2
7613; 1
7615; 2
7615; 1
7617; 2
7618; 1
7620; 2
7625; 1
7627; 2
7629; 1
7631; 2
7631; 1
7633; 2
7642; 1
7644; 2
7643; 1
7645; 2
7645; 1
7647; 2
7656; 1
7658; 2
7661; 1
7663; 2
7664; 1
7666; 2
7670; 1
7672; 2
7695; 1
7697; 2
7710; 1
7712; 2
7720; 1
7722; 2
7720; 1
7722; 2
7735; 1
7737; 2
7736; 1
7738; 2
7746; 1
7748; 2
7748; 1
7750; 2
7749; 1
7751; 2
7752; 1
7754; 2
7756; 1
7758; 2
7757; 1
7759; 2
7757; 1
7759; 2
7759; 1
7761; 2
7783; 1
7785; 2
7785; 1
7787; 2
7790; 1
7792; 2
7798; 1
7800; 2
7817; 1
7819; 2
7823; 1
7825; 2
7827; 1
7829; 2
7832; 1
7834; 2
7834; 1
7836; 2
7835; 1
7837; 2
7839; 1
7841; 2
7847; 1
7849; 2
7880; 1
7882; 2
7888; 1
7890; 2
7901; 1
7903; 2
7903; 1
7905; 2
7906; 1
7908; 2
7919; 1
7921; 2
7920; 1
7922; 2
7924; 1
7926; 2
7925; 1
7927; 2
7932; 1
7934; 2
7932; 1
7934; 2
7933; 1
7935; 2
7945; 1
7947; 2
7950; 1
7952; 2
7951; 1
7953; 2
7953; 1
7955; 2
7961; 1
7963; 2
7971; 1
7973; 2
7973; 1
7975; 2
7980; 1
7982; 2
7983; 1
7985; 2
7983; 1
7985; 2
7996; 1
7998; 2
7998; 1
8000; 2
8000; 1
8002; 2
8000; 1
8002; 2
8002; 1
8004; 2
8023; 1
8025; 2
8038; 1
8040; 2
8056; 1
8058; 2
8091; 1
8093; 2
8100; 1
8102; 2
8102; 1
8104; 2
8111; 1
8113; 2
8114; 1
8116; 2
8116; 1
8118; 2
8116; 1
8118; 2
8118; 1
8120; 2
8120; 1
8122; 2
8125; 1
8127; 2
8137; 1
8139; 2
8138; 1
8140; 2
8141; 1
8143; 2
8144; 1
8146; 2
8145; 1
8147; 2
8148; 1
8150; 2
8164; 1
8166; 2
8166; 1
8168; 2
8168; 1
8170; 2
8175; 1
8177; 2
8182; 1
8184; 2
8195; 1
8197; 2
8199; 1
8201; 2
8199; 1
8201; 2
8203; 1
8205; 2
8208; 1
8210; 2
8218; 1
8220; 2
8219; 1
8221; 2
8228; 1
8230; 2
8229; 1
8231; 2
8240; 1
8242; 2
8252; 1
8254; 2
8284; 1
8286; 2
8285; 1
8287; 2
8294; 1
8296; 2
8303; 1
8305; 2
8304; 1
8306; 2
8305; 1
8307; 2
8317; 1
8319; 2
8332; 1
8334; 2
8338; 1
8340; 2
8346; 1
8348; 2
8350; 1
8352; 2
8353; 1
8355; 2
8365; 1
8367; 2
8374; 1
8376; 2
8383; 1
8385; 2
8385; 1
8387; 2
8389; 1
8391; 2
8396; 1
8398; 2
8404; 1
8406; 2
8411; 1
8413; 2
8419; 1
8421; 2
8421; 1
8423; 2
8423; 1
8425; 2
8434; 1
8436; 2
8445; 1
8447; 2
8446; 1
8448; 2
8456; 1
8458; 2
8456; 1
8458; 2
8458; 1
8460; 2
8462; 1
8464; 2
8470; 1
8472; 2
8471; 1
8473; 2
8471; 1
8473; 2
8477; 1
8479; 2
8483; 1
8485; 2
8489; 1
8491; 2
8494; 1
8496; 2
8497; 1
8499; 2
8497; 1
8499; 2
8497; 1
8499; 2
8499; 1
8501; 2
8503; 1
8505; 2
8503; 1
8505; 2
8507; 1
8509; 2
8513; 1
8515; 2
8520; 1
8522; 2
8521; 1
8523; 2
8522; 1
8524; 2
8524; 1
8526; 2
8527; 1
8529; 2
8532; 1
8534; 2
8535; 1
8537; 2
8543; 1
8545; 2
8543; 1
8545; 2
8545; 1
8547; 2
8547; 1
8549; 2
8553; 1
8555; 2
8555; 1
8557; 2
8568; 1
8570; 2
8570; 1
8572; 2
8578; 1
8580; 2
8582; 1
8584; 2
8595; 1
8597; 2
8601; 1
8603; 2
8610; 1
8612; 2
8610; 1
8612; 2
8613; 1
8615; 2
8614; 1
8616; 2
8618; 1
8620; 2
8622; 1
8624; 2
8631; 1
8633; 2
8637; 1
8639; 2
8643; 1
8645; 2
8643; 1
8645; 2
8649; 1
8651; 2
8657; 1
8659; 2
8660; 1
8662; 2
8663; 1
8665; 2
8679; 1
8681; 2
8699; 1
8701; 2
8700; 1
8702; 2
8704; 1
8706; 2
8711; 1
8713; 2
8717; 1
8719; 2
8722; 1
8724; 2
8739; 1
8741; 2
8743; 1
8745; 2
8744; 1
8746; 2
8746; 1
8748; 2
8756; 1
8758; 2
8763; 1
8765; 2
8765; 1
8767; 2
8778; 1
8780; 2
8785; 1
8787; 2
8787; 1
8789; 2
8788; 1
8790; 2
8792; 1
8794; 2
8792; 1
8794; 2
8794; 1
8796; 2
8795; 1
8797; 2
8796; 1
8798; 2
8804; 1
8806; 2
8804; 1
8806; 2
8811; 1
8813; 2
8818; 1
8820; 2
8819; 1
8821; 2
8821; 1
8823; 2
8823; 1
8825; 2
8830; 1
8832; 2
8830; 1
8832; 2
8831; 1
8833; 2
8832; 1
8834; 2
8842; 1
8844; 2
8846; 1
8848; 2
8851; 1
8853; 2
8853; 1
8855; 2
8857; 1
8859; 2
8861; 1
8863; 2
8867; 1
8869; 2
8869; 1
8871; 2
8874; 1
8876; 2
8874; 1
8876; 2
8876; 1
8878; 2
8891; 1
8893; 2
8898; 1
8900; 2
8916; 1
8918; 2
8917; 1
8919; 2
8918; 1
8920; 2
8918; 1
8920; 2
8926; 1
8928; 2
8936; 1
8938; 2
8941; 1
8943; 2
8944; 1
8946; 2
8962; 1
8964; 2
8969; 1
8971; 2
8970; 1
8972; 2
8970; 1
8972; 2
8973; 1
8975; 2
8978; 1
8980; 2
8987; 1
8989; 2
8990; 1
8992; 2
8997; 1
8999; 2
9003; 1
9005; 2
9004; 1
9006; 2
9005; 1
9007; 2
9013; 1
9015; 2
9013; 1
9015; 2
9023; 1
9025; 2
9023; 1
9025; 2
9024; 1
9026; 2
9028; 1
9030; 2
9029; 1
9031; 2
9034; 1
9036; 2
9036; 1
9038; 2
9039; 1
9041; 2
9039; 1
9041; 2
9045; 1
9047; 2
9049; 1
9051; 2
9049; 1
9051; 2
9054; 1
9056; 2
9055; 1
9057; 2
9063; 1
9065; 2
9068; 1
9070; 2
9071; 1
9073; 2
9074; 1
9076; 2
9076; 1
9078; 2
9079; 1
9081; 2
9082; 1
9084; 2
9083; 1
9085; 2
9084; 1
9086; 2
9087; 1
9089; 2
9094; 1
9096; 2
9108; 1
9110; 2
9111; 1
9113; 2
9121; 1
9123; 2
9121; 1
9123; 2
9123; 1
9125; 2
9128; 1
9130; 2
9139; 1
9141; 2
9142; 1
9144; 2
9157; 1
9159; 2
9157; 1
9159; 2
9158; 1
9160; 2
9160; 1
9162; 2
9164; 1
9166; 2
9171; 1
9173; 2
9186; 1
9188; 2
9187; 1
9189; 2
9189; 1
9191; 2
9199; 1
9201; 2
9211; 1
9213; 2
9215; 1
9217; 2
9221; 1
9223; 2
9229; 1
9231; 2
9233; 1
9235; 2
9247; 1
9249; 2
9250; 1
9252; 2
9255; 1
9257; 2
9257; 1
9259; 2
9257; 1
9259; 2
9271; 1
9273; 2
9276; 1
9278; 2
9278; 1
9280; 2
9281; 1
9283; 2
9287; 1
9289; 2
9295; 1
9297; 2
9296; 1
9298; 2
9297; 1
9299; 2
9302; 1
9304; 2
9307; 1
9309; 2
9308; 1
9310; 2
9314; 1
9316; 2
9315; 1
9317; 2
9316; 1
9318; 2
9320; 1
9322; 2
9324; 1
9326; 2
9324; 1
9326; 2
9328; 1
9330; 2
9332; 1
9334; 2
9335; 1
9337; 2
9335; 1
9337; 2
9341; 1
9343; 2
9345; 1
9347; 2
9353; 1
9355; 2
9354; 1
9356; 2
9356; 1
9358; 2
9363; 1
9365; 2
9373; 1
9375; 2
9374; 1
9376; 2
9376; 1
9378; 2
9394; 1
9396; 2
9395; 1
9397; 2
9397; 1
9399; 2
9401; 1
9403; 2
9403; 1
9405; 2
9404; 1
9406; 2
9407; 1
9409; 2
9414; 1
9416; 2
9415; 1
9417; 2
9418; 1
9420; 2
9419; 1
9421; 2
9425; 1
9427; 2
9429; 1
9431; 2
9435; 1
9437; 2
9437; 1
9439; 2
9447; 1
9449; 2
9449; 1
9451; 2
9454; 1
9456; 2
9456; 1
9458; 2
9468; 1
9470; 2
9474; 1
9476; 2
9479; 1
9481; 2
9483; 1
9485; 2
9483; 1
9485; 2
9487; 1
9489; 2
9491; 1
9493; 2
9492; 1
9494; 2
9492; 1
9494; 2
9495; 1
9497; 2
9510; 1
9512; 2
9514; 1
9516; 2
9515; 1
9517; 2
9516; 1
9518; 2
9518; 1
9520; 2
9520; 1
9522; 2
9528; 1
9530; 2
9541; 1
9543; 2
9545; 1
9547; 2
9546; 1
9548; 2
9547; 1
9549; 2
9549; 1
9551; 2
9553; 1
9555; 2
9555; 1
9557; 2
9565; 1
9567; 2
9565; 1
9567; 2
9573; 1
9575; 2
9577; 1
9579; 2
9580; 1
9582; 2
9588; 1
9590; 2
9594; 1
9596; 2
9596; 1
9598; 2
9603; 1
9605; 2
9604; 1
9606; 2
9606; 1
9608; 2
9608; 1
9610; 2
9609; 1
9611; 2
9612; 1
9614; 2
9616; 1
9618; 2
9622; 1
9624; 2
9625; 1
9627; 2
9644; 1
9646; 2
9647; 1
9649; 2
9654; 1
9656; 2
9665; 1
9667; 2
9666; 1
9668; 2
9667; 1
9669; 2
9673; 1
9675; 2
9681; 1
9683; 2
9692; 1
9694; 2
9692; 1
9694; 2
9698; 1
9700; 2
9702; 1
9704; 2
9708; 1
9710; 2
9714; 1
9716; 2
9715; 1
9717; 2
9720; 1
9722; 2
9721; 1
9723; 2
9723; 1
9725; 2
9734; 1
9736; 2
9738; 1
9740; 2
9739; 1
9741; 2
9741; 1
9743; 2
9741; 1
9743; 2
9741; 1
9743; 2
9749; 1
9751; 2
9755; 1
9757; 2
9759; 1
9761; 2
9766; 1
9768; 2
9768; 1
9770; 2
9769; 1
9771; 2
9778; 1
9780; 2
9778; 1
9780; 2
9780; 1
9782; 2
9780; 1
9782; 2
9780; 1
9782; 2
9782; 1
9784; 2
9796; 1
9798; 2
9796; 1
9798; 2
9798; 1
9800; 2
9798; 1
9800; 2
9806; 1
9808; 2
9816; 1
9818; 2
9820; 1
9822; 2
9822; 1
9824; 2
9822; 1
9824; 2
9824; 1
9826; 2
9824; 1
9826; 2
9829; 1
9831; 2
9831; 1
9833; 2
9832; 1
9834; 2
9832; 1
9834; 2
9837; 1
9839; 2
9839; 1
9841; 2
9839; 1
9841; 2
9848; 1
9850; 2
9849; 1
9851; 2
9852; 1
9854; 2
9860; 1
9862; 2
9867; 1
9869; 2
9871; 1
9873; 2
9874; 1
9876; 2
9884; 1
9886; 2
9886; 1
9888; 2
9887; 1
9889; 2
9889; 1
9891; 2
9895; 1
9897; 2
9896; 1
9898; 2
9898; 1
9900; 2
9901; 1
9903; 2
9904; 1
9906; 2
9907; 1
9909; 2
9914; 1
9916; 2
9929; 1
9931; 2
9935; 1
9937; 2
9935; 1
9937; 2
9950; 1
9952; 2
9951; 1
9953; 2
9957; 1
9959; 2
9991; 1
9993; 2
9995; 1
9997; 2
9997; 1
9999; 2
10004; 1
10006; 2
