Sequence of timestamped events V1.0
Stream 9
Id =9
Name = Camera_9
Tbegin = 0
Tend = 10000
Count = 2000
43; 1
45; 2
48; 1
50; 2
50; 1
52; 2
52; 1
54; 2
53; 1
55; 2
54; 1
56; 2
55; 1
57; 2
82; 1
84; 2
83; 1
85; 2
95; 1
97; 2
96; 1
98; 2
98; 1
100; 2
104; 1
106; 2
106; 1
108; 2
106; 1
108; 2
110; 1
112; 2
114; 1
116; 2
114; 1
116; 2
127; 1
129; 2
129; 1
131; 2
131; 1
133; 2
136; 1
138; 2
140; 1
142; 2
142; 1
144; 2
142; 1
144; 2
143; 1
145; 2
147; 1
149; 2
150; 1
152; 2
167; 1
169; 2
171; 1
173; 2
172; 1
174; 2
173; 1
175; 2
174; 1
176; 2
177; 1
179; 2
179; 1
181; 2
180; 1
182; 2
183; 1
185; 2
185; 1
187; 2
186; 1
188; 2
202; 1
204; 2
203; 1
205; 2
204; 1
206; 2
208; 1
210; 2
211; 1
213; 2
224; 1
226; 2
235; 1
237; 2
237; 1
239; 2
237; 1
239; 2
241; 1
243; 2
251; 1
253; 2
256; 1
258; 2
258; 1
260; 2
280; 1
282; 2
294; 1
296; 2
295; 1
297; 2
302; 1
304; 2
304; 1
306; 2
316; 1
318; 2
320; 1
322; 2
337; 1
339; 2
337; 1
339; 2
354; 1
356; 2
355; 1
357; 2
358; 1
360; 2
358; 1
360; 2
372; 1
374; 2
381; 1
383; 2
390; 1
392; 2
405; 1
407; 2
420; 1
422; 2
423; 1
425; 2
425; 1
427; 2
434; 1
436; 2
437; 1
439; 2
438; 1
440; 2
444; 1
446; 2
448; 1
450; 2
454; 1
456; 2
460; 1
462; 2
461; 1
463; 2
462; 1
464; 2
464; 1
466; 2
474; 1
476; 2
476; 1
478; 2
478; 1
480; 2
485; 1
487; 2
490; 1
492; 2
491; 1
493; 2
492; 1
494; 2
493; 1
495; 2
493; 1
495; 2
493; 1
495; 2
495; 1
497; 2
501; 1
503; 2
511; 1
513; 2
512; 1
514; 2
521; 1
523; 2
527; 1
529; 2
529; 1
531; 2
536; 1
538; 2
540; 1
542; 2
545; 1
547; 2
549; 1
551; 2
552; 1
554; 2
560; 1
562; 2
570; 1
572; 2
573; 1
575; 2
577; 1
579; 2
578; 1
580; 2
586; 1
588; 2
589; 1
591; 2
597; 1
599; 2
598; 1
600; 2
612; 1
614; 2
620; 1
622; 2
621; 1
623; 2
633; 1
635; 2
642; 1
644; 2
645; 1
647; 2
646; 1
648; 2
650; 1
652; 2
650; 1
652; 2
658; 1
660; 2
668; 1
670; 2
670; 1
672; 2
673; 1
675; 2
675; 1
677; 2
677; 1
679; 2
686; 1
688; 2
688; 1
690; 2
691; 1
693; 2
693; 1
695; 2
693; 1
695; 2
716; 1
718; 2
716; 1
718; 2
719; 1
721; 2
722; 1
724; 2
731; 1
733; 2
748; 1
750; 2
755; 1
757; 2
756; 1
758; 2
764; 1
766; 2
768; 1
770; 2
772; 1
774; 2
775; 1
777; 2
784; 1
786; 2
786; 1
788; 2
791; 1
793; 2
793; 1
795; 2
795; 1
797; 2
796; 1
798; 2
797; 1
799; 2
797; 1
799; 2
804; 1
806; 2
807; 1
809; 2
809; 1
811; 2
809; 1
811; 2
809; 1
811; 2
810; 1
812; 2
818; 1
820; 2
827; 1
829; 2
833; 1
835; 2
837; 1
839; 2
838; 1
840; 2
839; 1
841; 2
846; 1
848; 2
847; 1
849; 2
850; 1
852; 2
851; 1
853; 2
852; 1
854; 2
854; 1
856; 2
865; 1
867; 2
876; 1
878; 2
882; 1
884; 2
883; 1
885; 2
887; 1
889; 2
896; 1
898; 2
916; 1
918; 2
916; 1
918; 2
916; 1
918; 2
921; 1
923; 2
926; 1
928; 2
931; 1
933; 2
938; 1
940; 2
945; 1
947; 2
949; 1
951; 2
952; 1
954; 2
953; 1
955; 2
954; 1
956; 2
956; 1
958; 2
962; 1
964; 2
965; 1
967; 2
974; 1
976; 2
974; 1
976; 2
978; 1
980; 2
980; 1
982; 2
984; 1
986; 2
990; 1
992; 2
995; 1
997; 2
1000; 1
1002; 2
1009; 1
1011; 2
1028; 1
1030; 2
1033; 1
1035; 2
1039; 1
1041; 2
1043; 1
1045; 2
1044; 1
1046; 2
1050; 1
1052; 2
1055; 1
1057; 2
1062; 1
1064; 2
1062; 1
1064; 2
1071; 1
1073; 2
1076; 1
1078; 2
1078; 1
1080; 2
1102; 1
1104; 2
1111; 1
1113; 2
1115; 1
1117; 2
1115; 1
1117; 2
1118; 1
1120; 2
1122; 1
1124; 2
1128; 1
1130; 2
1135; 1
1137; 2
1147; 1
1149; 2
1149; 1
1151; 2
1151; 1
1153; 2
1157; 1
1159; 2
1160; 1
1162; 2
1171; 1
1173; 2
1179; 1
1181; 2
1185; 1
1187; 2
1187; 1
1189; 2
1191; 1
1193; 2
1194; 1
1196; 2
1199; 1
1201; 2
1199; 1
1201; 2
1201; 1
1203; 2
1208; 1
1210; 2
1215; 1
1217; 2
1217; 1
1219; 2
1222; 1
1224; 2
1225; 1
1227; 2
1226; 1
1228; 2
1230; 1
1232; 2
1232; 1
1234; 2
1232; 1
1234; 2
1245; 1
1247; 2
1256; 1
1258; 2
1260; 1
1262; 2
1265; 1
1267; 2
1269; 1
1271; 2
1277; 1
1279; 2
1278; 1
1280; 2
1280; 1
1282; 2
1283; 1
1285; 2
1283; 1
1285; 2
1284; 1
1286; 2
1285; 1
1287; 2
1285; 1
1287; 2
1288; 1
1290; 2
1292; 1
1294; 2
1301; 1
1303; 2
1302; 1
1304; 2
1315; 1
1317; 2
1322; 1
1324; 2
1324; 1
1326; 2
1325; 1
1327; 2
1328; 1
1330; 2
1337; 1
1339; 2
1341; 1
1343; 2
1348; 1
1350; 2
1350; 1
1352; 2
1351; 1
1353; 2
1352; 1
1354; 2
1354; 1
1356; 2
1355; 1
1357; 2
1356; 1
1358; 2
1357; 1
1359; 2
1360; 1
1362; 2
1365; 1
1367; 2
1369; 1
1371; 2
1370; 1
1372; 2
1371; 1
1373; 2
1371; 1
1373; 2
1371; 1
1373; 2
1373; 1
1375; 2
1373; 1
1375; 2
1381; 1
1383; 2
1383; 1
1385; 2
1384; 1
1386; 2
1384; 1
1386; 2
1387; 1
1389; 2
1389; 1
1391; 2
1391; 1
1393; 2
1394; 1
1396; 2
1394; 1
1396; 2
1403; 1
1405; 2
1403; 1
1405; 2
1407; 1
1409; 2
1409; 1
1411; 2
1413; 1
1415; 2
1421; 1
1423; 2
1424; 1
1426; 2
1428; 1
1430; 2
1431; 1
1433; 2
1441; 1
1443; 2
1444; 1
1446; 2
1461; 1
1463; 2
1464; 1
1466; 2
1466; 1
1468; 2
1467; 1
1469; 2
1469; 1
1471; 2
1470; 1
1472; 2
1490; 1
1492; 2
1503; 1
1505; 2
1506; 1
1508; 2
1508; 1
1510; 2
1509; 1
1511; 2
1516; 1
1518; 2
1520; 1
1522; 2
1524; 1
1526; 2
1525; 1
1527; 2
1525; 1
1527; 2
1527; 1
1529; 2
1531; 1
1533; 2
1539; 1
1541; 2
1556; 1
1558; 2
1583; 1
1585; 2
1584; 1
1586; 2
1586; 1
1588; 2
1586; 1
1588; 2
1600; 1
1602; 2
1609; 1
1611; 2
1612; 1
1614; 2
1612; 1
1614; 2
1615; 1
1617; 2
1618; 1
1620; 2
1619; 1
1621; 2
1621; 1
1623; 2
1621; 1
1623; 2
1623; 1
1625; 2
1624; 1
1626; 2
1643; 1
1645; 2
1645; 1
1647; 2
1645; 1
1647; 2
1649; 1
1651; 2
1664; 1
1666; 2
1669; 1
1671; 2
1669; 1
1671; 2
1677; 1
1679; 2
1680; 1
1682; 2
1684; 1
1686; 2
1684; 1
1686; 2
1687; 1
1689; 2
1690; 1
1692; 2
1690; 1
1692; 2
1693; 1
1695; 2
1694; 1
1696; 2
1695; 1
1697; 2
1701; 1
1703; 2
1706; 1
1708; 2
1715; 1
1717; 2
1721; 1
1723; 2
1725; 1
1727; 2
1727; 1
1729; 2
1743; 1
1745; 2
1746; 1
1748; 2
1746; 1
1748; 2
1749; 1
1751; 2
1751; 1
1753; 2
1757; 1
1759; 2
1757; 1
1759; 2
1758; 1
1760; 2
1772; 1
1774; 2
1790; 1
1792; 2
1798; 1
1800; 2
1799; 1
1801; 2
1800; 1
1802; 2
1805; 1
1807; 2
1810; 1
1812; 2
1817; 1
1819; 2
1825; 1
1827; 2
1826; 1
1828; 2
1832; 1
1834; 2
1849; 1
1851; 2
1850; 1
1852; 2
1865; 1
1867; 2
1867; 1
1869; 2
1874; 1
1876; 2
1876; 1
1878; 2
1880; 1
1882; 2
1884; 1
1886; 2
1887; 1
1889; 2
1888; 1
1890; 2
1906; 1
1908; 2
1907; 1
1909; 2
1916; 1
1918; 2
1921; 1
1923; 2
1921; 1
1923; 2
1931; 1
1933; 2
1938; 1
1940; 2
1939; 1
1941; 2
1944; 1
1946; 2
1945; 1
1947; 2
1949; 1
1951; 2
1951; 1
1953; 2
1955; 1
1957; 2
1967; 1
1969; 2
1984; 1
1986; 2
2008; 1
2010; 2
2018; 1
2020; 2
2022; 1
2024; 2
2022; 1
2024; 2
2024; 1
2026; 2
2024; 1
2026; 2
2044; 1
2046; 2
2049; 1
2051; 2
2057; 1
2059; 2
2060; 1
2062; 2
2062; 1
2064; 2
2063; 1
2065; 2
2065; 1
2067; 2
2072; 1
2074; 2
2073; 1
2075; 2
2076; 1
2078; 2
2080; 1
2082; 2
2081; 1
2083; 2
2091; 1
2093; 2
2092; 1
2094; 2
2096; 1
2098; 2
2104; 1
2106; 2
2108; 1
2110; 2
2112; 1
2114; 2
2117; 1
2119; 2
2126; 1
2128; 2
2141; 1
2143; 2
2142; 1
2144; 2
2146; 1
2148; 2
2155; 1
2157; 2
2155; 1
2157; 2
2159; 1
2161; 2
2159; 1
2161; 2
2175; 1
2177; 2
2176; 1
2178; 2
2177; 1
2179; 2
2185; 1
2187; 2
2185; 1
2187; 2
2188; 1
2190; 2
2199; 1
2201; 2
2207; 1
2209; 2
2210; 1
2212; 2
2211; 1
2213; 2
2214; 1
2216; 2
2220; 1
2222; 2
2222; 1
2224; 2
2224; 1
2226; 2
2225; 1
2227; 2
2238; 1
2240; 2
2242; 1
2244; 2
2249; 1
2251; 2
2253; 1
2255; 2
2254; 1
2256; 2
2266; 1
2268; 2
2275; 1
2277; 2
2279; 1
2281; 2
2281; 1
2283; 2
2283; 1
2285; 2
2285; 1
2287; 2
2287; 1
2289; 2
2288; 1
2290; 2
2294; 1
2296; 2
2295; 1
2297; 2
2296; 1
2298; 2
2298; 1
2300; 2
2303; 1
2305; 2
2303; 1
2305; 2
2304; 1
2306; 2
2305; 1
2307; 2
2312; 1
2314; 2
2313; 1
2315; 2
2325; 1
2327; 2
2327; 1
2329; 2
2328; 1
2330; 2
2332; 1
2334; 2
2333; 1
2335; 2
2357; 1
2359; 2
2369; 1
2371; 2
2386; 1
2388; 2
2388; 1
2390; 2
2390; 1
2392; 2
2395; 1
2397; 2
2398; 1
2400; 2
2406; 1
2408; 2
2407; 1
2409; 2
2411; 1
2413; 2
2412; 1
2414; 2
2419; 1
2421; 2
2435; 1
2437; 2
2440; 1
2442; 2
2444; 1
2446; 2
2447; 1
2449; 2
2453; 1
2455; 2
2455; 1
2457; 2
2459; 1
2461; 2
2463; 1
2465; 2
2467; 1
2469; 2
2472; 1
2474; 2
2477; 1
2479; 2
2479; 1
2481; 2
2486; 1
2488; 2
2488; 1
2490; 2
2492; 1
2494; 2
2499; 1
2501; 2
2500; 1
2502; 2
2502; 1
2504; 2
2511; 1
2513; 2
2511; 1
2513; 2
2516; 1
2518; 2
2521; 1
2523; 2
2524; 1
2526; 2
2532; 1
2534; 2
2536; 1
2538; 2
2539; 1
2541; 2
2541; 1
2543; 2
2545; 1
2547; 2
2549; 1
2551; 2
2558; 1
2560; 2
2567; 1
2569; 2
2569; 1
2571; 2
2571; 1
2573; 2
2577; 1
2579; 2
2580; 1
2582; 2
2588; 1
2590; 2
2593; 1
2595; 2
2599; 1
2601; 2
2604; 1
2606; 2
2606; 1
2608; 2
2606; 1
2608; 2
2609; 1
2611; 2
2623; 1
2625; 2
2638; 1
2640; 2
2645; 1
2647; 2
2650; 1
2652; 2
2652; 1
2654; 2
2652; 1
2654; 2
2660; 1
2662; 2
2669; 1
2671; 2
2672; 1
2674; 2
2696; 1
2698; 2
2697; 1
2699; 2
2703; 1
2705; 2
2720; 1
2722; 2
2741; 1
2743; 2
2746; 1
2748; 2
2748; 1
2750; 2
2749; 1
2751; 2
2751; 1
2753; 2
2756; 1
2758; 2
2759; 1
2761; 2
2774; 1
2776; 2
2774; 1
2776; 2
2775; 1
2777; 2
2787; 1
2789; 2
2806; 1
2808; 2
2811; 1
2813; 2
2823; 1
2825; 2
2825; 1
2827; 2
2851; 1
2853; 2
2865; 1
2867; 2
2865; 1
2867; 2
2873; 1
2875; 2
2876; 1
2878; 2
2885; 1
2887; 2
2887; 1
2889; 2
2891; 1
2893; 2
2899; 1
2901; 2
2912; 1
2914; 2
2916; 1
2918; 2
2923; 1
2925; 2
2926; 1
2928; 2
2929; 1
2931; 2
2929; 1
2931; 2
2931; 1
2933; 2
2931; 1
2933; 2
2935; 1
2937; 2
2938; 1
2940; 2
2940; 1
2942; 2
2943; 1
2945; 2
2954; 1
2956; 2
2972; 1
2974; 2
2975; 1
2977; 2
2976; 1
2978; 2
2978; 1
2980; 2
2978; 1
2980; 2
2988; 1
2990; 2
2988; 1
2990; 2
2991; 1
2993; 2
2995; 1
2997; 2
3006; 1
3008; 2
3009; 1
3011; 2
3016; 1
3018; 2
3022; 1
3024; 2
3027; 1
3029; 2
3027; 1
3029; 2
3031; 1
3033; 2
3038; 1
3040; 2
3042; 1
3044; 2
3046; 1
3048; 2
3047; 1
3049; 2
3075; 1
3077; 2
3075; 1
3077; 2
3076; 1
3078; 2
3084; 1
3086; 2
3087; 1
3089; 2
3091; 1
3093; 2
3103; 1
3105; 2
3104; 1
3106; 2
3106; 1
3108; 2
3106; 1
3108; 2
3108; 1
3110; 2
3115; 1
3117; 2
3120; 1
3122; 2
3121; 1
3123; 2
3122; 1
3124; 2
3133; 1
3135; 2
3140; 1
3142; 2
3141; 1
3143; 2
3143; 1
3145; 2
3144; 1
3146; 2
3146; 1
3148; 2
3147; 1
3149; 2
3150; 1
3152; 2
3152; 1
3154; 2
3156; 1
3158; 2
3158; 1
3160; 2
3164; 1
3166; 2
3164; 1
3166; 2
3167; 1
3169; 2
3168; 1
3170; 2
3168; 1
3170; 2
3172; 1
3174; 2
3173; 1
3175; 2
3174; 1
3176; 2
3174; 1
3176; 2
3174; 1
3176; 2
3175; 1
3177; 2
3176; 1
3178; 2
3183; 1
3185; 2
3188; 1
3190; 2
3190; 1
3192; 2
3194; 1
3196; 2
3197; 1
3199; 2
3203; 1
3205; 2
3204; 1
3206; 2
3207; 1
3209; 2
3208; 1
3210; 2
3211; 1
3213; 2
3212; 1
3214; 2
3223; 1
3225; 2
3230; 1
3232; 2
3230; 1
3232; 2
3234; 1
3236; 2
3235; 1
3237; 2
3258; 1
3260; 2
3259; 1
3261; 2
3262; 1
3264; 2
3264; 1
3266; 2
3267; 1
3269; 2
3268; 1
3270; 2
3269; 1
3271; 2
3269; 1
3271; 2
3273; 1
3275; 2
3292; 1
3294; 2
3297; 1
3299; 2
3303; 1
3305; 2
3308; 1
3310; 2
3311; 1
3313; 2
3317; 1
3319; 2
3319; 1
3321; 2
3327; 1
3329; 2
3327; 1
3329; 2
3333; 1
3335; 2
3342; 1
3344; 2
3345; 1
3347; 2
3347; 1
3349; 2
3353; 1
3355; 2
3356; 1
3358; 2
3362; 1
3364; 2
3363; 1
3365; 2
3376; 1
3378; 2
3377; 1
3379; 2
3378; 1
3380; 2
3388; 1
3390; 2
3392; 1
3394; 2
3395; 1
3397; 2
3396; 1
3398; 2
3401; 1
3403; 2
3403; 1
3405; 2
3417; 1
3419; 2
3418; 1
3420; 2
3422; 1
3424; 2
3427; 1
3429; 2
3432; 1
3434; 2
3436; 1
3438; 2
3442; 1
3444; 2
3450; 1
3452; 2
3453; 1
3455; 2
3457; 1
3459; 2
3465; 1
3467; 2
3467; 1
3469; 2
3468; 1
3470; 2
3468; 1
3470; 2
3471; 1
3473; 2
3480; 1
3482; 2
3489; 1
3491; 2
3494; 1
3496; 2
3497; 1
3499; 2
3502; 1
3504; 2
3509; 1
3511; 2
3510; 1
3512; 2
3511; 1
3513; 2
3512; 1
3514; 2
3518; 1
3520; 2
3528; 1
3530; 2
3531; 1
3533; 2
3534; 1
3536; 2
3538; 1
3540; 2
3539; 1
3541; 2
3544; 1
3546; 2
3550; 1
3552; 2
3557; 1
3559; 2
3559; 1
3561; 2
3559; 1
3561; 2
3561; 1
3563; 2
3563; 1
3565; 2
3565; 1
3567; 2
3568; 1
3570; 2
3572; 1
3574; 2
3580; 1
3582; 2
3582; 1
3584; 2
3582; 1
3584; 2
3592; 1
3594; 2
3592; 1
3594; 2
3604; 1
3606; 2
3606; 1
3608; 2
3608; 1
3610; 2
3611; 1
3613; 2
3613; 1
3615; 2
3621; 1
3623; 2
3622; 1
3624; 2
3623; 1
3625; 2
3629; 1
3631; 2
3632; 1
3634; 2
3640; 1
3642; 2
3645; 1
3647; 2
3646; 1
3648; 2
3651; 1
3653; 2
3652; 1
3654; 2
3659; 1
3661; 2
3669; 1
3671; 2
3680; 1
3682; 2
3682; 1
3684; 2
3687; 1
3689; 2
3688; 1
3690; 2
3691; 1
3693; 2
3708; 1
3710; 2
3709; 1
3711; 2
3747; 1
3749; 2
3747; 1
3749; 2
3748; 1
3750; 2
3757; 1
3759; 2
3760; 1
3762; 2
3761; 1
3763; 2
3764; 1
3766; 2
3766; 1
3768; 2
3770; 1
3772; 2
3776; 1
3778; 2
3783; 1
3785; 2
3791; 1
3793; 2
3822; 1
3824; 2
3824; 1
3826; 2
3832; 1
3834; 2
3843; 1
3845; 2
3849; 1
3851; 2
3851; 1
3853; 2
3854; 1
3856; 2
3859; 1
3861; 2
3863; 1
3865; 2
3868; 1
3870; 2
3870; 1
3872; 2
3876; 1
3878; 2
3878; 1
3880; 2
3882; 1
3884; 2
3885; 1
3887; 2
3886; 1
3888; 2
3889; 1
3891; 2
3904; 1
3906; 2
3909; 1
3911; 2
3913; 1
3915; 2
3916; 1
3918; 2
3918; 1
3920; 2
3919; 1
3921; 2
3922; 1
3924; 2
3925; 1
3927; 2
3925; 1
3927; 2
3925; 1
3927; 2
3930; 1
3932; 2
3938; 1
3940; 2
3938; 1
3940; 2
3939; 1
3941; 2
3947; 1
3949; 2
3948; 1
3950; 2
3957; 1
3959; 2
3961; 1
3963; 2
3970; 1
3972; 2
3972; 1
3974; 2
3979; 1
3981; 2
3981; 1
3983; 2
3986; 1
3988; 2
3987; 1
3989; 2
3989; 1
3991; 2
3990; 1
3992; 2
4010; 1
4012; 2
4024; 1
4026; 2
4027; 1
4029; 2
4028; 1
4030; 2
4029; 1
4031; 2
4034; 1
4036; 2
4054; 1
4056; 2
4055; 1
4057; 2
4064; 1
4066; 2
4064; 1
4066; 2
4065; 1
4067; 2
4072; 1
4074; 2
4080; 1
4082; 2
4096; 1
4098; 2
4100; 1
4102; 2
4100; 1
4102; 2
4101; 1
4103; 2
4103; 1
4105; 2
4107; 1
4109; 2
4108; 1
4110; 2
4111; 1
4113; 2
4116; 1
4118; 2
4123; 1
4125; 2
4130; 1
4132; 2
4130; 1
4132; 2
4134; 1
4136; 2
4138; 1
4140; 2
4139; 1
4141; 2
4140; 1
4142; 2
4141; 1
4143; 2
4144; 1
4146; 2
4149; 1
4151; 2
4154; 1
4156; 2
4177; 1
4179; 2
4182; 1
4184; 2
4186; 1
4188; 2
4188; 1
4190; 2
4193; 1
4195; 2
4194; 1
4196; 2
4194; 1
4196; 2
4197; 1
4199; 2
4203; 1
4205; 2
4212; 1
4214; 2
4227; 1
4229; 2
4231; 1
4233; 2
4239; 1
4241; 2
4242; 1
4244; 2
4243; 1
4245; 2
4246; 1
4248; 2
4253; 1
4255; 2
4256; 1
4258; 2
4269; 1
4271; 2
4269; 1
4271; 2
4273; 1
4275; 2
4281; 1
4283; 2
4288; 1
4290; 2
4299; 1
4301; 2
4305; 1
4307; 2
4307; 1
4309; 2
4309; 1
4311; 2
4316; 1
4318; 2
4318; 1
4320; 2
4318; 1
4320; 2
4321; 1
4323; 2
4326; 1
4328; 2
4328; 1
4330; 2
4333; 1
4335; 2
4336; 1
4338; 2
4342; 1
4344; 2
4346; 1
4348; 2
4353; 1
4355; 2
4357; 1
4359; 2
4360; 1
4362; 2
4367; 1
4369; 2
4380; 1
4382; 2
4382; 1
4384; 2
4387; 1
4389; 2
4390; 1
4392; 2
4406; 1
4408; 2
4407; 1
4409; 2
4409; 1
4411; 2
4414; 1
4416; 2
4414; 1
4416; 2
4417; 1
4419; 2
4425; 1
4427; 2
4431; 1
4433; 2
4438; 1
4440; 2
4442; 1
4444; 2
4443; 1
4445; 2
4447; 1
4449; 2
4453; 1
4455; 2
4455; 1
4457; 2
4474; 1
4476; 2
4481; 1
4483; 2
4484; 1
4486; 2
4498; 1
4500; 2
4503; 1
4505; 2
4516; 1
4518; 2
4518; 1
4520; 2
4519; 1
4521; 2
4528; 1
4530; 2
4530; 1
4532; 2
4532; 1
4534; 2
4536; 1
4538; 2
4561; 1
4563; 2
4573; 1
4575; 2
4575; 1
4577; 2
4577; 1
4579; 2
4578; 1
4580; 2
4591; 1
4593; 2
4591; 1
4593; 2
4594; 1
4596; 2
4625; 1
4627; 2
4627; 1
4629; 2
4629; 1
4631; 2
4632; 1
4634; 2
4645; 1
4647; 2
4646; 1
4648; 2
4659; 1
4661; 2
4662; 1
4664; 2
4667; 1
4669; 2
4667; 1
4669; 2
4667; 1
4669; 2
4671; 1
4673; 2
4674; 1
4676; 2
4681; 1
4683; 2
4684; 1
4686; 2
4685; 1
4687; 2
4691; 1
4693; 2
4698; 1
4700; 2
4701; 1
4703; 2
4704; 1
4706; 2
4706; 1
4708; 2
4706; 1
4708; 2
4707; 1
4709; 2
4708; 1
4710; 2
4711; 1
4713; 2
4719; 1
4721; 2
4721; 1
4723; 2
4724; 1
4726; 2
4729; 1
4731; 2
4732; 1
4734; 2
4737; 1
4739; 2
4739; 1
4741; 2
4744; 1
4746; 2
4752; 1
4754; 2
4768; 1
4770; 2
4768; 1
4770; 2
4773; 1
4775; 2
4775; 1
4777; 2
4786; 1
4788; 2
4786; 1
4788; 2
4787; 1
4789; 2
4791; 1
4793; 2
4794; 1
4796; 2
4794; 1
4796; 2
4799; 1
4801; 2
4803; 1
4805; 2
4812; 1
4814; 2
4814; 1
4816; 2
4826; 1
4828; 2
4826; 1
4828; 2
4827; 1
4829; 2
4827; 1
4829; 2
4828; 1
4830; 2
4832; 1
4834; 2
4838; 1
4840; 2
4841; 1
4843; 2
4844; 1
4846; 2
4848; 1
4850; 2
4850; 1
4852; 2
4854; 1
4856; 2
4866; 1
4868; 2
4872; 1
4874; 2
4882; 1
4884; 2
4885; 1
4887; 2
4902; 1
4904; 2
4904; 1
4906; 2
4907; 1
4909; 2
4910; 1
4912; 2
4910; 1
4912; 2
4915; 1
4917; 2
4915; 1
4917; 2
4921; 1
4923; 2
4925; 1
4927; 2
4925; 1
4927; 2
4929; 1
4931; 2
4943; 1
4945; 2
4945; 1
4947; 2
4952; 1
4954; 2
4956; 1
4958; 2
4956; 1
4958; 2
4969; 1
4971; 2
4972; 1
4974; 2
4973; 1
4975; 2
4975; 1
4977; 2
4977; 1
4979; 2
4986; 1
4988; 2
4991; 1
4993; 2
4996; 1
4998; 2
4997; 1
4999; 2
4999; 1
5001; 2
5001; 1
5003; 2
5003; 1
5005; 2
5007; 1
5009; 2
5008; 1
5010; 2
5012; 1
5014; 2
5016; 1
5018; 2
5018; 1
5020; 2
5032; 1
5034; 2
5041; 1
5043; 2
5042; 1
5044; 2
5050; 1
5052; 2
5051; 1
5053; 2
5054; 1
5056; 2
5058; 1
5060; 2
5066; 1
5068; 2
5070; 1
5072; 2
5080; 1
5082; 2
5081; 1
5083; 2
5083; 1
5085; 2
5093; 1
5095; 2
5094; 1
5096; 2
5106; 1
5108; 2
5114; 1
5116; 2
5115; 1
5117; 2
5116; 1
5118; 2
5120; 1
5122; 2
5122; 1
5124; 2
5131; 1
5133; 2
5132; 1
5134; 2
5133; 1
5135; 2
5134; 1
5136; 2
5139; 1
5141; 2
5145; 1
5147; 2
5160; 1
5162; 2
5169; 1
5171; 2
5181; 1
5183; 2
5187; 1
5189; 2
5187; 1
5189; 2
5192; 1
5194; 2
5197; 1
5199; 2
5197; 1
5199; 2
5200; 1
5202; 2
5202; 1
5204; 2
5213; 1
5215; 2
5213; 1
5215; 2
5214; 1
5216; 2
5217; 1
5219; 2
5217; 1
5219; 2
5221; 1
5223; 2
5225; 1
5227; 2
5225; 1
5227; 2
5231; 1
5233; 2
5233; 1
5235; 2
5238; 1
5240; 2
5239; 1
5241; 2
5247; 1
5249; 2
5251; 1
5253; 2
5255; 1
5257; 2
5257; 1
5259; 2
5266; 1
5268; 2
5274; 1
5276; 2
5280; 1
5282; 2
5280; 1
5282; 2
5285; 1
5287; 2
5287; 1
5289; 2
5291; 1
5293; 2
5291; 1
5293; 2
5295; 1
5297; 2
5295; 1
5297; 2
5301; 1
5303; 2
5302; 1
5304; 2
5305; 1
5307; 2
5306; 1
5308; 2
5309; 1
5311; 2
5312; 1
5314; 2
5316; 1
5318; 2
5316; 1
5318; 2
5317; 1
5319; 2
5319; 1
5321; 2
5319; 1
5321; 2
5334; 1
5336; 2
5337; 1
5339; 2
5344; 1
5346; 2
5345; 1
5347; 2
5349; 1
5351; 2
5360; 1
5362; 2
5368; 1
5370; 2
5371; 1
5373; 2
5380; 1
5382; 2
5388; 1
5390; 2
5389; 1
5391; 2
5412; 1
5414; 2
5418; 1
5420; 2
5432; 1
5434; 2
5433; 1
5435; 2
5439; 1
5441; 2
5443; 1
5445; 2
5444; 1
5446; 2
5445; 1
5447; 2
5451; 1
5453; 2
5456; 1
5458; 2
5462; 1
5464; 2
5476; 1
5478; 2
5480; 1
5482; 2
5484; 1
5486; 2
5490; 1
5492; 2
5491; 1
5493; 2
5494; 1
5496; 2
5498; 1
5500; 2
5523; 1
5525; 2
5525; 1
5527; 2
5534; 1
5536; 2
5538; 1
5540; 2
5539; 1
5541; 2
5554; 1
5556; 2
5560; 1
5562; 2
5561; 1
5563; 2
5567; 1
5569; 2
5570; 1
5572; 2
5572; 1
5574; 2
5582; 1
5584; 2
5587; 1
5589; 2
5591; 1
5593; 2
5592; 1
5594; 2
5593; 1
5595; 2
5605; 1
5607; 2
5610; 1
5612; 2
5614; 1
5616; 2
5621; 1
5623; 2
5624; 1
5626; 2
5630; 1
5632; 2
5641; 1
5643; 2
5644; 1
5646; 2
5647; 1
5649; 2
5650; 1
5652; 2
5662; 1
5664; 2
5662; 1
5664; 2
5663; 1
5665; 2
5665; 1
5667; 2
5673; 1
5675; 2
5674; 1
5676; 2
5692; 1
5694; 2
5692; 1
5694; 2
5694; 1
5696; 2
5694; 1
5696; 2
5695; 1
5697; 2
5696; 1
5698; 2
5698; 1
5700; 2
5698; 1
5700; 2
5705; 1
5707; 2
5712; 1
5714; 2
5722; 1
5724; 2
5735; 1
5737; 2
5737; 1
5739; 2
5737; 1
5739; 2
5745; 1
5747; 2
5747; 1
5749; 2
5752; 1
5754; 2
5754; 1
5756; 2
5760; 1
5762; 2
5762; 1
5764; 2
5768; 1
5770; 2
5771; 1
5773; 2
5779; 1
5781; 2
5780; 1
5782; 2
5780; 1
5782; 2
5785; 1
5787; 2
5793; 1
5795; 2
5803; 1
5805; 2
5809; 1
5811; 2
5811; 1
5813; 2
5838; 1
5840; 2
5840; 1
5842; 2
5851; 1
5853; 2
5852; 1
5854; 2
5853; 1
5855; 2
5874; 1
5876; 2
5886; 1
5888; 2
5893; 1
5895; 2
5898; 1
5900; 2
5899; 1
5901; 2
5909; 1
5911; 2
5924; 1
5926; 2
5927; 1
5929; 2
5929; 1
5931; 2
5931; 1
5933; 2
5936; 1
5938; 2
5970; 1
5972; 2
5978; 1
5980; 2
5985; 1
5987; 2
5994; 1
5996; 2
5997; 1
5999; 2
5999; 1
6001; 2
6002; 1
6004; 2
6008; 1
6010; 2
6009; 1
6011; 2
6016; 1
6018; 2
6019; 1
6021; 2
6024; 1
6026; 2
6034; 1
6036; 2
6049; 1
6051; 2
6051; 1
6053; 2
6057; 1
6059; 2
6064; 1
6066; 2
6075; 1
6077; 2
6091; 1
6093; 2
6110; 1
6112; 2
6114; 1
6116; 2
6124; 1
6126; 2
6125; 1
6127; 2
6141; 1
6143; 2
6144; 1
6146; 2
6148; 1
6150; 2
6153; 1
6155; 2
6155; 1
6157; 2
6158; 1
6160; 2
6160; 1
6162; 2
6164; 1
6166; 2
6170; 1
6172; 2
6172; 1
6174; 2
6174; 1
6176; 2
6174; 1
6176; 2
6195; 1
6197; 2
6203; 1
6205; 2
6211; 1
6213; 2
6224; 1
6226; 2
6230; 1
6232; 2
6231; 1
6233; 2
6238; 1
6240; 2
6241; 1
6243; 2
6249; 1
6251; 2
6260; 1
6262; 2
6260; 1
6262; 2
6272; 1
6274; 2
6274; 1
6276; 2
6288; 1
6290; 2
6288; 1
6290; 2
6298; 1
6300; 2
6301; 1
6303; 2
6303; 1
6305; 2
6304; 1
6306; 2
6304; 1
6306; 2
6307; 1
6309; 2
6317; 1
6319; 2
6322; 1
6324; 2
6349; 1
6351; 2
6350; 1
6352; 2
6354; 1
6356; 2
6355; 1
6357; 2
6364; 1
6366; 2
6366; 1
6368; 2
6373; 1
6375; 2
6373; 1
6375; 2
6379; 1
6381; 2
6386; 1
6388; 2
6389; 1
6391; 2
6396; 1
6398; 2
6397; 1
6399; 2
6398; 1
6400; 2
6401; 1
6403; 2
6418; 1
6420; 2
6422; 1
6424; 2
6423; 1
6425; 2
6423; 1
6425; 2
6426; 1
6428; 2
6433; 1
6435; 2
6435; 1
6437; 2
6436; 1
6438; 2
6437; 1
6439; 2
6437; 1
6439; 2
6443; 1
6445; 2
6445; 1
6447; 2
6456; 1
6458; 2
6456; 1
6458; 2
6462; 1
6464; 2
6463; 1
6465; 2
6468; 1
6470; 2
6474; 1
6476; 2
6477; 1
6479; 2
6479; 1
6481; 2
6483; 1
6485; 2
6484; 1
6486; 2
6485; 1
6487; 2
6488; 1
6490; 2
6491; 1
6493; 2
6493; 1
6495; 2
6495; 1
6497; 2
6514; 1
6516; 2
6529; 1
6531; 2
6534; 1
6536; 2
6541; 1
6543; 2
6544; 1
6546; 2
6546; 1
6548; 2
6548; 1
6550; 2
6548; 1
6550; 2
6565; 1
6567; 2
6566; 1
6568; 2
6571; 1
6573; 2
6574; 1
6576; 2
6574; 1
6576; 2
6580; 1
6582; 2
6595; 1
6597; 2
6599; 1
6601; 2
6605; 1
6607; 2
6607; 1
6609; 2
6618; 1
6620; 2
6622; 1
6624; 2
6623; 1
6625; 2
6623; 1
6625; 2
6629; 1
6631; 2
6640; 1
6642; 2
6641; 1
6643; 2
6643; 1
6645; 2
6649; 1
6651; 2
6659; 1
6661; 2
6662; 1
6664; 2
6668; 1
6670; 2
6673; 1
6675; 2
6681; 1
6683; 2
6690; 1
6692; 2
6693; 1
6695; 2
6707; 1
6709; 2
6715; 1
6717; 2
6717; 1
6719; 2
6718; 1
6720; 2
6720; 1
6722; 2
6737; 1
6739; 2
6744; 1
6746; 2
6745; 1
6747; 2
6760; 1
6762; 2
6765; 1
6767; 2
6783; 1
6785; 2
6785; 1
6787; 2
6786; 1
6788; 2
6791; 1
6793; 2
6793; 1
6795; 2
6797; 1
6799; 2
6804; 1
6806; 2
6805; 1
6807; 2
6809; 1
6811; 2
6814; 1
6816; 2
6814; 1
6816; 2
6815; 1
6817; 2
6823; 1
6825; 2
6825; 1
6827; 2
6852; 1
6854; 2
6855; 1
6857; 2
6857; 1
6859; 2
6858; 1
6860; 2
6876; 1
6878; 2
6877; 1
6879; 2
6891; 1
6893; 2
6898; 1
6900; 2
6903; 1
6905; 2
6904; 1
6906; 2
6905; 1
6907; 2
6919; 1
6921; 2
6929; 1
6931; 2
6948; 1
6950; 2
6952; 1
6954; 2
6954; 1
6956; 2
6956; 1
6958; 2
6956; 1
6958; 2
6960; 1
6962; 2
6961; 1
6963; 2
6963; 1
6965; 2
6971; 1
6973; 2
6974; 1
6976; 2
6976; 1
6978; 2
6977; 1
6979; 2
6980; 1
6982; 2
6981; 1
6983; 2
6984; 1
6986; 2
6992; 1
6994; 2
6992; 1
6994; 2
6993; 1
6995; 2
6994; 1
6996; 2
6997; 1
6999; 2
7002; 1
7004; 2
7004; 1
7006; 2
7006; 1
7008; 2
7008; 1
7010; 2
7013; 1
7015; 2
7014; 1
7016; 2
7020; 1
7022; 2
7021; 1
7023; 2
7024; 1
7026; 2
7028; 1
7030; 2
7030; 1
7032; 2
7035; 1
7037; 2
7035; 1
7037; 2
7045; 1
7047; 2
7047; 1
7049; 2
7052; 1
7054; 2
7058; 1
7060; 2
7063; 1
7065; 2
7068; 1
7070; 2
7069; 1
7071; 2
7074; 1
7076; 2
7074; 1
7076; 2
7079; 1
7081; 2
7091; 1
7093; 2
7095; 1
7097; 2
7095; 1
7097; 2
7098; 1
7100; 2
7107; 1
7109; 2
7108; 1
7110; 2
7110; 1
7112; 2
7112; 1
7114; 2
7112; 1
7114; 2
7113; 1
7115; 2
7118; 1
7120; 2
7123; 1
7125; 2
7128; 1
7130; 2
7131; 1
7133; 2
7133; 1
7135; 2
7138; 1
7140; 2
7143; 1
7145; 2
7155; 1
7157; 2
7158; 1
7160; 2
7160; 1
7162; 2
7169; 1
7171; 2
7171; 1
7173; 2
7172; 1
7174; 2
7175; 1
7177; 2
7182; 1
7184; 2
7189; 1
7191; 2
7191; 1
7193; 2
7203; 1
7205; 2
7205; 1
7207; 2
7209; 1
7211; 2
7209; 1
7211; 2
7213; 1
7215; 2
7215; 1
7217; 2
7215; 1
7217; 2
7216; 1
7218; 2
7218; 1
7220; 2
7231; 1
7233; 2
7235; 1
7237; 2
7236; 1
7238; 2
7245; 1
7247; 2
7248; 1
7250; 2
7256; 1
7258; 2
7262; 1
7264; 2
7265; 1
7267; 2
7267; 1
7269; 2
7278; 1
7280; 2
7279; 1
7281; 2
7283; 1
7285; 2
7285; 1
7287; 2
7287; 1
7289; 2
7288; 1
7290; 2
7299; 1
7301; 2
7304; 1
7306; 2
7308; 1
7310; 2
7313; 1
7315; 2
7318; 1
7320; 2
7320; 1
7322; 2
7324; 1
7326; 2
7326; 1
7328; 2
7331; 1
7333; 2
7338; 1
7340; 2
7344; 1
7346; 2
7346; 1
7348; 2
7363; 1
7365; 2
7371; 1
7373; 2
7372; 1
7374; 2
7374; 1
7376; 2
7379; 1
7381; 2
7382; 1
7384; 2
7388; 1
7390; 2
7397; 1
7399; 2
7399; 1
7401; 2
7403; 1
7405; 2
7407; 1
7409; 2
7411; 1
7413; 2
7420; 1
7422; 2
7428; 1
7430; 2
7432; 1
7434; 2
7433; 1
7435; 2
7433; 1
7435; 2
7434; 1
7436; 2
7443; 1
7445; 2
7447; 1
7449; 2
7456; 1
7458; 2
7465; 1
7467; 2
7493; 1
7495; 2
7493; 1
7495; 2
7494; 1
7496; 2
7499; 1
7501; 2
7501; 1
7503; 2
7505; 1
7507; 2
7510; 1
7512; 2
7529; 1
7531; 2
7542; 1
7544; 2
7546; 1
7548; 2
7547; 1
7549; 2
7553; 1
7555; 2
7589; 1
7591; 2
7594; 1
7596; 2
7597; 1
7599; 2
7610; 1
7612; 2
7612; 1
7614; 2
7625; 1
7627; 2
7637; 1
7639; 2
7642; 1
7644; 2
7644; 1
7646; 2
7647; 1
7649; 2
7654; 1
7656; 2
7658; 1
7660; 2
7660; 1
7662; 2
7671; 1
7673; 2
7672; 1
7674; 2
7674; 1
7676; 2
7685; 1
7687; 2
7690; 1
7692; 2
7693; 1
7695; 2
7699; 1
7701; 2
7724; 1
7726; 2
7739; 1
7741; 2
7749; 1
7751; 2
7749; 1
7751; 2
7764; 1
7766; 2
7765; 1
7767; 2
7775; 1
7777; 2
7777; 1
7779; 2
7778; 1
7780; 2
7781; 1
7783; 2
7785; 1
7787; 2
7786; 1
7788; 2
7786; 1
7788; 2
7788; 1
7790; 2
7812; 1
7814; 2
7814; 1
7816; 2
7819; 1
7821; 2
7827; 1
7829; 2
7846; 1
7848; 2
7852; 1
7854; 2
7856; 1
7858; 2
7861; 1
7863; 2
7863; 1
7865; 2
7864; 1
7866; 2
7868; 1
7870; 2
7876; 1
7878; 2
7909; 1
7911; 2
7917; 1
7919; 2
7930; 1
7932; 2
7932; 1
7934; 2
7935; 1
7937; 2
7948; 1
7950; 2
7949; 1
7951; 2
7953; 1
7955; 2
7954; 1
7956; 2
7961; 1
7963; 2
7961; 1
7963; 2
7962; 1
7964; 2
7974; 1
7976; 2
7979; 1
7981; 2
7980; 1
7982; 2
7982; 1
7984; 2
7990; 1
7992; 2
8000; 1
8002; 2
8002; 1
8004; 2
8009; 1
8011; 2
8012; 1
8014; 2
8012; 1
8014; 2
8025; 1
8027; 2
8027; 1
8029; 2
8029; 1
8031; 2
8029; 1
8031; 2
8031; 1
8033; 2
8052; 1
8054; 2
8067; 1
8069; 2
8085; 1
8087; 2
8120; 1
8122; 2
8129; 1
8131; 2
8131; 1
8133; 2
8140; 1
8142; 2
8143; 1
8145; 2
8145; 1
8147; 2
8145; 1
8147; 2
8147; 1
8149; 2
8149; 1
8151; 2
8154; 1
8156; 2
8166; 1
8168; 2
8167; 1
8169; 2
8170; 1
8172; 2
8173; 1
8175; 2
8174; 1
8176; 2
8177; 1
8179; 2
8193; 1
8195; 2
8195; 1
8197; 2
8197; 1
8199; 2
8204; 1
8206; 2
8211; 1
8213; 2
8224; 1
8226; 2
8228; 1
8230; 2
8228; 1
8230; 2
8232; 1
8234; 2
8237; 1
8239; 2
8247; 1
8249; 2
8248; 1
8250; 2
8257; 1
8259; 2
8258; 1
8260; 2
8269; 1
8271; 2
8281; 1
8283; 2
8313; 1
8315; 2
8314; 1
8316; 2
8323; 1
8325; 2
8332; 1
8334; 2
8333; 1
8335; 2
8334; 1
8336; 2
8346; 1
8348; 2
8361; 1
8363; 2
8367; 1
8369; 2
8375; 1
8377; 2
8379; 1
8381; 2
8382; 1
8384; 2
8394; 1
8396; 2
8403; 1
8405; 2
8412; 1
8414; 2
8414; 1
8416; 2
8418; 1
8420; 2
8425; 1
8427; 2
8433; 1
8435; 2
8440; 1
8442; 2
8448; 1
8450; 2
8450; 1
8452; 2
8452; 1
8454; 2
8463; 1
8465; 2
8474; 1
8476; 2
8475; 1
8477; 2
8485; 1
8487; 2
8485; 1
8487; 2
8487; 1
8489; 2
8491; 1
8493; 2
8499; 1
8501; 2
8500; 1
8502; 2
8500; 1
8502; 2
8506; 1
8508; 2
8512; 1
8514; 2
8518; 1
8520; 2
8523; 1
8525; 2
8526; 1
8528; 2
8526; 1
8528; 2
8526; 1
8528; 2
8528; 1
8530; 2
8532; 1
8534; 2
8532; 1
8534; 2
8536; 1
8538; 2
8542; 1
8544; 2
8549; 1
8551; 2
8550; 1
8552; 2
8551; 1
8553; 2
8553; 1
8555; 2
8556; 1
8558; 2
8561; 1
8563; 2
8564; 1
8566; 2
8572; 1
8574; 2
8572; 1
8574; 2
8574; 1
8576; 2
8576; 1
8578; 2
8582; 1
8584; 2
8584; 1
8586; 2
8597; 1
8599; 2
8599; 1
8601; 2
8607; 1
8609; 2
8611; 1
8613; 2
8624; 1
8626; 2
8630; 1
8632; 2
8639; 1
8641; 2
8639; 1
8641; 2
8642; 1
8644; 2
8643; 1
8645; 2
8647; 1
8649; 2
8651; 1
8653; 2
8660; 1
8662; 2
8666; 1
8668; 2
8672; 1
8674; 2
8672; 1
8674; 2
8678; 1
8680; 2
8686; 1
8688; 2
8689; 1
8691; 2
8692; 1
8694; 2
8708; 1
8710; 2
8728; 1
8730; 2
8729; 1
8731; 2
8733; 1
8735; 2
8740; 1
8742; 2
8746; 1
8748; 2
8751; 1
8753; 2
8768; 1
8770; 2
8772; 1
8774; 2
8773; 1
8775; 2
8775; 1
8777; 2
8785; 1
8787; 2
8792; 1
8794; 2
8794; 1
8796; 2
8807; 1
8809; 2
8814; 1
8816; 2
8816; 1
8818; 2
8817; 1
8819; 2
8821; 1
8823; 2
8821; 1
8823; 2
8823; 1
8825; 2
8824; 1
8826; 2
8825; 1
8827; 2
8833; 1
8835; 2
8833; 1
8835; 2
8840; 1
8842; 2
8847; 1
8849; 2
8848; 1
8850; 2
8850; 1
8852; 2
8852; 1
8854; 2
8859; 1
8861; 2
8859; 1
8861; 2
8860; 1
8862; 2
8861; 1
8863; 2
8871; 1
8873; 2
8875; 1
8877; 2
8880; 1
8882; 2
8882; 1
8884; 2
8886; 1
8888; 2
8890; 1
8892; 2
8896; 1
8898; 2
8898; 1
8900; 2
8903; 1
8905; 2
8903; 1
8905; 2
8905; 1
8907; 2
8920; 1
8922; 2
8927; 1
8929; 2
8945; 1
8947; 2
8946; 1
8948; 2
8947; 1
8949; 2
8947; 1
8949; 2
8955; 1
8957; 2
8965; 1
8967; 2
8970; 1
8972; 2
8973; 1
8975; 2
8991; 1
8993; 2
8998; 1
9000; 2
8999; 1
9001; 2
8999; 1
9001; 2
9002; 1
9004; 2
9007; 1
9009; 2
9016; 1
9018; 2
9019; 1
9021; 2
9026; 1
9028; 2
9032; 1
9034; 2
9033; 1
9035; 2
9034; 1
9036; 2
9042; 1
9044; 2
9042; 1
9044; 2
9052; 1
9054; 2
9052; 1
9054; 2
9053; 1
9055; 2
9057; 1
9059; 2
9058; 1
9060; 2
9063; 1
9065; 2
9065; 1
9067; 2
9068; 1
9070; 2
9068; 1
9070; 2
9074; 1
9076; 2
9078; 1
9080; 2
9078; 1
9080; 2
9083; 1
9085; 2
9084; 1
9086; 2
9092; 1
9094; 2
9097; 1
9099; 2
9100; 1
9102; 2
9103; 1
9105; 2
9105; 1
9107; 2
9108; 1
9110; 2
9111; 1
9113; 2
9112; 1
9114; 2
9113; 1
9115; 2
9116; 1
9118; 2
9123; 1
9125; 2
9137; 1
9139; 2
9140; 1
9142; 2
9150; 1
9152; 2
9150; 1
9152; 2
9152; 1
9154; 2
9157; 1
9159; 2
9168; 1
9170; 2
9171; 1
9173; 2
9186; 1
9188; 2
9186; 1
9188; 2
9187; 1
9189; 2
9189; 1
9191; 2
9193; 1
9195; 2
9200; 1
9202; 2
9215; 1
9217; 2
9216; 1
9218; 2
9218; 1
9220; 2
9228; 1
9230; 2
9240; 1
9242; 2
9244; 1
9246; 2
9250; 1
9252; 2
9258; 1
9260; 2
9262; 1
9264; 2
9276; 1
9278; 2
9279; 1
9281; 2
9284; 1
9286; 2
9286; 1
9288; 2
9286; 1
9288; 2
9300; 1
9302; 2
9305; 1
9307; 2
9307; 1
9309; 2
9310; 1
9312; 2
9316; 1
9318; 2
9324; 1
9326; 2
9325; 1
9327; 2
9326; 1
9328; 2
9331; 1
9333; 2
9336; 1
9338; 2
9337; 1
9339; 2
9343; 1
9345; 2
9344; 1
9346; 2
9345; 1
9347; 2
9349; 1
9351; 2
9353; 1
9355; 2
9353; 1
9355; 2
9357; 1
9359; 2
9361; 1
9363; 2
9364; 1
9366; 2
9364; 1
9366; 2
9370; 1
9372; 2
9374; 1
9376; 2
9382; 1
9384; 2
9383; 1
9385; 2
9385; 1
9387; 2
9392; 1
9394; 2
9402; 1
9404; 2
9403; 1
9405; 2
9405; 1
9407; 2
9423; 1
9425; 2
9424; 1
9426; 2
9426; 1
9428; 2
9430; 1
9432; 2
9432; 1
9434; 2
9433; 1
9435; 2
9436; 1
9438; 2
9443; 1
9445; 2
9444; 1
9446; 2
9447; 1
9449; 2
9448; 1
9450; 2
9454; 1
9456; 2
9458; 1
9460; 2
9464; 1
9466; 2
9466; 1
9468; 2
9476; 1
9478; 2
9478; 1
9480; 2
9483; 1
9485; 2
9485; 1
9487; 2
9497; 1
9499; 2
9503; 1
9505; 2
9508; 1
9510; 2
9512; 1
9514; 2
9512; 1
9514; 2
9516; 1
9518; 2
9520; 1
9522; 2
9521; 1
9523; 2
9521; 1
9523; 2
9524; 1
9526; 2
9539; 1
9541; 2
9543; 1
9545; 2
9544; 1
9546; 2
9545; 1
9547; 2
9547; 1
9549; 2
9549; 1
9551; 2
9557; 1
9559; 2
9570; 1
9572; 2
9574; 1
9576; 2
9575; 1
9577; 2
9576; 1
9578; 2
9578; 1
9580; 2
9582; 1
9584; 2
9584; 1
9586; 2
9594; 1
9596; 2
9594; 1
9596; 2
9602; 1
9604; 2
9606; 1
9608; 2
9609; 1
9611; 2
9617; 1
9619; 2
9623; 1
9625; 2
9625; 1
9627; 2
9632; 1
9634; 2
9633; 1
9635; 2
9635; 1
9637; 2
9637; 1
9639; 2
9638; 1
9640; 2
9641; 1
9643; 2
9645; 1
9647; 2
9651; 1
9653; 2
9654; 1
9656; 2
9673; 1
9675; 2
9676; 1
9678; 2
9683; 1
9685; 2
9694; 1
9696; 2
9695; 1
9697; 2
9696; 1
9698; 2
9702; 1
9704; 2
9710; 1
9712; 2
9721; 1
9723; 2
9721; 1
9723; 2
9727; 1
9729; 2
9731; 1
9733; 2
9737; 1
9739; 2
9743; 1
9745; 2
9744; 1
9746; 2
9749; 1
9751; 2
9750; 1
9752; 2
9752; 1
9754; 2
9763; 1
9765; 2
9767; 1
9769; 2
9768; 1
9770; 2
9770; 1
9772; 2
9770; 1
9772; 2
9770; 1
9772; 2
9778; 1
9780; 2
9784; 1
9786; 2
9788; 1
9790; 2
9795; 1
9797; 2
9797; 1
9799; 2
9798; 1
9800; 2
9807; 1
9809; 2
9807; 1
9809; 2
9809; 1
9811; 2
9809; 1
9811; 2
9809; 1
9811; 2
9811; 1
9813; 2
9825; 1
9827; 2
9825; 1
9827; 2
9827; 1
9829; 2
9827; 1
9829; 2
9835; 1
9837; 2
9845; 1
9847; 2
9849; 1
9851; 2
9851; 1
9853; 2
9851; 1
9853; 2
9853; 1
9855; 2
9853; 1
9855; 2
9858; 1
9860; 2
9860; 1
9862; 2
9861; 1
9863; 2
9861; 1
9863; 2
9866; 1
9868; 2
9868; 1
9870; 2
9868; 1
9870; 2
9877; 1
9879; 2
9878; 1
9880; 2
9881; 1
9883; 2
9889; 1
9891; 2
9896; 1
9898; 2
9900; 1
9902; 2
9903; 1
9905; 2
9913; 1
9915; 2
9915; 1
9917; 2
9916; 1
9918; 2
9918; 1
9920; 2
9924; 1
9926; 2
9925; 1
9927; 2
9927; 1
9929; 2
9930; 1
9932; 2
9933; 1
9935; 2
9936; 1
9938; 2
9943; 1
9945; 2
9958; 1
9960; 2
9964; 1
9966; 2
9964; 1
9966; 2
9979; 1
9981; 2
9980; 1
9982; 2
9986; 1
9988; 2
10020; 1
10022; 2
10024; 1
10026; 2
10026; 1
10028; 2
10033; 1
10035; 2
