Sequence of timestamped events V1.0
Stream 4
Id =4
Name = Camera_4
Tbegin = 0
Tend = 10000
Count = 2000
25; 1
27; 2
30; 1
32; 2
32; 1
34; 2
34; 1
36; 2
35; 1
37; 2
36; 1
38; 2
37; 1
39; 2
64; 1
66; 2
65; 1
67; 2
77; 1
79; 2
78; 1
80; 2
80; 1
82; 2
86; 1
88; 2
88; 1
90; 2
88; 1
90; 2
92; 1
94; 2
96; 1
98; 2
96; 1
98; 2
109; 1
111; 2
111; 1
113; 2
113; 1
115; 2
118; 1
120; 2
122; 1
124; 2
124; 1
126; 2
124; 1
126; 2
125; 1
127; 2
129; 1
131; 2
132; 1
134; 2
149; 1
151; 2
153; 1
155; 2
154; 1
156; 2
155; 1
157; 2
156; 1
158; 2
159; 1
161; 2
161; 1
163; 2
162; 1
164; 2
165; 1
167; 2
167; 1
169; 2
168; 1
170; 2
184; 1
186; 2
185; 1
187; 2
186; 1
188; 2
190; 1
192; 2
193; 1
195; 2
206; 1
208; 2
217; 1
219; 2
219; 1
221; 2
219; 1
221; 2
223; 1
225; 2
233; 1
235; 2
238; 1
240; 2
240; 1
242; 2
262; 1
264; 2
276; 1
278; 2
277; 1
279; 2
284; 1
286; 2
286; 1
288; 2
298; 1
300; 2
302; 1
304; 2
319; 1
321; 2
319; 1
321; 2
336; 1
338; 2
337; 1
339; 2
340; 1
342; 2
340; 1
342; 2
354; 1
356; 2
363; 1
365; 2
372; 1
374; 2
387; 1
389; 2
402; 1
404; 2
405; 1
407; 2
407; 1
409; 2
416; 1
418; 2
419; 1
421; 2
420; 1
422; 2
426; 1
428; 2
430; 1
432; 2
436; 1
438; 2
442; 1
444; 2
443; 1
445; 2
444; 1
446; 2
446; 1
448; 2
456; 1
458; 2
458; 1
460; 2
460; 1
462; 2
467; 1
469; 2
472; 1
474; 2
473; 1
475; 2
474; 1
476; 2
475; 1
477; 2
475; 1
477; 2
475; 1
477; 2
477; 1
479; 2
483; 1
485; 2
493; 1
495; 2
494; 1
496; 2
503; 1
505; 2
509; 1
511; 2
511; 1
513; 2
518; 1
520; 2
522; 1
524; 2
527; 1
529; 2
531; 1
533; 2
534; 1
536; 2
542; 1
544; 2
552; 1
554; 2
555; 1
557; 2
559; 1
561; 2
560; 1
562; 2
568; 1
570; 2
571; 1
573; 2
579; 1
581; 2
580; 1
582; 2
594; 1
596; 2
602; 1
604; 2
603; 1
605; 2
615; 1
617; 2
624; 1
626; 2
627; 1
629; 2
628; 1
630; 2
632; 1
634; 2
632; 1
634; 2
640; 1
642; 2
650; 1
652; 2
652; 1
654; 2
655; 1
657; 2
657; 1
659; 2
659; 1
661; 2
668; 1
670; 2
670; 1
672; 2
673; 1
675; 2
675; 1
677; 2
675; 1
677; 2
698; 1
700; 2
698; 1
700; 2
701; 1
703; 2
704; 1
706; 2
713; 1
715; 2
730; 1
732; 2
737; 1
739; 2
738; 1
740; 2
746; 1
748; 2
750; 1
752; 2
754; 1
756; 2
757; 1
759; 2
766; 1
768; 2
768; 1
770; 2
773; 1
775; 2
775; 1
777; 2
777; 1
779; 2
778; 1
780; 2
779; 1
781; 2
779; 1
781; 2
786; 1
788; 2
789; 1
791; 2
791; 1
793; 2
791; 1
793; 2
791; 1
793; 2
792; 1
794; 2
800; 1
802; 2
809; 1
811; 2
815; 1
817; 2
819; 1
821; 2
820; 1
822; 2
821; 1
823; 2
828; 1
830; 2
829; 1
831; 2
832; 1
834; 2
833; 1
835; 2
834; 1
836; 2
836; 1
838; 2
847; 1
849; 2
858; 1
860; 2
864; 1
866; 2
865; 1
867; 2
869; 1
871; 2
878; 1
880; 2
898; 1
900; 2
898; 1
900; 2
898; 1
900; 2
903; 1
905; 2
908; 1
910; 2
913; 1
915; 2
920; 1
922; 2
927; 1
929; 2
931; 1
933; 2
934; 1
936; 2
935; 1
937; 2
936; 1
938; 2
938; 1
940; 2
944; 1
946; 2
947; 1
949; 2
956; 1
958; 2
956; 1
958; 2
960; 1
962; 2
962; 1
964; 2
966; 1
968; 2
972; 1
974; 2
977; 1
979; 2
982; 1
984; 2
991; 1
993; 2
1010; 1
1012; 2
1015; 1
1017; 2
1021; 1
1023; 2
1025; 1
1027; 2
1026; 1
1028; 2
1032; 1
1034; 2
1037; 1
1039; 2
1044; 1
1046; 2
1044; 1
1046; 2
1053; 1
1055; 2
1058; 1
1060; 2
1060; 1
1062; 2
1084; 1
1086; 2
1093; 1
1095; 2
1097; 1
1099; 2
1097; 1
1099; 2
1100; 1
1102; 2
1104; 1
1106; 2
1110; 1
1112; 2
1117; 1
1119; 2
1129; 1
1131; 2
1131; 1
1133; 2
1133; 1
1135; 2
1139; 1
1141; 2
1142; 1
1144; 2
1153; 1
1155; 2
1161; 1
1163; 2
1167; 1
1169; 2
1169; 1
1171; 2
1173; 1
1175; 2
1176; 1
1178; 2
1181; 1
1183; 2
1181; 1
1183; 2
1183; 1
1185; 2
1190; 1
1192; 2
1197; 1
1199; 2
1199; 1
1201; 2
1204; 1
1206; 2
1207; 1
1209; 2
1208; 1
1210; 2
1212; 1
1214; 2
1214; 1
1216; 2
1214; 1
1216; 2
1227; 1
1229; 2
1238; 1
1240; 2
1242; 1
1244; 2
1247; 1
1249; 2
1251; 1
1253; 2
1259; 1
1261; 2
1260; 1
1262; 2
1262; 1
1264; 2
1265; 1
1267; 2
1265; 1
1267; 2
1266; 1
1268; 2
1267; 1
1269; 2
1267; 1
1269; 2
1270; 1
1272; 2
1274; 1
1276; 2
1283; 1
1285; 2
1284; 1
1286; 2
1297; 1
1299; 2
1304; 1
1306; 2
1306; 1
1308; 2
1307; 1
1309; 2
1310; 1
1312; 2
1319; 1
1321; 2
1323; 1
1325; 2
1330; 1
1332; 2
1332; 1
1334; 2
1333; 1
1335; 2
1334; 1
1336; 2
1336; 1
1338; 2
1337; 1
1339; 2
1338; 1
1340; 2
1339; 1
1341; 2
1342; 1
1344; 2
1347; 1
1349; 2
1351; 1
1353; 2
1352; 1
1354; 2
1353; 1
1355; 2
1353; 1
1355; 2
1353; 1
1355; 2
1355; 1
1357; 2
1355; 1
1357; 2
1363; 1
1365; 2
1365; 1
1367; 2
1366; 1
1368; 2
1366; 1
1368; 2
1369; 1
1371; 2
1371; 1
1373; 2
1373; 1
1375; 2
1376; 1
1378; 2
1376; 1
1378; 2
1385; 1
1387; 2
1385; 1
1387; 2
1389; 1
1391; 2
1391; 1
1393; 2
1395; 1
1397; 2
1403; 1
1405; 2
1406; 1
1408; 2
1410; 1
1412; 2
1413; 1
1415; 2
1423; 1
1425; 2
1426; 1
1428; 2
1443; 1
1445; 2
1446; 1
1448; 2
1448; 1
1450; 2
1449; 1
1451; 2
1451; 1
1453; 2
1452; 1
1454; 2
1472; 1
1474; 2
1485; 1
1487; 2
1488; 1
1490; 2
1490; 1
1492; 2
1491; 1
1493; 2
1498; 1
1500; 2
1502; 1
1504; 2
1506; 1
1508; 2
1507; 1
1509; 2
1507; 1
1509; 2
1509; 1
1511; 2
1513; 1
1515; 2
1521; 1
1523; 2
1538; 1
1540; 2
1565; 1
1567; 2
1566; 1
1568; 2
1568; 1
1570; 2
1568; 1
1570; 2
1582; 1
1584; 2
1591; 1
1593; 2
1594; 1
1596; 2
1594; 1
1596; 2
1597; 1
1599; 2
1600; 1
1602; 2
1601; 1
1603; 2
1603; 1
1605; 2
1603; 1
1605; 2
1605; 1
1607; 2
1606; 1
1608; 2
1625; 1
1627; 2
1627; 1
1629; 2
1627; 1
1629; 2
1631; 1
1633; 2
1646; 1
1648; 2
1651; 1
1653; 2
1651; 1
1653; 2
1659; 1
1661; 2
1662; 1
1664; 2
1666; 1
1668; 2
1666; 1
1668; 2
1669; 1
1671; 2
1672; 1
1674; 2
1672; 1
1674; 2
1675; 1
1677; 2
1676; 1
1678; 2
1677; 1
1679; 2
1683; 1
1685; 2
1688; 1
1690; 2
1697; 1
1699; 2
1703; 1
1705; 2
1707; 1
1709; 2
1709; 1
1711; 2
1725; 1
1727; 2
1728; 1
1730; 2
1728; 1
1730; 2
1731; 1
1733; 2
1733; 1
1735; 2
1739; 1
1741; 2
1739; 1
1741; 2
1740; 1
1742; 2
1754; 1
1756; 2
1772; 1
1774; 2
1780; 1
1782; 2
1781; 1
1783; 2
1782; 1
1784; 2
1787; 1
1789; 2
1792; 1
1794; 2
1799; 1
1801; 2
1807; 1
1809; 2
1808; 1
1810; 2
1814; 1
1816; 2
1831; 1
1833; 2
1832; 1
1834; 2
1847; 1
1849; 2
1849; 1
1851; 2
1856; 1
1858; 2
1858; 1
1860; 2
1862; 1
1864; 2
1866; 1
1868; 2
1869; 1
1871; 2
1870; 1
1872; 2
1888; 1
1890; 2
1889; 1
1891; 2
1898; 1
1900; 2
1903; 1
1905; 2
1903; 1
1905; 2
1913; 1
1915; 2
1920; 1
1922; 2
1921; 1
1923; 2
1926; 1
1928; 2
1927; 1
1929; 2
1931; 1
1933; 2
1933; 1
1935; 2
1937; 1
1939; 2
1949; 1
1951; 2
1966; 1
1968; 2
1990; 1
1992; 2
2000; 1
2002; 2
2004; 1
2006; 2
2004; 1
2006; 2
2006; 1
2008; 2
2006; 1
2008; 2
2026; 1
2028; 2
2031; 1
2033; 2
2039; 1
2041; 2
2042; 1
2044; 2
2044; 1
2046; 2
2045; 1
2047; 2
2047; 1
2049; 2
2054; 1
2056; 2
2055; 1
2057; 2
2058; 1
2060; 2
2062; 1
2064; 2
2063; 1
2065; 2
2073; 1
2075; 2
2074; 1
2076; 2
2078; 1
2080; 2
2086; 1
2088; 2
2090; 1
2092; 2
2094; 1
2096; 2
2099; 1
2101; 2
2108; 1
2110; 2
2123; 1
2125; 2
2124; 1
2126; 2
2128; 1
2130; 2
2137; 1
2139; 2
2137; 1
2139; 2
2141; 1
2143; 2
2141; 1
2143; 2
2157; 1
2159; 2
2158; 1
2160; 2
2159; 1
2161; 2
2167; 1
2169; 2
2167; 1
2169; 2
2170; 1
2172; 2
2181; 1
2183; 2
2189; 1
2191; 2
2192; 1
2194; 2
2193; 1
2195; 2
2196; 1
2198; 2
2202; 1
2204; 2
2204; 1
2206; 2
2206; 1
2208; 2
2207; 1
2209; 2
2220; 1
2222; 2
2224; 1
2226; 2
2231; 1
2233; 2
2235; 1
2237; 2
2236; 1
2238; 2
2248; 1
2250; 2
2257; 1
2259; 2
2261; 1
2263; 2
2263; 1
2265; 2
2265; 1
2267; 2
2267; 1
2269; 2
2269; 1
2271; 2
2270; 1
2272; 2
2276; 1
2278; 2
2277; 1
2279; 2
2278; 1
2280; 2
2280; 1
2282; 2
2285; 1
2287; 2
2285; 1
2287; 2
2286; 1
2288; 2
2287; 1
2289; 2
2294; 1
2296; 2
2295; 1
2297; 2
2307; 1
2309; 2
2309; 1
2311; 2
2310; 1
2312; 2
2314; 1
2316; 2
2315; 1
2317; 2
2339; 1
2341; 2
2351; 1
2353; 2
2368; 1
2370; 2
2370; 1
2372; 2
2372; 1
2374; 2
2377; 1
2379; 2
2380; 1
2382; 2
2388; 1
2390; 2
2389; 1
2391; 2
2393; 1
2395; 2
2394; 1
2396; 2
2401; 1
2403; 2
2417; 1
2419; 2
2422; 1
2424; 2
2426; 1
2428; 2
2429; 1
2431; 2
2435; 1
2437; 2
2437; 1
2439; 2
2441; 1
2443; 2
2445; 1
2447; 2
2449; 1
2451; 2
2454; 1
2456; 2
2459; 1
2461; 2
2461; 1
2463; 2
2468; 1
2470; 2
2470; 1
2472; 2
2474; 1
2476; 2
2481; 1
2483; 2
2482; 1
2484; 2
2484; 1
2486; 2
2493; 1
2495; 2
2493; 1
2495; 2
2498; 1
2500; 2
2503; 1
2505; 2
2506; 1
2508; 2
2514; 1
2516; 2
2518; 1
2520; 2
2521; 1
2523; 2
2523; 1
2525; 2
2527; 1
2529; 2
2531; 1
2533; 2
2540; 1
2542; 2
2549; 1
2551; 2
2551; 1
2553; 2
2553; 1
2555; 2
2559; 1
2561; 2
2562; 1
2564; 2
2570; 1
2572; 2
2575; 1
2577; 2
2581; 1
2583; 2
2586; 1
2588; 2
2588; 1
2590; 2
2588; 1
2590; 2
2591; 1
2593; 2
2605; 1
2607; 2
2620; 1
2622; 2
2627; 1
2629; 2
2632; 1
2634; 2
2634; 1
2636; 2
2634; 1
2636; 2
2642; 1
2644; 2
2651; 1
2653; 2
2654; 1
2656; 2
2678; 1
2680; 2
2679; 1
2681; 2
2685; 1
2687; 2
2702; 1
2704; 2
2723; 1
2725; 2
2728; 1
2730; 2
2730; 1
2732; 2
2731; 1
2733; 2
2733; 1
2735; 2
2738; 1
2740; 2
2741; 1
2743; 2
2756; 1
2758; 2
2756; 1
2758; 2
2757; 1
2759; 2
2769; 1
2771; 2
2788; 1
2790; 2
2793; 1
2795; 2
2805; 1
2807; 2
2807; 1
2809; 2
2833; 1
2835; 2
2847; 1
2849; 2
2847; 1
2849; 2
2855; 1
2857; 2
2858; 1
2860; 2
2867; 1
2869; 2
2869; 1
2871; 2
2873; 1
2875; 2
2881; 1
2883; 2
2894; 1
2896; 2
2898; 1
2900; 2
2905; 1
2907; 2
2908; 1
2910; 2
2911; 1
2913; 2
2911; 1
2913; 2
2913; 1
2915; 2
2913; 1
2915; 2
2917; 1
2919; 2
2920; 1
2922; 2
2922; 1
2924; 2
2925; 1
2927; 2
2936; 1
2938; 2
2954; 1
2956; 2
2957; 1
2959; 2
2958; 1
2960; 2
2960; 1
2962; 2
2960; 1
2962; 2
2970; 1
2972; 2
2970; 1
2972; 2
2973; 1
2975; 2
2977; 1
2979; 2
2988; 1
2990; 2
2991; 1
2993; 2
2998; 1
3000; 2
3004; 1
3006; 2
3009; 1
3011; 2
3009; 1
3011; 2
3013; 1
3015; 2
3020; 1
3022; 2
3024; 1
3026; 2
3028; 1
3030; 2
3029; 1
3031; 2
3057; 1
3059; 2
3057; 1
3059; 2
3058; 1
3060; 2
3066; 1
3068; 2
3069; 1
3071; 2
3073; 1
3075; 2
3085; 1
3087; 2
3086; 1
3088; 2
3088; 1
3090; 2
3088; 1
3090; 2
3090; 1
3092; 2
3097; 1
3099; 2
3102; 1
3104; 2
3103; 1
3105; 2
3104; 1
3106; 2
3115; 1
3117; 2
3122; 1
3124; 2
3123; 1
3125; 2
3125; 1
3127; 2
3126; 1
3128; 2
3128; 1
3130; 2
3129; 1
3131; 2
3132; 1
3134; 2
3134; 1
3136; 2
3138; 1
3140; 2
3140; 1
3142; 2
3146; 1
3148; 2
3146; 1
3148; 2
3149; 1
3151; 2
3150; 1
3152; 2
3150; 1
3152; 2
3154; 1
3156; 2
3155; 1
3157; 2
3156; 1
3158; 2
3156; 1
3158; 2
3156; 1
3158; 2
3157; 1
3159; 2
3158; 1
3160; 2
3165; 1
3167; 2
3170; 1
3172; 2
3172; 1
3174; 2
3176; 1
3178; 2
3179; 1
3181; 2
3185; 1
3187; 2
3186; 1
3188; 2
3189; 1
3191; 2
3190; 1
3192; 2
3193; 1
3195; 2
3194; 1
3196; 2
3205; 1
3207; 2
3212; 1
3214; 2
3212; 1
3214; 2
3216; 1
3218; 2
3217; 1
3219; 2
3240; 1
3242; 2
3241; 1
3243; 2
3244; 1
3246; 2
3246; 1
3248; 2
3249; 1
3251; 2
3250; 1
3252; 2
3251; 1
3253; 2
3251; 1
3253; 2
3255; 1
3257; 2
3274; 1
3276; 2
3279; 1
3281; 2
3285; 1
3287; 2
3290; 1
3292; 2
3293; 1
3295; 2
3299; 1
3301; 2
3301; 1
3303; 2
3309; 1
3311; 2
3309; 1
3311; 2
3315; 1
3317; 2
3324; 1
3326; 2
3327; 1
3329; 2
3329; 1
3331; 2
3335; 1
3337; 2
3338; 1
3340; 2
3344; 1
3346; 2
3345; 1
3347; 2
3358; 1
3360; 2
3359; 1
3361; 2
3360; 1
3362; 2
3370; 1
3372; 2
3374; 1
3376; 2
3377; 1
3379; 2
3378; 1
3380; 2
3383; 1
3385; 2
3385; 1
3387; 2
3399; 1
3401; 2
3400; 1
3402; 2
3404; 1
3406; 2
3409; 1
3411; 2
3414; 1
3416; 2
3418; 1
3420; 2
3424; 1
3426; 2
3432; 1
3434; 2
3435; 1
3437; 2
3439; 1
3441; 2
3447; 1
3449; 2
3449; 1
3451; 2
3450; 1
3452; 2
3450; 1
3452; 2
3453; 1
3455; 2
3462; 1
3464; 2
3471; 1
3473; 2
3476; 1
3478; 2
3479; 1
3481; 2
3484; 1
3486; 2
3491; 1
3493; 2
3492; 1
3494; 2
3493; 1
3495; 2
3494; 1
3496; 2
3500; 1
3502; 2
3510; 1
3512; 2
3513; 1
3515; 2
3516; 1
3518; 2
3520; 1
3522; 2
3521; 1
3523; 2
3526; 1
3528; 2
3532; 1
3534; 2
3539; 1
3541; 2
3541; 1
3543; 2
3541; 1
3543; 2
3543; 1
3545; 2
3545; 1
3547; 2
3547; 1
3549; 2
3550; 1
3552; 2
3554; 1
3556; 2
3562; 1
3564; 2
3564; 1
3566; 2
3564; 1
3566; 2
3574; 1
3576; 2
3574; 1
3576; 2
3586; 1
3588; 2
3588; 1
3590; 2
3590; 1
3592; 2
3593; 1
3595; 2
3595; 1
3597; 2
3603; 1
3605; 2
3604; 1
3606; 2
3605; 1
3607; 2
3611; 1
3613; 2
3614; 1
3616; 2
3622; 1
3624; 2
3627; 1
3629; 2
3628; 1
3630; 2
3633; 1
3635; 2
3634; 1
3636; 2
3641; 1
3643; 2
3651; 1
3653; 2
3662; 1
3664; 2
3664; 1
3666; 2
3669; 1
3671; 2
3670; 1
3672; 2
3673; 1
3675; 2
3690; 1
3692; 2
3691; 1
3693; 2
3729; 1
3731; 2
3729; 1
3731; 2
3730; 1
3732; 2
3739; 1
3741; 2
3742; 1
3744; 2
3743; 1
3745; 2
3746; 1
3748; 2
3748; 1
3750; 2
3752; 1
3754; 2
3758; 1
3760; 2
3765; 1
3767; 2
3773; 1
3775; 2
3804; 1
3806; 2
3806; 1
3808; 2
3814; 1
3816; 2
3825; 1
3827; 2
3831; 1
3833; 2
3833; 1
3835; 2
3836; 1
3838; 2
3841; 1
3843; 2
3845; 1
3847; 2
3850; 1
3852; 2
3852; 1
3854; 2
3858; 1
3860; 2
3860; 1
3862; 2
3864; 1
3866; 2
3867; 1
3869; 2
3868; 1
3870; 2
3871; 1
3873; 2
3886; 1
3888; 2
3891; 1
3893; 2
3895; 1
3897; 2
3898; 1
3900; 2
3900; 1
3902; 2
3901; 1
3903; 2
3904; 1
3906; 2
3907; 1
3909; 2
3907; 1
3909; 2
3907; 1
3909; 2
3912; 1
3914; 2
3920; 1
3922; 2
3920; 1
3922; 2
3921; 1
3923; 2
3929; 1
3931; 2
3930; 1
3932; 2
3939; 1
3941; 2
3943; 1
3945; 2
3952; 1
3954; 2
3954; 1
3956; 2
3961; 1
3963; 2
3963; 1
3965; 2
3968; 1
3970; 2
3969; 1
3971; 2
3971; 1
3973; 2
3972; 1
3974; 2
3992; 1
3994; 2
4006; 1
4008; 2
4009; 1
4011; 2
4010; 1
4012; 2
4011; 1
4013; 2
4016; 1
4018; 2
4036; 1
4038; 2
4037; 1
4039; 2
4046; 1
4048; 2
4046; 1
4048; 2
4047; 1
4049; 2
4054; 1
4056; 2
4062; 1
4064; 2
4078; 1
4080; 2
4082; 1
4084; 2
4082; 1
4084; 2
4083; 1
4085; 2
4085; 1
4087; 2
4089; 1
4091; 2
4090; 1
4092; 2
4093; 1
4095; 2
4098; 1
4100; 2
4105; 1
4107; 2
4112; 1
4114; 2
4112; 1
4114; 2
4116; 1
4118; 2
4120; 1
4122; 2
4121; 1
4123; 2
4122; 1
4124; 2
4123; 1
4125; 2
4126; 1
4128; 2
4131; 1
4133; 2
4136; 1
4138; 2
4159; 1
4161; 2
4164; 1
4166; 2
4168; 1
4170; 2
4170; 1
4172; 2
4175; 1
4177; 2
4176; 1
4178; 2
4176; 1
4178; 2
4179; 1
4181; 2
4185; 1
4187; 2
4194; 1
4196; 2
4209; 1
4211; 2
4213; 1
4215; 2
4221; 1
4223; 2
4224; 1
4226; 2
4225; 1
4227; 2
4228; 1
4230; 2
4235; 1
4237; 2
4238; 1
4240; 2
4251; 1
4253; 2
4251; 1
4253; 2
4255; 1
4257; 2
4263; 1
4265; 2
4270; 1
4272; 2
4281; 1
4283; 2
4287; 1
4289; 2
4289; 1
4291; 2
4291; 1
4293; 2
4298; 1
4300; 2
4300; 1
4302; 2
4300; 1
4302; 2
4303; 1
4305; 2
4308; 1
4310; 2
4310; 1
4312; 2
4315; 1
4317; 2
4318; 1
4320; 2
4324; 1
4326; 2
4328; 1
4330; 2
4335; 1
4337; 2
4339; 1
4341; 2
4342; 1
4344; 2
4349; 1
4351; 2
4362; 1
4364; 2
4364; 1
4366; 2
4369; 1
4371; 2
4372; 1
4374; 2
4388; 1
4390; 2
4389; 1
4391; 2
4391; 1
4393; 2
4396; 1
4398; 2
4396; 1
4398; 2
4399; 1
4401; 2
4407; 1
4409; 2
4413; 1
4415; 2
4420; 1
4422; 2
4424; 1
4426; 2
4425; 1
4427; 2
4429; 1
4431; 2
4435; 1
4437; 2
4437; 1
4439; 2
4456; 1
4458; 2
4463; 1
4465; 2
4466; 1
4468; 2
4480; 1
4482; 2
4485; 1
4487; 2
4498; 1
4500; 2
4500; 1
4502; 2
4501; 1
4503; 2
4510; 1
4512; 2
4512; 1
4514; 2
4514; 1
4516; 2
4518; 1
4520; 2
4543; 1
4545; 2
4555; 1
4557; 2
4557; 1
4559; 2
4559; 1
4561; 2
4560; 1
4562; 2
4573; 1
4575; 2
4573; 1
4575; 2
4576; 1
4578; 2
4607; 1
4609; 2
4609; 1
4611; 2
4611; 1
4613; 2
4614; 1
4616; 2
4627; 1
4629; 2
4628; 1
4630; 2
4641; 1
4643; 2
4644; 1
4646; 2
4649; 1
4651; 2
4649; 1
4651; 2
4649; 1
4651; 2
4653; 1
4655; 2
4656; 1
4658; 2
4663; 1
4665; 2
4666; 1
4668; 2
4667; 1
4669; 2
4673; 1
4675; 2
4680; 1
4682; 2
4683; 1
4685; 2
4686; 1
4688; 2
4688; 1
4690; 2
4688; 1
4690; 2
4689; 1
4691; 2
4690; 1
4692; 2
4693; 1
4695; 2
4701; 1
4703; 2
4703; 1
4705; 2
4706; 1
4708; 2
4711; 1
4713; 2
4714; 1
4716; 2
4719; 1
4721; 2
4721; 1
4723; 2
4726; 1
4728; 2
4734; 1
4736; 2
4750; 1
4752; 2
4750; 1
4752; 2
4755; 1
4757; 2
4757; 1
4759; 2
4768; 1
4770; 2
4768; 1
4770; 2
4769; 1
4771; 2
4773; 1
4775; 2
4776; 1
4778; 2
4776; 1
4778; 2
4781; 1
4783; 2
4785; 1
4787; 2
4794; 1
4796; 2
4796; 1
4798; 2
4808; 1
4810; 2
4808; 1
4810; 2
4809; 1
4811; 2
4809; 1
4811; 2
4810; 1
4812; 2
4814; 1
4816; 2
4820; 1
4822; 2
4823; 1
4825; 2
4826; 1
4828; 2
4830; 1
4832; 2
4832; 1
4834; 2
4836; 1
4838; 2
4848; 1
4850; 2
4854; 1
4856; 2
4864; 1
4866; 2
4867; 1
4869; 2
4884; 1
4886; 2
4886; 1
4888; 2
4889; 1
4891; 2
4892; 1
4894; 2
4892; 1
4894; 2
4897; 1
4899; 2
4897; 1
4899; 2
4903; 1
4905; 2
4907; 1
4909; 2
4907; 1
4909; 2
4911; 1
4913; 2
4925; 1
4927; 2
4927; 1
4929; 2
4934; 1
4936; 2
4938; 1
4940; 2
4938; 1
4940; 2
4951; 1
4953; 2
4954; 1
4956; 2
4955; 1
4957; 2
4957; 1
4959; 2
4959; 1
4961; 2
4968; 1
4970; 2
4973; 1
4975; 2
4978; 1
4980; 2
4979; 1
4981; 2
4981; 1
4983; 2
4983; 1
4985; 2
4985; 1
4987; 2
4989; 1
4991; 2
4990; 1
4992; 2
4994; 1
4996; 2
4998; 1
5000; 2
5000; 1
5002; 2
5014; 1
5016; 2
5023; 1
5025; 2
5024; 1
5026; 2
5032; 1
5034; 2
5033; 1
5035; 2
5036; 1
5038; 2
5040; 1
5042; 2
5048; 1
5050; 2
5052; 1
5054; 2
5062; 1
5064; 2
5063; 1
5065; 2
5065; 1
5067; 2
5075; 1
5077; 2
5076; 1
5078; 2
5088; 1
5090; 2
5096; 1
5098; 2
5097; 1
5099; 2
5098; 1
5100; 2
5102; 1
5104; 2
5104; 1
5106; 2
5113; 1
5115; 2
5114; 1
5116; 2
5115; 1
5117; 2
5116; 1
5118; 2
5121; 1
5123; 2
5127; 1
5129; 2
5142; 1
5144; 2
5151; 1
5153; 2
5163; 1
5165; 2
5169; 1
5171; 2
5169; 1
5171; 2
5174; 1
5176; 2
5179; 1
5181; 2
5179; 1
5181; 2
5182; 1
5184; 2
5184; 1
5186; 2
5195; 1
5197; 2
5195; 1
5197; 2
5196; 1
5198; 2
5199; 1
5201; 2
5199; 1
5201; 2
5203; 1
5205; 2
5207; 1
5209; 2
5207; 1
5209; 2
5213; 1
5215; 2
5215; 1
5217; 2
5220; 1
5222; 2
5221; 1
5223; 2
5229; 1
5231; 2
5233; 1
5235; 2
5237; 1
5239; 2
5239; 1
5241; 2
5248; 1
5250; 2
5256; 1
5258; 2
5262; 1
5264; 2
5262; 1
5264; 2
5267; 1
5269; 2
5269; 1
5271; 2
5273; 1
5275; 2
5273; 1
5275; 2
5277; 1
5279; 2
5277; 1
5279; 2
5283; 1
5285; 2
5284; 1
5286; 2
5287; 1
5289; 2
5288; 1
5290; 2
5291; 1
5293; 2
5294; 1
5296; 2
5298; 1
5300; 2
5298; 1
5300; 2
5299; 1
5301; 2
5301; 1
5303; 2
5301; 1
5303; 2
5316; 1
5318; 2
5319; 1
5321; 2
5326; 1
5328; 2
5327; 1
5329; 2
5331; 1
5333; 2
5342; 1
5344; 2
5350; 1
5352; 2
5353; 1
5355; 2
5362; 1
5364; 2
5370; 1
5372; 2
5371; 1
5373; 2
5394; 1
5396; 2
5400; 1
5402; 2
5414; 1
5416; 2
5415; 1
5417; 2
5421; 1
5423; 2
5425; 1
5427; 2
5426; 1
5428; 2
5427; 1
5429; 2
5433; 1
5435; 2
5438; 1
5440; 2
5444; 1
5446; 2
5458; 1
5460; 2
5462; 1
5464; 2
5466; 1
5468; 2
5472; 1
5474; 2
5473; 1
5475; 2
5476; 1
5478; 2
5480; 1
5482; 2
5505; 1
5507; 2
5507; 1
5509; 2
5516; 1
5518; 2
5520; 1
5522; 2
5521; 1
5523; 2
5536; 1
5538; 2
5542; 1
5544; 2
5543; 1
5545; 2
5549; 1
5551; 2
5552; 1
5554; 2
5554; 1
5556; 2
5564; 1
5566; 2
5569; 1
5571; 2
5573; 1
5575; 2
5574; 1
5576; 2
5575; 1
5577; 2
5587; 1
5589; 2
5592; 1
5594; 2
5596; 1
5598; 2
5603; 1
5605; 2
5606; 1
5608; 2
5612; 1
5614; 2
5623; 1
5625; 2
5626; 1
5628; 2
5629; 1
5631; 2
5632; 1
5634; 2
5644; 1
5646; 2
5644; 1
5646; 2
5645; 1
5647; 2
5647; 1
5649; 2
5655; 1
5657; 2
5656; 1
5658; 2
5674; 1
5676; 2
5674; 1
5676; 2
5676; 1
5678; 2
5676; 1
5678; 2
5677; 1
5679; 2
5678; 1
5680; 2
5680; 1
5682; 2
5680; 1
5682; 2
5687; 1
5689; 2
5694; 1
5696; 2
5704; 1
5706; 2
5717; 1
5719; 2
5719; 1
5721; 2
5719; 1
5721; 2
5727; 1
5729; 2
5729; 1
5731; 2
5734; 1
5736; 2
5736; 1
5738; 2
5742; 1
5744; 2
5744; 1
5746; 2
5750; 1
5752; 2
5753; 1
5755; 2
5761; 1
5763; 2
5762; 1
5764; 2
5762; 1
5764; 2
5767; 1
5769; 2
5775; 1
5777; 2
5785; 1
5787; 2
5791; 1
5793; 2
5793; 1
5795; 2
5820; 1
5822; 2
5822; 1
5824; 2
5833; 1
5835; 2
5834; 1
5836; 2
5835; 1
5837; 2
5856; 1
5858; 2
5868; 1
5870; 2
5875; 1
5877; 2
5880; 1
5882; 2
5881; 1
5883; 2
5891; 1
5893; 2
5906; 1
5908; 2
5909; 1
5911; 2
5911; 1
5913; 2
5913; 1
5915; 2
5918; 1
5920; 2
5952; 1
5954; 2
5960; 1
5962; 2
5967; 1
5969; 2
5976; 1
5978; 2
5979; 1
5981; 2
5981; 1
5983; 2
5984; 1
5986; 2
5990; 1
5992; 2
5991; 1
5993; 2
5998; 1
6000; 2
6001; 1
6003; 2
6006; 1
6008; 2
6016; 1
6018; 2
6031; 1
6033; 2
6033; 1
6035; 2
6039; 1
6041; 2
6046; 1
6048; 2
6057; 1
6059; 2
6073; 1
6075; 2
6092; 1
6094; 2
6096; 1
6098; 2
6106; 1
6108; 2
6107; 1
6109; 2
6123; 1
6125; 2
6126; 1
6128; 2
6130; 1
6132; 2
6135; 1
6137; 2
6137; 1
6139; 2
6140; 1
6142; 2
6142; 1
6144; 2
6146; 1
6148; 2
6152; 1
6154; 2
6154; 1
6156; 2
6156; 1
6158; 2
6156; 1
6158; 2
6177; 1
6179; 2
6185; 1
6187; 2
6193; 1
6195; 2
6206; 1
6208; 2
6212; 1
6214; 2
6213; 1
6215; 2
6220; 1
6222; 2
6223; 1
6225; 2
6231; 1
6233; 2
6242; 1
6244; 2
6242; 1
6244; 2
6254; 1
6256; 2
6256; 1
6258; 2
6270; 1
6272; 2
6270; 1
6272; 2
6280; 1
6282; 2
6283; 1
6285; 2
6285; 1
6287; 2
6286; 1
6288; 2
6286; 1
6288; 2
6289; 1
6291; 2
6299; 1
6301; 2
6304; 1
6306; 2
6331; 1
6333; 2
6332; 1
6334; 2
6336; 1
6338; 2
6337; 1
6339; 2
6346; 1
6348; 2
6348; 1
6350; 2
6355; 1
6357; 2
6355; 1
6357; 2
6361; 1
6363; 2
6368; 1
6370; 2
6371; 1
6373; 2
6378; 1
6380; 2
6379; 1
6381; 2
6380; 1
6382; 2
6383; 1
6385; 2
6400; 1
6402; 2
6404; 1
6406; 2
6405; 1
6407; 2
6405; 1
6407; 2
6408; 1
6410; 2
6415; 1
6417; 2
6417; 1
6419; 2
6418; 1
6420; 2
6419; 1
6421; 2
6419; 1
6421; 2
6425; 1
6427; 2
6427; 1
6429; 2
6438; 1
6440; 2
6438; 1
6440; 2
6444; 1
6446; 2
6445; 1
6447; 2
6450; 1
6452; 2
6456; 1
6458; 2
6459; 1
6461; 2
6461; 1
6463; 2
6465; 1
6467; 2
6466; 1
6468; 2
6467; 1
6469; 2
6470; 1
6472; 2
6473; 1
6475; 2
6475; 1
6477; 2
6477; 1
6479; 2
6496; 1
6498; 2
6511; 1
6513; 2
6516; 1
6518; 2
6523; 1
6525; 2
6526; 1
6528; 2
6528; 1
6530; 2
6530; 1
6532; 2
6530; 1
6532; 2
6547; 1
6549; 2
6548; 1
6550; 2
6553; 1
6555; 2
6556; 1
6558; 2
6556; 1
6558; 2
6562; 1
6564; 2
6577; 1
6579; 2
6581; 1
6583; 2
6587; 1
6589; 2
6589; 1
6591; 2
6600; 1
6602; 2
6604; 1
6606; 2
6605; 1
6607; 2
6605; 1
6607; 2
6611; 1
6613; 2
6622; 1
6624; 2
6623; 1
6625; 2
6625; 1
6627; 2
6631; 1
6633; 2
6641; 1
6643; 2
6644; 1
6646; 2
6650; 1
6652; 2
6655; 1
6657; 2
6663; 1
6665; 2
6672; 1
6674; 2
6675; 1
6677; 2
6689; 1
6691; 2
6697; 1
6699; 2
6699; 1
6701; 2
6700; 1
6702; 2
6702; 1
6704; 2
6719; 1
6721; 2
6726; 1
6728; 2
6727; 1
6729; 2
6742; 1
6744; 2
6747; 1
6749; 2
6765; 1
6767; 2
6767; 1
6769; 2
6768; 1
6770; 2
6773; 1
6775; 2
6775; 1
6777; 2
6779; 1
6781; 2
6786; 1
6788; 2
6787; 1
6789; 2
6791; 1
6793; 2
6796; 1
6798; 2
6796; 1
6798; 2
6797; 1
6799; 2
6805; 1
6807; 2
6807; 1
6809; 2
6834; 1
6836; 2
6837; 1
6839; 2
6839; 1
6841; 2
6840; 1
6842; 2
6858; 1
6860; 2
6859; 1
6861; 2
6873; 1
6875; 2
6880; 1
6882; 2
6885; 1
6887; 2
6886; 1
6888; 2
6887; 1
6889; 2
6901; 1
6903; 2
6911; 1
6913; 2
6930; 1
6932; 2
6934; 1
6936; 2
6936; 1
6938; 2
6938; 1
6940; 2
6938; 1
6940; 2
6942; 1
6944; 2
6943; 1
6945; 2
6945; 1
6947; 2
6953; 1
6955; 2
6956; 1
6958; 2
6958; 1
6960; 2
6959; 1
6961; 2
6962; 1
6964; 2
6963; 1
6965; 2
6966; 1
6968; 2
6974; 1
6976; 2
6974; 1
6976; 2
6975; 1
6977; 2
6976; 1
6978; 2
6979; 1
6981; 2
6984; 1
6986; 2
6986; 1
6988; 2
6988; 1
6990; 2
6990; 1
6992; 2
6995; 1
6997; 2
6996; 1
6998; 2
7002; 1
7004; 2
7003; 1
7005; 2
7006; 1
7008; 2
7010; 1
7012; 2
7012; 1
7014; 2
7017; 1
7019; 2
7017; 1
7019; 2
7027; 1
7029; 2
7029; 1
7031; 2
7034; 1
7036; 2
7040; 1
7042; 2
7045; 1
7047; 2
7050; 1
7052; 2
7051; 1
7053; 2
7056; 1
7058; 2
7056; 1
7058; 2
7061; 1
7063; 2
7073; 1
7075; 2
7077; 1
7079; 2
7077; 1
7079; 2
7080; 1
7082; 2
7089; 1
7091; 2
7090; 1
7092; 2
7092; 1
7094; 2
7094; 1
7096; 2
7094; 1
7096; 2
7095; 1
7097; 2
7100; 1
7102; 2
7105; 1
7107; 2
7110; 1
7112; 2
7113; 1
7115; 2
7115; 1
7117; 2
7120; 1
7122; 2
7125; 1
7127; 2
7137; 1
7139; 2
7140; 1
7142; 2
7142; 1
7144; 2
7151; 1
7153; 2
7153; 1
7155; 2
7154; 1
7156; 2
7157; 1
7159; 2
7164; 1
7166; 2
7171; 1
7173; 2
7173; 1
7175; 2
7185; 1
7187; 2
7187; 1
7189; 2
7191; 1
7193; 2
7191; 1
7193; 2
7195; 1
7197; 2
7197; 1
7199; 2
7197; 1
7199; 2
7198; 1
7200; 2
7200; 1
7202; 2
7213; 1
7215; 2
7217; 1
7219; 2
7218; 1
7220; 2
7227; 1
7229; 2
7230; 1
7232; 2
7238; 1
7240; 2
7244; 1
7246; 2
7247; 1
7249; 2
7249; 1
7251; 2
7260; 1
7262; 2
7261; 1
7263; 2
7265; 1
7267; 2
7267; 1
7269; 2
7269; 1
7271; 2
7270; 1
7272; 2
7281; 1
7283; 2
7286; 1
7288; 2
7290; 1
7292; 2
7295; 1
7297; 2
7300; 1
7302; 2
7302; 1
7304; 2
7306; 1
7308; 2
7308; 1
7310; 2
7313; 1
7315; 2
7320; 1
7322; 2
7326; 1
7328; 2
7328; 1
7330; 2
7345; 1
7347; 2
7353; 1
7355; 2
7354; 1
7356; 2
7356; 1
7358; 2
7361; 1
7363; 2
7364; 1
7366; 2
7370; 1
7372; 2
7379; 1
7381; 2
7381; 1
7383; 2
7385; 1
7387; 2
7389; 1
7391; 2
7393; 1
7395; 2
7402; 1
7404; 2
7410; 1
7412; 2
7414; 1
7416; 2
7415; 1
7417; 2
7415; 1
7417; 2
7416; 1
7418; 2
7425; 1
7427; 2
7429; 1
7431; 2
7438; 1
7440; 2
7447; 1
7449; 2
7475; 1
7477; 2
7475; 1
7477; 2
7476; 1
7478; 2
7481; 1
7483; 2
7483; 1
7485; 2
7487; 1
7489; 2
7492; 1
7494; 2
7511; 1
7513; 2
7524; 1
7526; 2
7528; 1
7530; 2
7529; 1
7531; 2
7535; 1
7537; 2
7571; 1
7573; 2
7576; 1
7578; 2
7579; 1
7581; 2
7592; 1
7594; 2
7594; 1
7596; 2
7607; 1
7609; 2
7619; 1
7621; 2
7624; 1
7626; 2
7626; 1
7628; 2
7629; 1
7631; 2
7636; 1
7638; 2
7640; 1
7642; 2
7642; 1
7644; 2
7653; 1
7655; 2
7654; 1
7656; 2
7656; 1
7658; 2
7667; 1
7669; 2
7672; 1
7674; 2
7675; 1
7677; 2
7681; 1
7683; 2
7706; 1
7708; 2
7721; 1
7723; 2
7731; 1
7733; 2
7731; 1
7733; 2
7746; 1
7748; 2
7747; 1
7749; 2
7757; 1
7759; 2
7759; 1
7761; 2
7760; 1
7762; 2
7763; 1
7765; 2
7767; 1
7769; 2
7768; 1
7770; 2
7768; 1
7770; 2
7770; 1
7772; 2
7794; 1
7796; 2
7796; 1
7798; 2
7801; 1
7803; 2
7809; 1
7811; 2
7828; 1
7830; 2
7834; 1
7836; 2
7838; 1
7840; 2
7843; 1
7845; 2
7845; 1
7847; 2
7846; 1
7848; 2
7850; 1
7852; 2
7858; 1
7860; 2
7891; 1
7893; 2
7899; 1
7901; 2
7912; 1
7914; 2
7914; 1
7916; 2
7917; 1
7919; 2
7930; 1
7932; 2
7931; 1
7933; 2
7935; 1
7937; 2
7936; 1
7938; 2
7943; 1
7945; 2
7943; 1
7945; 2
7944; 1
7946; 2
7956; 1
7958; 2
7961; 1
7963; 2
7962; 1
7964; 2
7964; 1
7966; 2
7972; 1
7974; 2
7982; 1
7984; 2
7984; 1
7986; 2
7991; 1
7993; 2
7994; 1
7996; 2
7994; 1
7996; 2
8007; 1
8009; 2
8009; 1
8011; 2
8011; 1
8013; 2
8011; 1
8013; 2
8013; 1
8015; 2
8034; 1
8036; 2
8049; 1
8051; 2
8067; 1
8069; 2
8102; 1
8104; 2
8111; 1
8113; 2
8113; 1
8115; 2
8122; 1
8124; 2
8125; 1
8127; 2
8127; 1
8129; 2
8127; 1
8129; 2
8129; 1
8131; 2
8131; 1
8133; 2
8136; 1
8138; 2
8148; 1
8150; 2
8149; 1
8151; 2
8152; 1
8154; 2
8155; 1
8157; 2
8156; 1
8158; 2
8159; 1
8161; 2
8175; 1
8177; 2
8177; 1
8179; 2
8179; 1
8181; 2
8186; 1
8188; 2
8193; 1
8195; 2
8206; 1
8208; 2
8210; 1
8212; 2
8210; 1
8212; 2
8214; 1
8216; 2
8219; 1
8221; 2
8229; 1
8231; 2
8230; 1
8232; 2
8239; 1
8241; 2
8240; 1
8242; 2
8251; 1
8253; 2
8263; 1
8265; 2
8295; 1
8297; 2
8296; 1
8298; 2
8305; 1
8307; 2
8314; 1
8316; 2
8315; 1
8317; 2
8316; 1
8318; 2
8328; 1
8330; 2
8343; 1
8345; 2
8349; 1
8351; 2
8357; 1
8359; 2
8361; 1
8363; 2
8364; 1
8366; 2
8376; 1
8378; 2
8385; 1
8387; 2
8394; 1
8396; 2
8396; 1
8398; 2
8400; 1
8402; 2
8407; 1
8409; 2
8415; 1
8417; 2
8422; 1
8424; 2
8430; 1
8432; 2
8432; 1
8434; 2
8434; 1
8436; 2
8445; 1
8447; 2
8456; 1
8458; 2
8457; 1
8459; 2
8467; 1
8469; 2
8467; 1
8469; 2
8469; 1
8471; 2
8473; 1
8475; 2
8481; 1
8483; 2
8482; 1
8484; 2
8482; 1
8484; 2
8488; 1
8490; 2
8494; 1
8496; 2
8500; 1
8502; 2
8505; 1
8507; 2
8508; 1
8510; 2
8508; 1
8510; 2
8508; 1
8510; 2
8510; 1
8512; 2
8514; 1
8516; 2
8514; 1
8516; 2
8518; 1
8520; 2
8524; 1
8526; 2
8531; 1
8533; 2
8532; 1
8534; 2
8533; 1
8535; 2
8535; 1
8537; 2
8538; 1
8540; 2
8543; 1
8545; 2
8546; 1
8548; 2
8554; 1
8556; 2
8554; 1
8556; 2
8556; 1
8558; 2
8558; 1
8560; 2
8564; 1
8566; 2
8566; 1
8568; 2
8579; 1
8581; 2
8581; 1
8583; 2
8589; 1
8591; 2
8593; 1
8595; 2
8606; 1
8608; 2
8612; 1
8614; 2
8621; 1
8623; 2
8621; 1
8623; 2
8624; 1
8626; 2
8625; 1
8627; 2
8629; 1
8631; 2
8633; 1
8635; 2
8642; 1
8644; 2
8648; 1
8650; 2
8654; 1
8656; 2
8654; 1
8656; 2
8660; 1
8662; 2
8668; 1
8670; 2
8671; 1
8673; 2
8674; 1
8676; 2
8690; 1
8692; 2
8710; 1
8712; 2
8711; 1
8713; 2
8715; 1
8717; 2
8722; 1
8724; 2
8728; 1
8730; 2
8733; 1
8735; 2
8750; 1
8752; 2
8754; 1
8756; 2
8755; 1
8757; 2
8757; 1
8759; 2
8767; 1
8769; 2
8774; 1
8776; 2
8776; 1
8778; 2
8789; 1
8791; 2
8796; 1
8798; 2
8798; 1
8800; 2
8799; 1
8801; 2
8803; 1
8805; 2
8803; 1
8805; 2
8805; 1
8807; 2
8806; 1
8808; 2
8807; 1
8809; 2
8815; 1
8817; 2
8815; 1
8817; 2
8822; 1
8824; 2
8829; 1
8831; 2
8830; 1
8832; 2
8832; 1
8834; 2
8834; 1
8836; 2
8841; 1
8843; 2
8841; 1
8843; 2
8842; 1
8844; 2
8843; 1
8845; 2
8853; 1
8855; 2
8857; 1
8859; 2
8862; 1
8864; 2
8864; 1
8866; 2
8868; 1
8870; 2
8872; 1
8874; 2
8878; 1
8880; 2
8880; 1
8882; 2
8885; 1
8887; 2
8885; 1
8887; 2
8887; 1
8889; 2
8902; 1
8904; 2
8909; 1
8911; 2
8927; 1
8929; 2
8928; 1
8930; 2
8929; 1
8931; 2
8929; 1
8931; 2
8937; 1
8939; 2
8947; 1
8949; 2
8952; 1
8954; 2
8955; 1
8957; 2
8973; 1
8975; 2
8980; 1
8982; 2
8981; 1
8983; 2
8981; 1
8983; 2
8984; 1
8986; 2
8989; 1
8991; 2
8998; 1
9000; 2
9001; 1
9003; 2
9008; 1
9010; 2
9014; 1
9016; 2
9015; 1
9017; 2
9016; 1
9018; 2
9024; 1
9026; 2
9024; 1
9026; 2
9034; 1
9036; 2
9034; 1
9036; 2
9035; 1
9037; 2
9039; 1
9041; 2
9040; 1
9042; 2
9045; 1
9047; 2
9047; 1
9049; 2
9050; 1
9052; 2
9050; 1
9052; 2
9056; 1
9058; 2
9060; 1
9062; 2
9060; 1
9062; 2
9065; 1
9067; 2
9066; 1
9068; 2
9074; 1
9076; 2
9079; 1
9081; 2
9082; 1
9084; 2
9085; 1
9087; 2
9087; 1
9089; 2
9090; 1
9092; 2
9093; 1
9095; 2
9094; 1
9096; 2
9095; 1
9097; 2
9098; 1
9100; 2
9105; 1
9107; 2
9119; 1
9121; 2
9122; 1
9124; 2
9132; 1
9134; 2
9132; 1
9134; 2
9134; 1
9136; 2
9139; 1
9141; 2
9150; 1
9152; 2
9153; 1
9155; 2
9168; 1
9170; 2
9168; 1
9170; 2
9169; 1
9171; 2
9171; 1
9173; 2
9175; 1
9177; 2
9182; 1
9184; 2
9197; 1
9199; 2
9198; 1
9200; 2
9200; 1
9202; 2
9210; 1
9212; 2
9222; 1
9224; 2
9226; 1
9228; 2
9232; 1
9234; 2
9240; 1
9242; 2
9244; 1
9246; 2
9258; 1
9260; 2
9261; 1
9263; 2
9266; 1
9268; 2
9268; 1
9270; 2
9268; 1
9270; 2
9282; 1
9284; 2
9287; 1
9289; 2
9289; 1
9291; 2
9292; 1
9294; 2
9298; 1
9300; 2
9306; 1
9308; 2
9307; 1
9309; 2
9308; 1
9310; 2
9313; 1
9315; 2
9318; 1
9320; 2
9319; 1
9321; 2
9325; 1
9327; 2
9326; 1
9328; 2
9327; 1
9329; 2
9331; 1
9333; 2
9335; 1
9337; 2
9335; 1
9337; 2
9339; 1
9341; 2
9343; 1
9345; 2
9346; 1
9348; 2
9346; 1
9348; 2
9352; 1
9354; 2
9356; 1
9358; 2
9364; 1
9366; 2
9365; 1
9367; 2
9367; 1
9369; 2
9374; 1
9376; 2
9384; 1
9386; 2
9385; 1
9387; 2
9387; 1
9389; 2
9405; 1
9407; 2
9406; 1
9408; 2
9408; 1
9410; 2
9412; 1
9414; 2
9414; 1
9416; 2
9415; 1
9417; 2
9418; 1
9420; 2
9425; 1
9427; 2
9426; 1
9428; 2
9429; 1
9431; 2
9430; 1
9432; 2
9436; 1
9438; 2
9440; 1
9442; 2
9446; 1
9448; 2
9448; 1
9450; 2
9458; 1
9460; 2
9460; 1
9462; 2
9465; 1
9467; 2
9467; 1
9469; 2
9479; 1
9481; 2
9485; 1
9487; 2
9490; 1
9492; 2
9494; 1
9496; 2
9494; 1
9496; 2
9498; 1
9500; 2
9502; 1
9504; 2
9503; 1
9505; 2
9503; 1
9505; 2
9506; 1
9508; 2
9521; 1
9523; 2
9525; 1
9527; 2
9526; 1
9528; 2
9527; 1
9529; 2
9529; 1
9531; 2
9531; 1
9533; 2
9539; 1
9541; 2
9552; 1
9554; 2
9556; 1
9558; 2
9557; 1
9559; 2
9558; 1
9560; 2
9560; 1
9562; 2
9564; 1
9566; 2
9566; 1
9568; 2
9576; 1
9578; 2
9576; 1
9578; 2
9584; 1
9586; 2
9588; 1
9590; 2
9591; 1
9593; 2
9599; 1
9601; 2
9605; 1
9607; 2
9607; 1
9609; 2
9614; 1
9616; 2
9615; 1
9617; 2
9617; 1
9619; 2
9619; 1
9621; 2
9620; 1
9622; 2
9623; 1
9625; 2
9627; 1
9629; 2
9633; 1
9635; 2
9636; 1
9638; 2
9655; 1
9657; 2
9658; 1
9660; 2
9665; 1
9667; 2
9676; 1
9678; 2
9677; 1
9679; 2
9678; 1
9680; 2
9684; 1
9686; 2
9692; 1
9694; 2
9703; 1
9705; 2
9703; 1
9705; 2
9709; 1
9711; 2
9713; 1
9715; 2
9719; 1
9721; 2
9725; 1
9727; 2
9726; 1
9728; 2
9731; 1
9733; 2
9732; 1
9734; 2
9734; 1
9736; 2
9745; 1
9747; 2
9749; 1
9751; 2
9750; 1
9752; 2
9752; 1
9754; 2
9752; 1
9754; 2
9752; 1
9754; 2
9760; 1
9762; 2
9766; 1
9768; 2
9770; 1
9772; 2
9777; 1
9779; 2
9779; 1
9781; 2
9780; 1
9782; 2
9789; 1
9791; 2
9789; 1
9791; 2
9791; 1
9793; 2
9791; 1
9793; 2
9791; 1
9793; 2
9793; 1
9795; 2
9807; 1
9809; 2
9807; 1
9809; 2
9809; 1
9811; 2
9809; 1
9811; 2
9817; 1
9819; 2
9827; 1
9829; 2
9831; 1
9833; 2
9833; 1
9835; 2
9833; 1
9835; 2
9835; 1
9837; 2
9835; 1
9837; 2
9840; 1
9842; 2
9842; 1
9844; 2
9843; 1
9845; 2
9843; 1
9845; 2
9848; 1
9850; 2
9850; 1
9852; 2
9850; 1
9852; 2
9859; 1
9861; 2
9860; 1
9862; 2
9863; 1
9865; 2
9871; 1
9873; 2
9878; 1
9880; 2
9882; 1
9884; 2
9885; 1
9887; 2
9895; 1
9897; 2
9897; 1
9899; 2
9898; 1
9900; 2
9900; 1
9902; 2
9906; 1
9908; 2
9907; 1
9909; 2
9909; 1
9911; 2
9912; 1
9914; 2
9915; 1
9917; 2
9918; 1
9920; 2
9925; 1
9927; 2
9940; 1
9942; 2
9946; 1
9948; 2
9946; 1
9948; 2
9961; 1
9963; 2
9962; 1
9964; 2
9968; 1
9970; 2
10002; 1
10004; 2
10006; 1
10008; 2
10008; 1
10010; 2
10015; 1
10017; 2
