Sequence of timestamped events V1.0
Stream 5
Id =5
Name = Camera_5
Tbegin = 0
Tend = 10000
Count = 500
70; 1
76; 2
78; 1
84; 2
106; 1
112; 2
111; 1
117; 2
163; 1
169; 2
185; 1
192; 2
188; 1
194; 2
198; 1
203; 2
199; 1
206; 2
255; 1
261; 2
276; 1
282; 2
302; 1
308; 2
306; 1
311; 2
354; 1
359; 2
389; 1
394; 2
408; 1
414; 2
416; 1
422; 2
423; 1
429; 2
449; 1
453; 2
502; 1
507; 2
504; 1
511; 2
515; 1
520; 2
558; 1
562; 2
559; 1
565; 2
571; 1
577; 2
578; 1
584; 2
584; 1
588; 2
592; 1
598; 2
607; 1
613; 2
616; 1
622; 2
646; 1
652; 2
650; 1
656; 2
661; 1
667; 2
673; 1
679; 2
699; 1
705; 2
710; 1
717; 2
757; 1
763; 2
767; 1
773; 2
777; 1
783; 2
778; 1
784; 2
788; 1
793; 2
815; 1
819; 2
817; 1
823; 2
819; 1
825; 2
822; 1
828; 2
852; 1
858; 2
855; 1
860; 2
863; 1
870; 2
870; 1
876; 2
889; 1
895; 2
899; 1
905; 2
932; 1
938; 2
966; 1
971; 2
999; 1
1003; 2
1032; 1
1038; 2
1050; 1
1055; 2
1068; 1
1074; 2
1084; 1
1089; 2
1089; 1
1094; 2
1092; 1
1099; 2
1097; 1
1101; 2
1112; 1
1118; 2
1116; 1
1122; 2
1120; 1
1125; 2
1149; 1
1155; 2
1158; 1
1162; 2
1182; 1
1188; 2
1202; 1
1208; 2
1212; 1
1218; 2
1238; 1
1242; 2
1248; 1
1252; 2
1258; 1
1262; 2
1263; 1
1268; 2
1274; 1
1280; 2
1299; 1
1305; 2
1316; 1
1322; 2
1391; 1
1397; 2
1421; 1
1427; 2
1463; 1
1471; 2
1482; 1
1487; 2
1490; 1
1496; 2
1526; 1
1532; 2
1554; 1
1558; 2
1562; 1
1566; 2
1577; 1
1584; 2
1581; 1
1586; 2
1604; 1
1610; 2
1650; 1
1655; 2
1671; 1
1677; 2
1672; 1
1677; 2
1672; 1
1678; 2
1680; 1
1686; 2
1715; 1
1719; 2
1758; 1
1763; 2
1758; 1
1765; 2
1771; 1
1779; 2
1813; 1
1819; 2
1822; 1
1828; 2
1855; 1
1862; 2
1873; 1
1879; 2
1897; 1
1903; 2
1916; 1
1922; 2
1923; 1
1929; 2
1928; 1
1934; 2
1960; 1
1966; 2
1990; 1
1994; 2
1990; 1
1996; 2
2005; 1
2011; 2
2006; 1
2012; 2
2007; 1
2013; 2
2019; 1
2025; 2
2037; 1
2041; 2
2053; 1
2059; 2
2054; 1
2060; 2
2070; 1
2076; 2
2078; 1
2084; 2
2078; 1
2084; 2
2087; 1
2091; 2
2103; 1
2109; 2
2116; 1
2121; 2
2144; 1
2149; 2
2148; 1
2154; 2
2171; 1
2177; 2
2173; 1
2179; 2
2211; 1
2217; 2
2212; 1
2216; 2
2265; 1
2271; 2
2276; 1
2282; 2
2281; 1
2287; 2
2302; 1
2306; 2
2302; 1
2308; 2
2303; 1
2307; 2
2354; 1
2358; 2
2362; 1
2368; 2
2412; 1
2417; 2
2455; 1
2459; 2
2489; 1
2495; 2
2491; 1
2497; 2
2540; 1
2545; 2
2571; 1
2576; 2
2584; 1
2590; 2
2610; 1
2616; 2
2621; 1
2626; 2
2723; 1
2728; 2
2726; 1
2732; 2
2747; 1
2753; 2
2800; 1
2807; 2
2824; 1
2830; 2
2826; 1
2832; 2
2839; 1
2844; 2
2840; 1
2847; 2
2862; 1
2868; 2
2863; 1
2868; 2
2877; 1
2883; 2
2884; 1
2890; 2
2892; 1
2896; 2
2896; 1
2903; 2
2914; 1
2920; 2
2993; 1
2999; 2
3023; 1
3029; 2
3068; 1
3073; 2
3085; 1
3091; 2
3104; 1
3109; 2
3139; 1
3145; 2
3174; 1
3179; 2
3188; 1
3195; 2
3320; 1
3325; 2
3330; 1
3336; 2
3353; 1
3358; 2
3363; 1
3367; 2
3382; 1
3387; 2
3390; 1
3395; 2
3442; 1
3449; 2
3516; 1
3522; 2
3517; 1
3523; 2
3524; 1
3530; 2
3530; 1
3537; 2
3562; 1
3567; 2
3588; 1
3592; 2
3588; 1
3593; 2
3617; 1
3622; 2
3618; 1
3625; 2
3630; 1
3635; 2
3641; 1
3646; 2
3645; 1
3651; 2
3809; 1
3815; 2
3810; 1
3816; 2
3837; 1
3841; 2
3840; 1
3847; 2
3851; 1
3856; 2
3932; 1
3938; 2
3952; 1
3959; 2
3965; 1
3971; 2
3973; 1
3979; 2
3984; 1
3991; 2
3996; 1
4003; 2
4024; 1
4030; 2
4031; 1
4036; 2
4050; 1
4054; 2
4061; 1
4067; 2
4094; 1
4098; 2
4097; 1
4103; 2
4193; 1
4197; 2
4218; 1
4222; 2
4222; 1
4228; 2
4247; 1
4253; 2
4253; 1
4257; 2
4282; 1
4287; 2
4290; 1
4296; 2
4299; 1
4306; 2
4314; 1
4318; 2
4323; 1
4329; 2
4334; 1
4340; 2
4337; 1
4343; 2
4355; 1
4360; 2
4355; 1
4361; 2
4364; 1
4368; 2
4365; 1
4374; 2
4366; 1
4373; 2
4380; 1
4388; 2
4429; 1
4434; 2
4496; 1
4502; 2
4517; 1
4523; 2
4530; 1
4536; 2
4532; 1
4537; 2
4556; 1
4562; 2
4610; 1
4616; 2
4640; 1
4646; 2
4643; 1
4647; 2
4653; 1
4659; 2
4665; 1
4671; 2
4665; 1
4671; 2
4703; 1
4708; 2
4723; 1
4728; 2
4736; 1
4741; 2
4820; 1
4825; 2
4869; 1
4875; 2
4890; 1
4896; 2
4901; 1
4905; 2
4913; 1
4919; 2
4918; 1
4922; 2
4951; 1
4959; 2
4974; 1
4980; 2
4976; 1
4981; 2
4978; 1
4986; 2
4984; 1
4990; 2
4990; 1
4995; 2
5020; 1
5025; 2
5048; 1
5056; 2
5061; 1
5067; 2
5064; 1
5071; 2
5098; 1
5104; 2
5121; 1
5125; 2
5141; 1
5147; 2
5145; 1
5149; 2
5148; 1
5154; 2
5159; 1
5167; 2
5197; 1
5202; 2
5217; 1
5225; 2
5246; 1
5251; 2
5272; 1
5278; 2
5287; 1
5292; 2
5332; 1
5339; 2
5353; 1
5359; 2
5404; 1
5410; 2
5432; 1
5438; 2
5444; 1
5448; 2
5445; 1
5450; 2
5460; 1
5466; 2
5464; 1
5468; 2
5509; 1
5513; 2
5509; 1
5517; 2
5526; 1
5534; 2
5561; 1
5567; 2
5590; 1
5596; 2
5598; 1
5603; 2
5605; 1
5611; 2
5650; 1
5656; 2
5700; 1
5704; 2
5715; 1
5721; 2
5729; 1
5734; 2
5738; 1
5743; 2
5739; 1
5744; 2
5744; 1
5749; 2
5766; 1
5770; 2
5801; 1
5806; 2
5851; 1
5856; 2
5887; 1
5893; 2
5889; 1
5895; 2
5895; 1
5902; 2
5902; 1
5909; 2
5904; 1
5909; 2
5947; 1
5954; 2
5990; 1
5994; 2
6004; 1
6011; 2
6010; 1
6014; 2
6050; 1
6056; 2
6066; 1
6070; 2
6073; 1
6078; 2
6106; 1
6110; 2
6157; 1
6162; 2
6214; 1
6219; 2
6215; 1
6221; 2
6228; 1
6233; 2
6228; 1
6234; 2
6243; 1
6249; 2
6282; 1
6287; 2
6310; 1
6316; 2
6310; 1
6316; 2
6319; 1
6325; 2
6321; 1
6327; 2
6322; 1
6328; 2
6332; 1
6339; 2
6348; 1
6354; 2
6379; 1
6383; 2
6388; 1
6392; 2
6413; 1
6421; 2
6579; 1
6584; 2
6583; 1
6589; 2
6584; 1
6589; 2
6593; 1
6599; 2
6626; 1
6631; 2
6629; 1
6634; 2
6629; 1
6635; 2
6630; 1
6636; 2
6630; 1
6636; 2
6636; 1
6642; 2
6676; 1
6682; 2
6689; 1
6695; 2
6691; 1
6695; 2
6710; 1
6717; 2
6712; 1
6718; 2
6718; 1
6724; 2
6736; 1
6742; 2
6739; 1
6745; 2
6768; 1
6774; 2
6788; 1
6792; 2
6810; 1
6816; 2
6845; 1
6851; 2
6856; 1
6863; 2
6930; 1
6934; 2
6953; 1
6960; 2
6972; 1
6978; 2
6982; 1
6989; 2
6993; 1
6999; 2
6997; 1
7004; 2
7014; 1
7019; 2
7048; 1
7052; 2
7048; 1
7053; 2
7081; 1
7086; 2
7082; 1
7088; 2
7084; 1
7090; 2
7092; 1
7097; 2
7096; 1
7102; 2
7126; 1
7132; 2
7148; 1
7154; 2
7149; 1
7153; 2
7162; 1
7167; 2
7176; 1
7181; 2
7196; 1
7202; 2
7222; 1
7227; 2
7234; 1
7239; 2
7245; 1
7251; 2
7276; 1
7282; 2
7277; 1
7283; 2
7289; 1
7295; 2
7295; 1
7301; 2
7356; 1
7361; 2
7364; 1
7368; 2
7371; 1
7376; 2
7381; 1
7387; 2
7389; 1
7397; 2
7391; 1
7395; 2
7391; 1
7396; 2
7397; 1
7403; 2
7430; 1
7437; 2
7431; 1
7437; 2
7471; 1
7477; 2
7484; 1
7489; 2
7490; 1
7496; 2
7516; 1
7522; 2
7543; 1
7549; 2
7545; 1
7551; 2
7589; 1
7595; 2
7589; 1
7596; 2
7613; 1
7619; 2
7621; 1
7627; 2
7641; 1
7647; 2
7660; 1
7666; 2
7702; 1
7709; 2
7710; 1
7715; 2
7717; 1
7723; 2
7745; 1
7749; 2
7750; 1
7756; 2
7755; 1
7762; 2
7764; 1
7771; 2
7765; 1
7772; 2
7847; 1
7854; 2
7851; 1
7858; 2
7867; 1
7873; 2
7896; 1
7902; 2
7935; 1
7941; 2
7964; 1
7970; 2
7977; 1
7983; 2
7979; 1
7985; 2
8003; 1
8008; 2
8012; 1
8018; 2
8017; 1
8023; 2
8040; 1
8046; 2
8052; 1
8058; 2
8098; 1
8102; 2
8116; 1
8122; 2
8121; 1
8128; 2
8192; 1
8196; 2
8205; 1
8210; 2
8267; 1
8273; 2
8277; 1
8283; 2
8282; 1
8286; 2
8316; 1
8320; 2
8317; 1
8323; 2
8325; 1
8331; 2
8414; 1
8420; 2
8417; 1
8423; 2
8462; 1
8468; 2
8469; 1
8475; 2
8476; 1
8480; 2
8516; 1
8521; 2
8532; 1
8538; 2
8551; 1
8557; 2
8561; 1
8567; 2
8562; 1
8569; 2
8570; 1
8574; 2
8614; 1
8619; 2
8631; 1
8636; 2
8673; 1
8679; 2
8681; 1
8687; 2
8706; 1
8710; 2
8757; 1
8762; 2
8778; 1
8783; 2
8798; 1
8803; 2
8836; 1
8843; 2
8850; 1
8857; 2
8866; 1
8872; 2
8875; 1
8880; 2
8875; 1
8880; 2
8892; 1
8896; 2
8916; 1
8922; 2
8941; 1
8947; 2
8999; 1
9007; 2
9009; 1
9015; 2
9022; 1
9026; 2
9081; 1
9087; 2
9118; 1
9122; 2
9133; 1
9139; 2
9139; 1
9145; 2
9159; 1
9164; 2
9171; 1
9177; 2
9176; 1
9182; 2
9184; 1
9189; 2
9195; 1
9199; 2
9230; 1
9235; 2
9243; 1
9247; 2
9320; 1
9325; 2
9349; 1
9355; 2
9359; 1
9368; 2
9418; 1
9424; 2
9434; 1
9440; 2
9440; 1
9446; 2
9469; 1
9475; 2
9477; 1
9481; 2
9480; 1
9484; 2
9481; 1
9486; 2
9488; 1
9494; 2
9495; 1
9501; 2
9549; 1
9555; 2
9562; 1
9570; 2
9568; 1
9575; 2
9610; 1
9615; 2
9610; 1
9615; 2
9633; 1
9640; 2
9670; 1
9674; 2
9689; 1
9693; 2
9693; 1
9699; 2
9697; 1
9703; 2
9731; 1
9737; 2
9772; 1
9778; 2
9799; 1
9805; 2
9861; 1
9867; 2
9885; 1
9892; 2
9907; 1
9913; 2
9930; 1
9936; 2
9959; 1
9965; 2
9962; 1
9968; 2
9977; 1
9983; 2
9990; 1
9996; 2
9998; 1
10005; 2
10018; 1
10023; 2
10041; 1
10046; 2
10053; 1
10059; 2
10054; 1
10061; 2
