Sequence of timestamped events V1.0
Stream 7
Id =7
Name = Camera_7
Tbegin = 0
Tend = 10000
Count = 500
94; 1
101; 2
101; 1
106; 2
129; 1
134; 2
135; 1
142; 2
187; 1
194; 2
211; 1
216; 2
213; 1
220; 2
218; 1
223; 2
227; 1
234; 2
278; 1
283; 2
299; 1
304; 2
326; 1
331; 2
326; 1
333; 2
374; 1
379; 2
409; 1
414; 2
432; 1
439; 2
439; 1
444; 2
447; 1
454; 2
467; 1
472; 2
522; 1
527; 2
532; 1
539; 2
535; 1
540; 2
576; 1
581; 2
583; 1
590; 2
594; 1
599; 2
602; 1
607; 2
602; 1
609; 2
615; 1
620; 2
631; 1
638; 2
640; 1
647; 2
669; 1
674; 2
674; 1
681; 2
685; 1
692; 2
696; 1
701; 2
722; 1
727; 2
738; 1
745; 2
781; 1
788; 2
790; 1
795; 2
800; 1
805; 2
802; 1
809; 2
808; 1
813; 2
833; 1
838; 2
841; 1
848; 2
842; 1
847; 2
845; 1
850; 2
875; 1
880; 2
875; 1
880; 2
891; 1
898; 2
894; 1
901; 2
912; 1
917; 2
922; 1
927; 2
956; 1
963; 2
986; 1
991; 2
1017; 1
1022; 2
1055; 1
1060; 2
1070; 1
1075; 2
1091; 1
1096; 2
1104; 1
1109; 2
1109; 1
1114; 2
1115; 1
1120; 2
1120; 1
1127; 2
1136; 1
1143; 2
1140; 1
1145; 2
1140; 1
1147; 2
1172; 1
1177; 2
1176; 1
1181; 2
1206; 1
1213; 2
1225; 1
1230; 2
1235; 1
1240; 2
1256; 1
1261; 2
1265; 1
1269; 2
1276; 1
1281; 2
1283; 1
1288; 2
1297; 1
1302; 2
1323; 1
1330; 2
1339; 1
1344; 2
1414; 1
1419; 2
1444; 1
1449; 2
1495; 1
1503; 2
1502; 1
1507; 2
1513; 1
1518; 2
1549; 1
1554; 2
1571; 1
1575; 2
1579; 1
1583; 2
1601; 1
1606; 2
1605; 1
1612; 2
1627; 1
1632; 2
1670; 1
1675; 2
1692; 1
1697; 2
1694; 1
1699; 2
1695; 1
1700; 2
1704; 1
1711; 2
1733; 1
1738; 2
1778; 1
1783; 2
1786; 1
1793; 2
1803; 1
1811; 2
1837; 1
1844; 2
1845; 1
1850; 2
1883; 1
1890; 2
1896; 1
1901; 2
1920; 1
1925; 2
1940; 1
1947; 2
1946; 1
1951; 2
1951; 1
1956; 2
1984; 1
1991; 2
2008; 1
2013; 2
2013; 1
2018; 2
2028; 1
2033; 2
2030; 1
2035; 2
2030; 1
2037; 2
2042; 1
2047; 2
2055; 1
2060; 2
2077; 1
2082; 2
2077; 1
2084; 2
2093; 1
2098; 2
2101; 1
2106; 2
2101; 1
2106; 2
2105; 1
2110; 2
2127; 1
2134; 2
2136; 1
2141; 2
2164; 1
2169; 2
2171; 1
2176; 2
2194; 1
2199; 2
2197; 1
2204; 2
2229; 1
2233; 2
2235; 1
2242; 2
2289; 1
2296; 2
2299; 1
2304; 2
2305; 1
2312; 2
2319; 1
2323; 2
2321; 1
2326; 2
2326; 1
2333; 2
2371; 1
2375; 2
2385; 1
2390; 2
2432; 1
2437; 2
2472; 1
2476; 2
2513; 1
2520; 2
2514; 1
2519; 2
2560; 1
2565; 2
2591; 1
2596; 2
2608; 1
2615; 2
2633; 1
2638; 2
2641; 1
2646; 2
2743; 1
2748; 2
2749; 1
2754; 2
2771; 1
2778; 2
2828; 1
2835; 2
2848; 1
2855; 2
2850; 1
2857; 2
2859; 1
2864; 2
2868; 1
2875; 2
2883; 1
2888; 2
2885; 1
2890; 2
2900; 1
2905; 2
2907; 1
2912; 2
2910; 1
2915; 2
2924; 1
2931; 2
2938; 1
2945; 2
3016; 1
3021; 2
3046; 1
3051; 2
3088; 1
3093; 2
3108; 1
3113; 2
3124; 1
3129; 2
3163; 1
3170; 2
3194; 1
3199; 2
3216; 1
3223; 2
3340; 1
3345; 2
3354; 1
3361; 2
3373; 1
3378; 2
3381; 1
3386; 2
3402; 1
3407; 2
3410; 1
3415; 2
3470; 1
3477; 2
3540; 1
3547; 2
3541; 1
3548; 2
3548; 1
3555; 2
3558; 1
3565; 2
3582; 1
3587; 2
3605; 1
3609; 2
3608; 1
3613; 2
3637; 1
3642; 2
3646; 1
3653; 2
3650; 1
3655; 2
3661; 1
3666; 2
3668; 1
3673; 2
3832; 1
3837; 2
3833; 1
3838; 2
3855; 1
3860; 2
3868; 1
3875; 2
3871; 1
3876; 2
3956; 1
3963; 2
3980; 1
3987; 2
3988; 1
3993; 2
3996; 1
4001; 2
4012; 1
4019; 2
4024; 1
4031; 2
4048; 1
4055; 2
4051; 1
4056; 2
4067; 1
4071; 2
4084; 1
4089; 2
4111; 1
4115; 2
4121; 1
4128; 2
4210; 1
4214; 2
4235; 1
4239; 2
4245; 1
4250; 2
4270; 1
4275; 2
4271; 1
4276; 2
4302; 1
4307; 2
4313; 1
4318; 2
4327; 1
4334; 2
4332; 1
4337; 2
4347; 1
4354; 2
4358; 1
4365; 2
4361; 1
4368; 2
4375; 1
4380; 2
4379; 1
4386; 2
4382; 1
4387; 2
4394; 1
4401; 2
4402; 1
4412; 2
4412; 1
4420; 2
4449; 1
4454; 2
4519; 1
4524; 2
4540; 1
4545; 2
4552; 1
4557; 2
4553; 1
4558; 2
4580; 1
4587; 2
4633; 1
4638; 2
4661; 1
4666; 2
4663; 1
4668; 2
4676; 1
4681; 2
4688; 1
4693; 2
4689; 1
4696; 2
4723; 1
4728; 2
4743; 1
4748; 2
4756; 1
4761; 2
4840; 1
4845; 2
4893; 1
4900; 2
4913; 1
4918; 2
4917; 1
4921; 2
4936; 1
4941; 2
4936; 1
4941; 2
4983; 1
4991; 2
4996; 1
5001; 2
4998; 1
5005; 2
5007; 1
5012; 2
5010; 1
5015; 2
5010; 1
5018; 2
5040; 1
5045; 2
5080; 1
5088; 2
5084; 1
5089; 2
5092; 1
5099; 2
5122; 1
5129; 2
5139; 1
5144; 2
5163; 1
5168; 2
5164; 1
5169; 2
5171; 1
5176; 2
5191; 1
5199; 2
5217; 1
5222; 2
5249; 1
5257; 2
5266; 1
5271; 2
5296; 1
5303; 2
5307; 1
5312; 2
5360; 1
5367; 2
5377; 1
5384; 2
5428; 1
5435; 2
5455; 1
5460; 2
5461; 1
5465; 2
5465; 1
5470; 2
5481; 1
5485; 2
5483; 1
5488; 2
5526; 1
5530; 2
5541; 1
5549; 2
5558; 1
5566; 2
5585; 1
5592; 2
5614; 1
5621; 2
5618; 1
5623; 2
5628; 1
5633; 2
5674; 1
5681; 2
5718; 1
5723; 2
5739; 1
5746; 2
5749; 1
5754; 2
5758; 1
5763; 2
5759; 1
5764; 2
5764; 1
5769; 2
5784; 1
5789; 2
5821; 1
5826; 2
5871; 1
5876; 2
5910; 1
5915; 2
5913; 1
5920; 2
5923; 1
5930; 2
5924; 1
5929; 2
5930; 1
5937; 2
5975; 1
5982; 2
6008; 1
6013; 2
6028; 1
6033; 2
6032; 1
6039; 2
6073; 1
6078; 2
6084; 1
6089; 2
6093; 1
6098; 2
6124; 1
6129; 2
6177; 1
6182; 2
6234; 1
6239; 2
6238; 1
6243; 2
6248; 1
6253; 2
6251; 1
6256; 2
6267; 1
6274; 2
6302; 1
6307; 2
6333; 1
6338; 2
6334; 1
6341; 2
6342; 1
6347; 2
6344; 1
6349; 2
6345; 1
6350; 2
6360; 1
6367; 2
6371; 1
6376; 2
6397; 1
6402; 2
6406; 1
6411; 2
6445; 1
6453; 2
6599; 1
6604; 2
6604; 1
6609; 2
6606; 1
6611; 2
6616; 1
6621; 2
6646; 1
6651; 2
6649; 1
6654; 2
6652; 1
6657; 2
6653; 1
6658; 2
6654; 1
6661; 2
6660; 1
6667; 2
6700; 1
6707; 2
6709; 1
6714; 2
6712; 1
6717; 2
6735; 1
6740; 2
6738; 1
6745; 2
6742; 1
6749; 2
6760; 1
6767; 2
6763; 1
6770; 2
6791; 1
6796; 2
6806; 1
6811; 2
6834; 1
6841; 2
6868; 1
6873; 2
6884; 1
6891; 2
6948; 1
6953; 2
6981; 1
6988; 2
6996; 1
7003; 2
7010; 1
7017; 2
7016; 1
7021; 2
7025; 1
7032; 2
7034; 1
7039; 2
7066; 1
7071; 2
7068; 1
7073; 2
7101; 1
7106; 2
7105; 1
7110; 2
7108; 1
7115; 2
7112; 1
7117; 2
7119; 1
7124; 2
7150; 1
7157; 2
7166; 1
7170; 2
7171; 1
7176; 2
7182; 1
7187; 2
7196; 1
7201; 2
7220; 1
7227; 2
7242; 1
7247; 2
7254; 1
7259; 2
7269; 1
7276; 2
7299; 1
7304; 2
7300; 1
7305; 2
7312; 1
7317; 2
7319; 1
7326; 2
7376; 1
7381; 2
7382; 1
7387; 2
7391; 1
7396; 2
7405; 1
7412; 2
7409; 1
7414; 2
7411; 1
7416; 2
7420; 1
7425; 2
7421; 1
7429; 2
7454; 1
7459; 2
7458; 1
7465; 2
7495; 1
7502; 2
7504; 1
7509; 2
7514; 1
7521; 2
7539; 1
7544; 2
7567; 1
7574; 2
7569; 1
7576; 2
7612; 1
7617; 2
7617; 1
7624; 2
7637; 1
7644; 2
7644; 1
7649; 2
7665; 1
7672; 2
7683; 1
7688; 2
7730; 1
7735; 2
7730; 1
7737; 2
7740; 1
7745; 2
7763; 1
7768; 2
7773; 1
7778; 2
7783; 1
7790; 2
7792; 1
7799; 2
7793; 1
7800; 2
7875; 1
7882; 2
7879; 1
7886; 2
7890; 1
7895; 2
7920; 1
7927; 2
7958; 1
7963; 2
7988; 1
7995; 2
8001; 1
8008; 2
8002; 1
8007; 2
8023; 1
8028; 2
8036; 1
8043; 2
8040; 1
8045; 2
8063; 1
8068; 2
8075; 1
8080; 2
8115; 1
8119; 2
8140; 1
8147; 2
8149; 1
8156; 2
8210; 1
8215; 2
8225; 1
8230; 2
8291; 1
8298; 2
8299; 1
8303; 2
8301; 1
8308; 2
8334; 1
8339; 2
8340; 1
8345; 2
8348; 1
8353; 2
8438; 1
8445; 2
8440; 1
8445; 2
8485; 1
8490; 2
8493; 1
8497; 2
8493; 1
8500; 2
8536; 1
8541; 2
8555; 1
8560; 2
8574; 1
8579; 2
8585; 1
8592; 2
8588; 1
8593; 2
8590; 1
8597; 2
8634; 1
8639; 2
8651; 1
8656; 2
8696; 1
8701; 2
8705; 1
8712; 2
8724; 1
8729; 2
8777; 1
8782; 2
8798; 1
8803; 2
8818; 1
8823; 2
8864; 1
8871; 2
8878; 1
8885; 2
8889; 1
8894; 2
8895; 1
8900; 2
8895; 1
8900; 2
8910; 1
8915; 2
8939; 1
8944; 2
8964; 1
8969; 2
9031; 1
9039; 2
9032; 1
9037; 2
9040; 1
9045; 2
9105; 1
9112; 2
9134; 1
9138; 2
9156; 1
9161; 2
9162; 1
9167; 2
9179; 1
9184; 2
9194; 1
9199; 2
9200; 1
9207; 2
9204; 1
9209; 2
9213; 1
9218; 2
9250; 1
9255; 2
9260; 1
9264; 2
9340; 1
9345; 2
9372; 1
9377; 2
9396; 1
9406; 2
9441; 1
9446; 2
9458; 1
9465; 2
9464; 1
9471; 2
9493; 1
9500; 2
9495; 1
9500; 2
9498; 1
9503; 2
9501; 1
9506; 2
9512; 1
9519; 2
9518; 1
9523; 2
9572; 1
9577; 2
9594; 1
9602; 2
9596; 1
9603; 2
9630; 1
9635; 2
9630; 1
9635; 2
9661; 1
9668; 2
9688; 1
9693; 2
9704; 1
9708; 2
9716; 1
9721; 2
9721; 1
9728; 2
9755; 1
9762; 2
9795; 1
9800; 2
9822; 1
9827; 2
9885; 1
9892; 2
9913; 1
9920; 2
9930; 1
9935; 2
9953; 1
9958; 2
9983; 1
9990; 2
9986; 1
9993; 2
10000; 1
10005; 2
10013; 1
10018; 2
10026; 1
10033; 2
10038; 1
10043; 2
10061; 1
10066; 2
10077; 1
10084; 2
10082; 1
10089; 2
