Sequence of timestamped events V1.0
Stream 9
Id =9
Name = Camera_9
Tbegin = 0
Tend = 10000
Count = 500
119; 1
127; 2
123; 1
130; 2
151; 1
158; 2
160; 1
168; 2
212; 1
220; 2
233; 1
240; 2
239; 1
245; 2
241; 1
250; 2
255; 1
264; 2
300; 1
307; 2
321; 1
328; 2
347; 1
353; 2
351; 1
359; 2
395; 1
401; 2
430; 1
436; 2
457; 1
465; 2
461; 1
468; 2
472; 1
480; 2
486; 1
492; 2
543; 1
549; 2
556; 1
562; 2
560; 1
569; 2
595; 1
601; 2
608; 1
616; 2
616; 1
623; 2
621; 1
627; 2
627; 1
635; 2
637; 1
644; 2
656; 1
664; 2
665; 1
673; 2
691; 1
698; 2
699; 1
707; 2
710; 1
718; 2
718; 1
725; 2
744; 1
751; 2
766; 1
775; 2
806; 1
814; 2
812; 1
819; 2
822; 1
829; 2
827; 1
835; 2
829; 1
835; 2
852; 1
858; 2
864; 1
871; 2
866; 1
874; 2
867; 1
874; 2
896; 1
902; 2
897; 1
904; 2
919; 1
927; 2
919; 1
928; 2
934; 1
941; 2
944; 1
951; 2
981; 1
989; 2
1007; 1
1013; 2
1036; 1
1042; 2
1077; 1
1084; 2
1091; 1
1097; 2
1113; 1
1120; 2
1125; 1
1131; 2
1130; 1
1136; 2
1134; 1
1140; 2
1148; 1
1157; 2
1161; 1
1167; 2
1161; 1
1169; 2
1165; 1
1173; 2
1194; 1
1201; 2
1195; 1
1201; 2
1231; 1
1239; 2
1247; 1
1254; 2
1257; 1
1264; 2
1275; 1
1281; 2
1282; 1
1287; 2
1295; 1
1301; 2
1304; 1
1310; 2
1319; 1
1326; 2
1348; 1
1356; 2
1361; 1
1368; 2
1436; 1
1443; 2
1466; 1
1473; 2
1523; 1
1529; 2
1527; 1
1537; 2
1535; 1
1542; 2
1571; 1
1578; 2
1588; 1
1593; 2
1596; 1
1601; 2
1622; 1
1628; 2
1633; 1
1642; 2
1649; 1
1656; 2
1691; 1
1697; 2
1713; 1
1719; 2
1716; 1
1723; 2
1717; 1
1724; 2
1729; 1
1737; 2
1752; 1
1758; 2
1799; 1
1805; 2
1814; 1
1823; 2
1835; 1
1845; 2
1862; 1
1870; 2
1867; 1
1874; 2
1911; 1
1920; 2
1918; 1
1925; 2
1942; 1
1949; 2
1965; 1
1973; 2
1968; 1
1975; 2
1973; 1
1980; 2
2009; 1
2017; 2
2027; 1
2033; 2
2035; 1
2042; 2
2050; 1
2057; 2
2052; 1
2059; 2
2055; 1
2063; 2
2064; 1
2071; 2
2074; 1
2080; 2
2099; 1
2106; 2
2102; 1
2110; 2
2115; 1
2122; 2
2123; 1
2130; 2
2123; 1
2130; 2
2124; 1
2130; 2
2152; 1
2160; 2
2157; 1
2163; 2
2185; 1
2191; 2
2193; 1
2200; 2
2216; 1
2223; 2
2222; 1
2230; 2
2246; 1
2251; 2
2260; 1
2268; 2
2314; 1
2322; 2
2321; 1
2328; 2
2330; 1
2338; 2
2336; 1
2341; 2
2340; 1
2346; 2
2351; 1
2359; 2
2388; 1
2393; 2
2407; 1
2414; 2
2453; 1
2459; 2
2489; 1
2494; 2
2536; 1
2543; 2
2538; 1
2546; 2
2581; 1
2587; 2
2612; 1
2618; 2
2633; 1
2641; 2
2655; 1
2662; 2
2662; 1
2668; 2
2764; 1
2770; 2
2771; 1
2778; 2
2796; 1
2804; 2
2856; 1
2865; 2
2873; 1
2881; 2
2875; 1
2883; 2
2880; 1
2886; 2
2896; 1
2905; 2
2904; 1
2910; 2
2907; 1
2914; 2
2922; 1
2929; 2
2929; 1
2935; 2
2929; 1
2936; 2
2952; 1
2961; 2
2963; 1
2971; 2
3038; 1
3045; 2
3068; 1
3075; 2
3109; 1
3115; 2
3130; 1
3137; 2
3145; 1
3151; 2
3188; 1
3196; 2
3215; 1
3221; 2
3244; 1
3253; 2
3361; 1
3367; 2
3379; 1
3387; 2
3394; 1
3400; 2
3400; 1
3406; 2
3423; 1
3429; 2
3431; 1
3437; 2
3498; 1
3507; 2
3565; 1
3573; 2
3566; 1
3574; 2
3573; 1
3581; 2
3586; 1
3595; 2
3603; 1
3609; 2
3622; 1
3627; 2
3629; 1
3635; 2
3658; 1
3664; 2
3671; 1
3677; 2
3674; 1
3683; 2
3682; 1
3688; 2
3690; 1
3697; 2
3854; 1
3861; 2
3855; 1
3862; 2
3874; 1
3880; 2
3892; 1
3898; 2
3896; 1
3905; 2
3981; 1
3989; 2
4008; 1
4017; 2
4010; 1
4017; 2
4018; 1
4025; 2
4040; 1
4049; 2
4052; 1
4061; 2
4072; 1
4078; 2
4073; 1
4081; 2
4084; 1
4089; 2
4106; 1
4113; 2
4128; 1
4133; 2
4146; 1
4154; 2
4227; 1
4232; 2
4252; 1
4257; 2
4267; 1
4274; 2
4290; 1
4296; 2
4292; 1
4299; 2
4323; 1
4329; 2
4335; 1
4342; 2
4351; 1
4357; 2
4355; 1
4364; 2
4372; 1
4380; 2
4383; 1
4391; 2
4386; 1
4394; 2
4396; 1
4402; 2
4401; 1
4407; 2
4404; 1
4412; 2
4422; 1
4431; 2
4440; 1
4451; 2
4444; 1
4454; 2
4470; 1
4476; 2
4541; 1
4548; 2
4562; 1
4569; 2
4573; 1
4579; 2
4575; 1
4582; 2
4605; 1
4613; 2
4655; 1
4662; 2
4680; 1
4686; 2
4685; 1
4692; 2
4698; 1
4705; 2
4710; 1
4717; 2
4714; 1
4722; 2
4744; 1
4750; 2
4764; 1
4770; 2
4777; 1
4783; 2
4861; 1
4867; 2
4918; 1
4926; 2
4933; 1
4939; 2
4935; 1
4942; 2
4955; 1
4961; 2
4958; 1
4965; 2
5015; 1
5025; 2
5017; 1
5023; 2
5023; 1
5031; 2
5029; 1
5036; 2
5031; 1
5037; 2
5042; 1
5052; 2
5061; 1
5067; 2
5106; 1
5113; 2
5112; 1
5122; 2
5120; 1
5129; 2
5147; 1
5155; 2
5158; 1
5164; 2
5182; 1
5188; 2
5186; 1
5193; 2
5193; 1
5200; 2
5223; 1
5233; 2
5238; 1
5244; 2
5281; 1
5291; 2
5287; 1
5293; 2
5321; 1
5329; 2
5328; 1
5334; 2
5388; 1
5397; 2
5402; 1
5410; 2
5453; 1
5461; 2
5477; 1
5484; 2
5478; 1
5483; 2
5486; 1
5492; 2
5498; 1
5503; 2
5505; 1
5512; 2
5543; 1
5548; 2
5573; 1
5583; 2
5590; 1
5600; 2
5610; 1
5618; 2
5639; 1
5645; 2
5639; 1
5647; 2
5650; 1
5657; 2
5699; 1
5707; 2
5737; 1
5743; 2
5764; 1
5772; 2
5770; 1
5776; 2
5779; 1
5785; 2
5780; 1
5786; 2
5785; 1
5791; 2
5803; 1
5809; 2
5842; 1
5848; 2
5892; 1
5898; 2
5932; 1
5939; 2
5938; 1
5946; 2
5945; 1
5951; 2
5951; 1
5960; 2
5958; 1
5967; 2
6003; 1
6012; 2
6027; 1
6033; 2
6047; 1
6053; 2
6060; 1
6069; 2
6095; 1
6102; 2
6103; 1
6109; 2
6114; 1
6120; 2
6143; 1
6149; 2
6198; 1
6204; 2
6255; 1
6261; 2
6260; 1
6267; 2
6269; 1
6275; 2
6273; 1
6280; 2
6292; 1
6300; 2
6323; 1
6329; 2
6355; 1
6362; 2
6359; 1
6367; 2
6364; 1
6371; 2
6366; 1
6373; 2
6367; 1
6374; 2
6388; 1
6397; 2
6393; 1
6400; 2
6416; 1
6422; 2
6425; 1
6431; 2
6477; 1
6487; 2
6620; 1
6626; 2
6625; 1
6631; 2
6628; 1
6635; 2
6638; 1
6645; 2
6667; 1
6673; 2
6670; 1
6676; 2
6674; 1
6681; 2
6675; 1
6682; 2
6679; 1
6687; 2
6685; 1
6693; 2
6725; 1
6733; 2
6728; 1
6734; 2
6734; 1
6741; 2
6757; 1
6764; 2
6766; 1
6775; 2
6767; 1
6775; 2
6785; 1
6793; 2
6788; 1
6796; 2
6813; 1
6820; 2
6825; 1
6831; 2
6859; 1
6867; 2
6890; 1
6897; 2
6912; 1
6921; 2
6967; 1
6973; 2
7009; 1
7018; 2
7021; 1
7029; 2
7038; 1
7045; 2
7038; 1
7047; 2
7053; 1
7062; 2
7055; 1
7061; 2
7085; 1
7091; 2
7089; 1
7095; 2
7122; 1
7128; 2
7127; 1
7134; 2
7133; 1
7139; 2
7133; 1
7141; 2
7141; 1
7148; 2
7175; 1
7183; 2
7183; 1
7188; 2
7193; 1
7200; 2
7203; 1
7209; 2
7217; 1
7223; 2
7245; 1
7253; 2
7263; 1
7269; 2
7275; 1
7281; 2
7294; 1
7302; 2
7321; 1
7328; 2
7322; 1
7329; 2
7334; 1
7341; 2
7344; 1
7352; 2
7397; 1
7403; 2
7401; 1
7407; 2
7412; 1
7418; 2
7428; 1
7434; 2
7430; 1
7438; 2
7432; 1
7438; 2
7442; 1
7449; 2
7453; 1
7463; 2
7476; 1
7483; 2
7486; 1
7495; 2
7520; 1
7528; 2
7525; 1
7531; 2
7539; 1
7547; 2
7561; 1
7568; 2
7592; 1
7600; 2
7594; 1
7602; 2
7634; 1
7641; 2
7645; 1
7654; 2
7662; 1
7670; 2
7666; 1
7673; 2
7690; 1
7698; 2
7705; 1
7712; 2
7751; 1
7757; 2
7758; 1
7767; 2
7762; 1
7769; 2
7782; 1
7788; 2
7795; 1
7802; 2
7811; 1
7820; 2
7820; 1
7829; 2
7821; 1
7830; 2
7903; 1
7912; 2
7907; 1
7916; 2
7912; 1
7919; 2
7945; 1
7953; 2
7980; 1
7987; 2
8013; 1
8021; 2
8024; 1
8031; 2
8026; 1
8034; 2
8044; 1
8050; 2
8061; 1
8069; 2
8062; 1
8069; 2
8085; 1
8092; 2
8097; 1
8104; 2
8132; 1
8137; 2
8165; 1
8173; 2
8177; 1
8186; 2
8229; 1
8235; 2
8246; 1
8252; 2
8316; 1
8321; 2
8316; 1
8324; 2
8326; 1
8334; 2
8353; 1
8359; 2
8362; 1
8369; 2
8370; 1
8377; 2
8462; 1
8469; 2
8463; 1
8471; 2
8507; 1
8514; 2
8510; 1
8515; 2
8518; 1
8526; 2
8557; 1
8563; 2
8577; 1
8584; 2
8596; 1
8603; 2
8607; 1
8613; 2
8610; 1
8618; 2
8618; 1
8627; 2
8655; 1
8661; 2
8672; 1
8678; 2
8718; 1
8725; 2
8730; 1
8738; 2
8743; 1
8749; 2
8798; 1
8804; 2
8819; 1
8825; 2
8839; 1
8845; 2
8892; 1
8901; 2
8906; 1
8915; 2
8911; 1
8918; 2
8916; 1
8922; 2
8916; 1
8922; 2
8929; 1
8935; 2
8961; 1
8968; 2
8986; 1
8993; 2
9054; 1
9061; 2
9059; 1
9065; 2
9063; 1
9073; 2
9130; 1
9138; 2
9150; 1
9156; 2
9178; 1
9185; 2
9184; 1
9191; 2
9200; 1
9206; 2
9216; 1
9223; 2
9225; 1
9231; 2
9225; 1
9233; 2
9232; 1
9238; 2
9271; 1
9277; 2
9277; 1
9282; 2
9361; 1
9367; 2
9394; 1
9401; 2
9434; 1
9445; 2
9463; 1
9470; 2
9483; 1
9491; 2
9489; 1
9497; 2
9514; 1
9520; 2
9517; 1
9523; 2
9518; 1
9526; 2
9522; 1
9528; 2
9537; 1
9545; 2
9540; 1
9547; 2
9594; 1
9601; 2
9624; 1
9633; 2
9626; 1
9636; 2
9651; 1
9657; 2
9651; 1
9657; 2
9689; 1
9698; 2
9707; 1
9713; 2
9719; 1
9724; 2
9738; 1
9745; 2
9746; 1
9754; 2
9780; 1
9788; 2
9817; 1
9824; 2
9844; 1
9851; 2
9910; 1
9918; 2
9941; 1
9950; 2
9952; 1
9959; 2
9975; 1
9982; 2
10008; 1
10016; 2
10011; 1
10019; 2
10022; 1
10029; 2
10035; 1
10042; 2
10054; 1
10063; 2
10059; 1
10065; 2
10082; 1
10088; 2
10102; 1
10110; 2
10110; 1
10119; 2
