Sequence of timestamped events V1.0
Stream 6
Id =6
Name = Camera_6
Tbegin = 0
Tend = 10000
Count = 500
78; 1
84; 2
100; 1
105; 2
103; 1
108; 2
125; 1
130; 2
138; 1
144; 2
170; 1
176; 2
229; 1
235; 2
231; 1
237; 2
238; 1
243; 2
238; 1
244; 2
239; 1
245; 2
264; 1
271; 2
273; 1
279; 2
281; 1
287; 2
324; 1
330; 2
372; 1
377; 2
374; 1
380; 2
377; 1
384; 2
408; 1
415; 2
450; 1
462; 2
476; 1
482; 2
480; 1
487; 2
502; 1
507; 2
540; 1
546; 2
548; 1
554; 2
565; 1
570; 2
601; 1
608; 2
654; 1
659; 2
672; 1
679; 2
694; 1
699; 2
770; 1
775; 2
784; 1
790; 2
784; 1
790; 2
809; 1
814; 2
814; 1
820; 2
817; 1
822; 2
850; 1
859; 2
870; 1
875; 2
919; 1
927; 2
921; 1
927; 2
953; 1
957; 2
956; 1
961; 2
967; 1
976; 2
971; 1
978; 2
997; 1
1003; 2
998; 1
1004; 2
1002; 1
1007; 2
1020; 1
1029; 2
1035; 1
1040; 2
1095; 1
1101; 2
1112; 1
1118; 2
1122; 1
1127; 2
1196; 1
1202; 2
1228; 1
1234; 2
1234; 1
1240; 2
1244; 1
1252; 2
1252; 1
1257; 2
1284; 1
1290; 2
1339; 1
1347; 2
1353; 1
1358; 2
1375; 1
1380; 2
1400; 1
1406; 2
1401; 1
1406; 2
1426; 1
1431; 2
1428; 1
1432; 2
1429; 1
1435; 2
1437; 1
1443; 2
1449; 1
1454; 2
1510; 1
1516; 2
1512; 1
1517; 2
1515; 1
1520; 2
1517; 1
1521; 2
1542; 1
1554; 2
1543; 1
1549; 2
1544; 1
1549; 2
1581; 1
1589; 2
1585; 1
1590; 2
1636; 1
1641; 2
1641; 1
1647; 2
1665; 1
1671; 2
1739; 1
1746; 2
1749; 1
1755; 2
1780; 1
1786; 2
1811; 1
1816; 2
1830; 1
1835; 2
1850; 1
1855; 2
1908; 1
1915; 2
1909; 1
1916; 2
1927; 1
1933; 2
1991; 1
1999; 2
2070; 1
2075; 2
2090; 1
2095; 2
2132; 1
2140; 2
2140; 1
2147; 2
2212; 1
2219; 2
2214; 1
2220; 2
2222; 1
2228; 2
2228; 1
2233; 2
2245; 1
2251; 2
2250; 1
2256; 2
2250; 1
2257; 2
2255; 1
2264; 2
2263; 1
2270; 2
2332; 1
2338; 2
2381; 1
2387; 2
2386; 1
2392; 2
2397; 1
2402; 2
2429; 1
2435; 2
2434; 1
2442; 2
2457; 1
2463; 2
2459; 1
2467; 2
2467; 1
2471; 2
2496; 1
2502; 2
2510; 1
2515; 2
2552; 1
2557; 2
2573; 1
2579; 2
2585; 1
2591; 2
2602; 1
2611; 2
2627; 1
2632; 2
2648; 1
2655; 2
2671; 1
2677; 2
2673; 1
2679; 2
2675; 1
2680; 2
2680; 1
2684; 2
2722; 1
2727; 2
2730; 1
2736; 2
2740; 1
2746; 2
2761; 1
2766; 2
2807; 1
2813; 2
2811; 1
2817; 2
2820; 1
2826; 2
2821; 1
2827; 2
2841; 1
2847; 2
2841; 1
2848; 2
2847; 1
2853; 2
2849; 1
2855; 2
2869; 1
2876; 2
2881; 1
2887; 2
2889; 1
2895; 2
2904; 1
2910; 2
2956; 1
2961; 2
2985; 1
2991; 2
2996; 1
3001; 2
2998; 1
3004; 2
3009; 1
3014; 2
3011; 1
3016; 2
3039; 1
3044; 2
3041; 1
3046; 2
3065; 1
3073; 2
3107; 1
3112; 2
3159; 1
3166; 2
3161; 1
3166; 2
3192; 1
3198; 2
3203; 1
3209; 2
3205; 1
3211; 2
3222; 1
3227; 2
3238; 1
3243; 2
3293; 1
3299; 2
3300; 1
3306; 2
3312; 1
3317; 2
3335; 1
3340; 2
3356; 1
3361; 2
3401; 1
3408; 2
3405; 1
3411; 2
3405; 1
3411; 2
3415; 1
3419; 2
3420; 1
3425; 2
3425; 1
3431; 2
3452; 1
3458; 2
3479; 1
3484; 2
3492; 1
3497; 2
3499; 1
3507; 2
3540; 1
3545; 2
3549; 1
3555; 2
3567; 1
3573; 2
3570; 1
3576; 2
3695; 1
3703; 2
3696; 1
3701; 2
3703; 1
3708; 2
3740; 1
3747; 2
3760; 1
3766; 2
3762; 1
3768; 2
3774; 1
3780; 2
3788; 1
3794; 2
3814; 1
3819; 2
3830; 1
3836; 2
3831; 1
3837; 2
3841; 1
3848; 2
3875; 1
3882; 2
3895; 1
3901; 2
3907; 1
3913; 2
3929; 1
3935; 2
3977; 1
3983; 2
3988; 1
3992; 2
4005; 1
4010; 2
4008; 1
4013; 2
4051; 1
4058; 2
4125; 1
4130; 2
4185; 1
4193; 2
4196; 1
4202; 2
4218; 1
4223; 2
4225; 1
4231; 2
4251; 1
4256; 2
4282; 1
4288; 2
4290; 1
4297; 2
4313; 1
4319; 2
4331; 1
4339; 2
4350; 1
4356; 2
4392; 1
4397; 2
4407; 1
4414; 2
4409; 1
4415; 2
4420; 1
4426; 2
4439; 1
4445; 2
4448; 1
4454; 2
4453; 1
4459; 2
4484; 1
4490; 2
4506; 1
4511; 2
4526; 1
4532; 2
4562; 1
4567; 2
4577; 1
4583; 2
4623; 1
4629; 2
4655; 1
4660; 2
4660; 1
4665; 2
4663; 1
4668; 2
4726; 1
4732; 2
4739; 1
4744; 2
4745; 1
4749; 2
4758; 1
4764; 2
4774; 1
4780; 2
4775; 1
4781; 2
4796; 1
4801; 2
4804; 1
4810; 2
4846; 1
4851; 2
4854; 1
4862; 2
4857; 1
4863; 2
4871; 1
4877; 2
4881; 1
4886; 2
4884; 1
4893; 2
4885; 1
4890; 2
4904; 1
4909; 2
4938; 1
4943; 2
4940; 1
4945; 2
4970; 1
4976; 2
4992; 1
4998; 2
5018; 1
5025; 2
5052; 1
5058; 2
5062; 1
5068; 2
5092; 1
5096; 2
5142; 1
5147; 2
5148; 1
5153; 2
5162; 1
5168; 2
5196; 1
5202; 2
5202; 1
5216; 2
5219; 1
5224; 2
5279; 1
5283; 2
5292; 1
5298; 2
5302; 1
5307; 2
5309; 1
5314; 2
5325; 1
5331; 2
5329; 1
5334; 2
5385; 1
5393; 2
5395; 1
5403; 2
5416; 1
5422; 2
5423; 1
5429; 2
5426; 1
5431; 2
5446; 1
5451; 2
5475; 1
5482; 2
5487; 1
5493; 2
5493; 1
5498; 2
5543; 1
5549; 2
5544; 1
5549; 2
5556; 1
5561; 2
5558; 1
5564; 2
5613; 1
5618; 2
5625; 1
5631; 2
5626; 1
5631; 2
5627; 1
5632; 2
5636; 1
5645; 2
5655; 1
5661; 2
5675; 1
5680; 2
5723; 1
5729; 2
5746; 1
5752; 2
5760; 1
5766; 2
5761; 1
5769; 2
5784; 1
5791; 2
5830; 1
5834; 2
5858; 1
5863; 2
5886; 1
5891; 2
5917; 1
5924; 2
5935; 1
5940; 2
6055; 1
6060; 2
6058; 1
6063; 2
6061; 1
6065; 2
6107; 1
6113; 2
6123; 1
6129; 2
6124; 1
6130; 2
6135; 1
6140; 2
6186; 1
6191; 2
6201; 1
6207; 2
6201; 1
6210; 2
6210; 1
6216; 2
6217; 1
6224; 2
6260; 1
6265; 2
6276; 1
6283; 2
6283; 1
6288; 2
6294; 1
6299; 2
6295; 1
6302; 2
6312; 1
6318; 2
6313; 1
6319; 2
6331; 1
6338; 2
6354; 1
6360; 2
6361; 1
6366; 2
6425; 1
6432; 2
6447; 1
6453; 2
6453; 1
6458; 2
6496; 1
6502; 2
6589; 1
6594; 2
6602; 1
6608; 2
6602; 1
6609; 2
6609; 1
6614; 2
6615; 1
6621; 2
6619; 1
6625; 2
6621; 1
6628; 2
6623; 1
6628; 2
6640; 1
6645; 2
6668; 1
6674; 2
6683; 1
6691; 2
6700; 1
6707; 2
6755; 1
6760; 2
6765; 1
6770; 2
6785; 1
6792; 2
6830; 1
6836; 2
6837; 1
6842; 2
6842; 1
6848; 2
6852; 1
6858; 2
6882; 1
6887; 2
6941; 1
6946; 2
6948; 1
6954; 2
6956; 1
6963; 2
6965; 1
6970; 2
6989; 1
6995; 2
6992; 1
6997; 2
7037; 1
7044; 2
7049; 1
7055; 2
7070; 1
7076; 2
7096; 1
7101; 2
7119; 1
7123; 2
7132; 1
7137; 2
7145; 1
7153; 2
7153; 1
7159; 2
7153; 1
7162; 2
7161; 1
7166; 2
7182; 1
7187; 2
7188; 1
7194; 2
7212; 1
7217; 2
7267; 1
7275; 2
7268; 1
7273; 2
7293; 1
7299; 2
7298; 1
7303; 2
7338; 1
7344; 2
7339; 1
7345; 2
7340; 1
7348; 2
7366; 1
7371; 2
7369; 1
7377; 2
7394; 1
7400; 2
7404; 1
7409; 2
7413; 1
7419; 2
7423; 1
7429; 2
7562; 1
7568; 2
7585; 1
7591; 2
7594; 1
7600; 2
7602; 1
7608; 2
7606; 1
7611; 2
7606; 1
7611; 2
7607; 1
7612; 2
7623; 1
7631; 2
7652; 1
7658; 2
7656; 1
7662; 2
7670; 1
7675; 2
7670; 1
7676; 2
7671; 1
7678; 2
7686; 1
7693; 2
7694; 1
7700; 2
7696; 1
7702; 2
7730; 1
7737; 2
7747; 1
7752; 2
7774; 1
7780; 2
7787; 1
7793; 2
7788; 1
7796; 2
7796; 1
7801; 2
7796; 1
7804; 2
7820; 1
7828; 2
7825; 1
7831; 2
7856; 1
7863; 2
7857; 1
7863; 2
7884; 1
7891; 2
7892; 1
7898; 2
7943; 1
7947; 2
8034; 1
8039; 2
8038; 1
8043; 2
8066; 1
8072; 2
8092; 1
8097; 2
8143; 1
8148; 2
8209; 1
8215; 2
8278; 1
8284; 2
8292; 1
8297; 2
8311; 1
8316; 2
8318; 1
8324; 2
8319; 1
8325; 2
8340; 1
8347; 2
8343; 1
8349; 2
8348; 1
8354; 2
8351; 1
8359; 2
8384; 1
8392; 2
8403; 1
8409; 2
8482; 1
8488; 2
8489; 1
8496; 2
8508; 1
8514; 2
8508; 1
8514; 2
8537; 1
8542; 2
8567; 1
8572; 2
8608; 1
8613; 2
8617; 1
8622; 2
8618; 1
8626; 2
8623; 1
8628; 2
8638; 1
8646; 2
8653; 1
8659; 2
8712; 1
8718; 2
8723; 1
8729; 2
8757; 1
8763; 2
8766; 1
8773; 2
8799; 1
8807; 2
8808; 1
8814; 2
8826; 1
8832; 2
8827; 1
8833; 2
8857; 1
8864; 2
8858; 1
8865; 2
8882; 1
8889; 2
8885; 1
8892; 2
8908; 1
8914; 2
8933; 1
8939; 2
8952; 1
8957; 2
8955; 1
8963; 2
8958; 1
8964; 2
8960; 1
8965; 2
8967; 1
8972; 2
8968; 1
8973; 2
8973; 1
8978; 2
8996; 1
9002; 2
9009; 1
9014; 2
9043; 1
9049; 2
9044; 1
9049; 2
9106; 1
9113; 2
9116; 1
9122; 2
9125; 1
9132; 2
9157; 1
9165; 2
9165; 1
9170; 2
9165; 1
9172; 2
9176; 1
9182; 2
9177; 1
9183; 2
9209; 1
9215; 2
9219; 1
9223; 2
9226; 1
9231; 2
9254; 1
9259; 2
9339; 1
9345; 2
9345; 1
9351; 2
9363; 1
9368; 2
9378; 1
9383; 2
9404; 1
9411; 2
9452; 1
9457; 2
9473; 1
9478; 2
9523; 1
9531; 2
9544; 1
9550; 2
9548; 1
9555; 2
9582; 1
9588; 2
9606; 1
9611; 2
9613; 1
9618; 2
9670; 1
9676; 2
9689; 1
9695; 2
9709; 1
9715; 2
9714; 1
9720; 2
9746; 1
9751; 2
9764; 1
9769; 2
9778; 1
9786; 2
9797; 1
9803; 2
9836; 1
9848; 2
9841; 1
9847; 2
9866; 1
9872; 2
9869; 1
9875; 2
9871; 1
9876; 2
9880; 1
9886; 2
9897; 1
9903; 2
9907; 1
9913; 2
9925; 1
9931; 2
9938; 1
9943; 2
9951; 1
9956; 2
10030; 1
10035; 2
10039; 1
10046; 2
10059; 1
10064; 2
10062; 1
10067; 2
