Sequence of timestamped events V1.0
Stream 1
Id =1
Name = Camera_1
Tbegin = 0
Tend = 10000
Count = 500
21; 1
26; 2
48; 1
54; 2
59; 1
64; 2
73; 1
79; 2
73; 1
80; 2
105; 1
112; 2
166; 1
173; 2
172; 1
177; 2
174; 1
181; 2
181; 1
186; 2
186; 1
192; 2
192; 1
199; 2
208; 1
215; 2
216; 1
223; 2
267; 1
272; 2
305; 1
312; 2
309; 1
316; 2
323; 1
328; 2
336; 1
343; 2
336; 1
347; 2
408; 1
415; 2
419; 1
424; 2
458; 1
463; 2
483; 1
488; 2
491; 1
496; 2
513; 1
519; 2
529; 1
536; 2
600; 1
607; 2
602; 1
608; 2
642; 1
648; 2
718; 1
724; 2
727; 1
732; 2
727; 1
732; 2
754; 1
764; 2
757; 1
762; 2
765; 1
770; 2
765; 1
771; 2
821; 1
826; 2
837; 1
845; 2
864; 1
869; 2
871; 1
881; 2
899; 1
906; 2
912; 1
917; 2
914; 1
918; 2
924; 1
934; 2
932; 1
939; 2
941; 1
946; 2
950; 1
956; 2
983; 1
989; 2
1030; 1
1037; 2
1047; 1
1054; 2
1078; 1
1083; 2
1139; 1
1144; 2
1162; 1
1170; 2
1163; 1
1170; 2
1169; 1
1176; 2
1203; 1
1208; 2
1219; 1
1226; 2
1257; 1
1265; 2
1309; 1
1314; 2
1323; 1
1329; 2
1343; 1
1348; 2
1349; 1
1355; 2
1372; 1
1377; 2
1372; 1
1379; 2
1374; 1
1380; 2
1387; 1
1391; 2
1397; 1
1403; 2
1428; 1
1439; 2
1445; 1
1452; 2
1460; 1
1466; 2
1463; 1
1469; 2
1476; 1
1480; 2
1478; 1
1485; 2
1492; 1
1498; 2
1499; 1
1507; 2
1536; 1
1541; 2
1576; 1
1583; 2
1584; 1
1590; 2
1608; 1
1613; 2
1667; 1
1674; 2
1684; 1
1691; 2
1715; 1
1722; 2
1759; 1
1765; 2
1781; 1
1786; 2
1798; 1
1804; 2
1836; 1
1843; 2
1837; 1
1844; 2
1870; 1
1875; 2
1909; 1
1917; 2
2018; 1
2024; 2
2038; 1
2044; 2
2050; 1
2058; 2
2068; 1
2075; 2
2140; 1
2147; 2
2157; 1
2162; 2
2159; 1
2169; 2
2165; 1
2170; 2
2178; 1
2185; 2
2179; 1
2184; 2
2180; 1
2187; 2
2191; 1
2198; 2
2193; 1
2198; 2
2267; 1
2274; 2
2316; 1
2323; 2
2321; 1
2328; 2
2345; 1
2351; 2
2352; 1
2360; 2
2364; 1
2371; 2
2377; 1
2385; 2
2400; 1
2405; 2
2428; 1
2432; 2
2431; 1
2438; 2
2466; 1
2471; 2
2500; 1
2506; 2
2506; 1
2516; 2
2516; 1
2521; 2
2528; 1
2533; 2
2576; 1
2583; 2
2578; 1
2583; 2
2608; 1
2615; 2
2614; 1
2619; 2
2626; 1
2631; 2
2639; 1
2643; 2
2670; 1
2676; 2
2673; 1
2678; 2
2683; 1
2688; 2
2709; 1
2715; 2
2742; 1
2749; 2
2754; 1
2759; 2
2755; 1
2762; 2
2764; 1
2769; 2
2769; 1
2776; 2
2784; 1
2789; 2
2784; 1
2791; 2
2790; 1
2795; 2
2797; 1
2804; 2
2816; 1
2823; 2
2824; 1
2831; 2
2847; 1
2852; 2
2904; 1
2910; 2
2920; 1
2927; 2
2941; 1
2946; 2
2947; 1
2952; 2
2957; 1
2963; 2
2959; 1
2965; 2
2983; 1
2991; 2
2989; 1
2995; 2
2990; 1
2995; 2
3055; 1
3061; 2
3087; 1
3094; 2
3112; 1
3117; 2
3127; 1
3134; 2
3138; 1
3145; 2
3148; 1
3153; 2
3170; 1
3176; 2
3189; 1
3194; 2
3228; 1
3235; 2
3243; 1
3248; 2
3263; 1
3268; 2
3283; 1
3289; 2
3307; 1
3312; 2
3329; 1
3336; 2
3348; 1
3353; 2
3348; 1
3353; 2
3368; 1
3373; 2
3368; 1
3374; 2
3376; 1
3380; 2
3395; 1
3400; 2
3417; 1
3425; 2
3427; 1
3433; 2
3440; 1
3446; 2
3488; 1
3494; 2
3492; 1
3497; 2
3502; 1
3509; 2
3513; 1
3518; 2
3613; 1
3621; 2
3651; 1
3657; 2
3652; 1
3657; 2
3668; 1
3675; 2
3703; 1
3708; 2
3705; 1
3710; 2
3709; 1
3716; 2
3723; 1
3730; 2
3765; 1
3772; 2
3766; 1
3773; 2
3769; 1
3776; 2
3770; 1
3775; 2
3803; 1
3810; 2
3838; 1
3843; 2
3842; 1
3849; 2
3864; 1
3871; 2
3920; 1
3925; 2
3949; 1
3953; 2
3956; 1
3962; 2
3961; 1
3966; 2
3979; 1
3986; 2
4081; 1
4086; 2
4103; 1
4111; 2
4139; 1
4144; 2
4160; 1
4167; 2
4166; 1
4172; 2
4207; 1
4212; 2
4217; 1
4224; 2
4218; 1
4225; 2
4249; 1
4257; 2
4256; 1
4261; 2
4285; 1
4292; 2
4335; 1
4342; 2
4340; 1
4346; 2
4344; 1
4351; 2
4363; 1
4368; 2
4374; 1
4381; 2
4383; 1
4390; 2
4396; 1
4401; 2
4419; 1
4426; 2
4462; 1
4467; 2
4469; 1
4474; 2
4512; 1
4519; 2
4513; 1
4518; 2
4558; 1
4565; 2
4603; 1
4609; 2
4608; 1
4614; 2
4614; 1
4619; 2
4669; 1
4674; 2
4687; 1
4693; 2
4693; 1
4700; 2
4704; 1
4708; 2
4717; 1
4722; 2
4718; 1
4723; 2
4739; 1
4746; 2
4747; 1
4752; 2
4772; 1
4780; 2
4788; 1
4798; 2
4800; 1
4805; 2
4802; 1
4807; 2
4814; 1
4819; 2
4829; 1
4835; 2
4841; 1
4846; 2
4855; 1
4860; 2
4886; 1
4892; 2
4891; 1
4896; 2
4905; 1
4912; 2
4935; 1
4940; 2
4946; 1
4953; 2
4987; 1
4994; 2
4997; 1
5004; 2
5053; 1
5057; 2
5060; 1
5074; 2
5093; 1
5098; 2
5096; 1
5102; 2
5097; 1
5104; 2
5139; 1
5144; 2
5167; 1
5173; 2
5227; 1
5234; 2
5238; 1
5242; 2
5257; 1
5263; 2
5258; 1
5263; 2
5268; 1
5273; 2
5277; 1
5283; 2
5303; 1
5311; 2
5313; 1
5321; 2
5351; 1
5358; 2
5358; 1
5365; 2
5382; 1
5387; 2
5394; 1
5400; 2
5403; 1
5410; 2
5430; 1
5435; 2
5449; 1
5454; 2
5486; 1
5491; 2
5492; 1
5498; 2
5493; 1
5500; 2
5504; 1
5510; 2
5540; 1
5550; 2
5561; 1
5567; 2
5568; 1
5573; 2
5574; 1
5580; 2
5575; 1
5581; 2
5590; 1
5597; 2
5631; 1
5636; 2
5666; 1
5671; 2
5679; 1
5687; 2
5681; 1
5688; 2
5703; 1
5708; 2
5712; 1
5719; 2
5789; 1
5793; 2
5806; 1
5812; 2
5834; 1
5840; 2
5845; 1
5852; 2
5886; 1
5891; 2
6006; 1
6011; 2
6006; 1
6012; 2
6022; 1
6026; 2
6050; 1
6055; 2
6059; 1
6066; 2
6066; 1
6071; 2
6083; 1
6089; 2
6105; 1
6115; 2
6134; 1
6140; 2
6136; 1
6143; 2
6145; 1
6152; 2
6145; 1
6152; 2
6204; 1
6211; 2
6211; 1
6216; 2
6223; 1
6230; 2
6231; 1
6237; 2
6242; 1
6248; 2
6255; 1
6260; 2
6256; 1
6261; 2
6259; 1
6266; 2
6289; 1
6296; 2
6309; 1
6315; 2
6353; 1
6360; 2
6390; 1
6395; 2
6401; 1
6407; 2
6431; 1
6438; 2
6530; 1
6537; 2
6537; 1
6544; 2
6540; 1
6545; 2
6549; 1
6556; 2
6554; 1
6561; 2
6558; 1
6563; 2
6560; 1
6565; 2
6571; 1
6577; 2
6588; 1
6594; 2
6601; 1
6609; 2
6611; 1
6616; 2
6628; 1
6635; 2
6706; 1
6711; 2
6713; 1
6719; 2
6713; 1
6720; 2
6765; 1
6772; 2
6785; 1
6790; 2
6785; 1
6791; 2
6795; 1
6800; 2
6830; 1
6836; 2
6884; 1
6891; 2
6891; 1
6896; 2
6897; 1
6902; 2
6916; 1
6921; 2
6924; 1
6931; 2
6940; 1
6946; 2
6965; 1
6972; 2
6992; 1
6997; 2
7013; 1
7018; 2
7047; 1
7052; 2
7057; 1
7067; 2
7063; 1
7071; 2
7078; 1
7082; 2
7083; 1
7088; 2
7096; 1
7101; 2
7112; 1
7117; 2
7131; 1
7136; 2
7133; 1
7138; 2
7160; 1
7166; 2
7185; 1
7193; 2
7224; 1
7229; 2
7228; 1
7235; 2
7254; 1
7259; 2
7258; 1
7266; 2
7273; 1
7280; 2
7282; 1
7287; 2
7287; 1
7295; 2
7314; 1
7320; 2
7329; 1
7336; 2
7348; 1
7355; 2
7352; 1
7358; 2
7358; 1
7365; 2
7505; 1
7510; 2
7520; 1
7527; 2
7537; 1
7542; 2
7541; 1
7549; 2
7545; 1
7550; 2
7554; 1
7560; 2
7554; 1
7560; 2
7555; 1
7561; 2
7587; 1
7594; 2
7599; 1
7604; 2
7599; 1
7606; 2
7613; 1
7618; 2
7614; 1
7621; 2
7618; 1
7624; 2
7637; 1
7642; 2
7639; 1
7644; 2
7658; 1
7665; 2
7695; 1
7701; 2
7706; 1
7714; 2
7714; 1
7722; 2
7717; 1
7722; 2
7722; 1
7729; 2
7738; 1
7746; 2
7744; 1
7750; 2
7760; 1
7767; 2
7784; 1
7791; 2
7800; 1
7805; 2
7812; 1
7819; 2
7835; 1
7840; 2
7902; 1
7906; 2
7985; 1
7990; 2
7989; 1
7994; 2
8001; 1
8008; 2
8040; 1
8046; 2
8094; 1
8099; 2
8144; 1
8151; 2
8221; 1
8226; 2
8243; 1
8248; 2
8259; 1
8265; 2
8261; 1
8266; 2
8262; 1
8267; 2
8268; 1
8275; 2
8269; 1
8277; 2
8286; 1
8291; 2
8291; 1
8296; 2
8302; 1
8310; 2
8338; 1
8345; 2
8417; 1
8424; 2
8417; 1
8424; 2
8443; 1
8450; 2
8451; 1
8456; 2
8485; 1
8491; 2
8518; 1
8523; 2
8536; 1
8544; 2
8556; 1
8562; 2
8556; 1
8564; 2
8565; 1
8571; 2
8571; 1
8577; 2
8588; 1
8595; 2
8655; 1
8660; 2
8658; 1
8665; 2
8694; 1
8701; 2
8700; 1
8705; 2
8717; 1
8725; 2
8751; 1
8756; 2
8761; 1
8768; 2
8762; 1
8769; 2
8785; 1
8792; 2
8786; 1
8793; 2
8810; 1
8817; 2
8813; 1
8820; 2
8851; 1
8856; 2
8868; 1
8875; 2
8873; 1
8881; 2
8900; 1
8906; 2
8901; 1
8906; 2
8911; 1
8916; 2
8915; 1
8921; 2
8916; 1
8922; 2
8921; 1
8927; 2
8939; 1
8944; 2
8957; 1
8963; 2
8978; 1
8985; 2
8992; 1
8998; 2
9034; 1
9041; 2
9051; 1
9058; 2
9053; 1
9060; 2
9075; 1
9083; 2
9093; 1
9100; 2
9113; 1
9119; 2
9119; 1
9124; 2
9120; 1
9125; 2
9144; 1
9151; 2
9177; 1
9182; 2
9178; 1
9182; 2
9202; 1
9208; 2
9274; 1
9281; 2
9288; 1
9293; 2
9311; 1
9317; 2
9326; 1
9332; 2
9332; 1
9339; 2
9400; 1
9406; 2
9421; 1
9427; 2
9441; 1
9449; 2
9476; 1
9483; 2
9479; 1
9486; 2
9517; 1
9524; 2
9557; 1
9562; 2
9564; 1
9569; 2
9605; 1
9612; 2
9624; 1
9631; 2
9649; 1
9656; 2
9652; 1
9657; 2
9694; 1
9700; 2
9696; 1
9704; 2
9712; 1
9718; 2
9722; 1
9733; 2
9740; 1
9745; 2
9784; 1
9789; 2
9801; 1
9808; 2
9812; 1
9817; 2
9815; 1
9822; 2
9822; 1
9827; 2
9832; 1
9839; 2
9842; 1
9849; 2
9860; 1
9867; 2
9894; 1
9899; 2
9902; 1
9907; 2
9967; 1
9974; 2
9978; 1
9984; 2
10007; 1
10013; 2
10010; 1
10016; 2
