Sequence of timestamped events V1.0
Stream 5
Id =5
Name = Camera_5
Tbegin = 0
Tend = 10000
Count = 500
67; 1
73; 2
90; 1
95; 2
95; 1
99; 2
115; 1
120; 2
126; 1
132; 2
158; 1
164; 2
218; 1
224; 2
219; 1
225; 2
227; 1
233; 2
227; 1
233; 2
228; 1
233; 2
250; 1
257; 2
261; 1
267; 2
269; 1
275; 2
313; 1
319; 2
362; 1
368; 2
363; 1
367; 2
363; 1
370; 2
394; 1
401; 2
428; 1
439; 2
465; 1
471; 2
466; 1
473; 2
494; 1
498; 2
529; 1
535; 2
537; 1
543; 2
555; 1
560; 2
587; 1
594; 2
644; 1
649; 2
658; 1
665; 2
684; 1
689; 2
760; 1
765; 2
773; 1
779; 2
773; 1
779; 2
801; 1
805; 2
803; 1
809; 2
807; 1
812; 2
831; 1
840; 2
861; 1
865; 2
903; 1
911; 2
910; 1
916; 2
945; 1
949; 2
948; 1
952; 2
948; 1
957; 2
957; 1
964; 2
985; 1
991; 2
987; 1
993; 2
992; 1
997; 2
1001; 1
1010; 2
1025; 1
1030; 2
1083; 1
1089; 2
1100; 1
1106; 2
1114; 1
1118; 2
1185; 1
1191; 2
1216; 1
1222; 2
1222; 1
1228; 2
1228; 1
1236; 2
1243; 1
1247; 2
1272; 1
1278; 2
1323; 1
1331; 2
1345; 1
1349; 2
1365; 1
1370; 2
1389; 1
1395; 2
1391; 1
1396; 2
1416; 1
1421; 2
1418; 1
1424; 2
1420; 1
1424; 2
1425; 1
1431; 2
1439; 1
1444; 2
1498; 1
1504; 2
1502; 1
1507; 2
1505; 1
1510; 2
1509; 1
1513; 2
1520; 1
1531; 2
1531; 1
1537; 2
1534; 1
1539; 2
1565; 1
1573; 2
1576; 1
1580; 2
1626; 1
1631; 2
1629; 1
1635; 2
1654; 1
1660; 2
1725; 1
1732; 2
1737; 1
1743; 2
1768; 1
1774; 2
1801; 1
1806; 2
1821; 1
1825; 2
1840; 1
1845; 2
1894; 1
1901; 2
1895; 1
1902; 2
1916; 1
1922; 2
1975; 1
1983; 2
2060; 1
2065; 2
2080; 1
2085; 2
2116; 1
2124; 2
2126; 1
2133; 2
2198; 1
2205; 2
2203; 1
2209; 2
2211; 1
2217; 2
2219; 1
2223; 2
2233; 1
2239; 2
2236; 1
2243; 2
2236; 1
2245; 2
2239; 1
2245; 2
2249; 1
2256; 2
2320; 1
2326; 2
2369; 1
2375; 2
2374; 1
2380; 2
2387; 1
2392; 2
2417; 1
2423; 2
2418; 1
2426; 2
2443; 1
2451; 2
2446; 1
2452; 2
2459; 1
2463; 2
2484; 1
2490; 2
2502; 1
2506; 2
2542; 1
2547; 2
2562; 1
2568; 2
2574; 1
2580; 2
2583; 1
2592; 2
2618; 1
2622; 2
2634; 1
2641; 2
2660; 1
2666; 2
2661; 1
2667; 2
2666; 1
2670; 2
2672; 1
2676; 2
2712; 1
2717; 2
2719; 1
2725; 2
2729; 1
2735; 2
2751; 1
2756; 2
2795; 1
2801; 2
2800; 1
2806; 2
2808; 1
2814; 2
2810; 1
2816; 2
2827; 1
2834; 2
2830; 1
2836; 2
2836; 1
2842; 2
2837; 1
2843; 2
2855; 1
2862; 2
2869; 1
2875; 2
2877; 1
2883; 2
2893; 1
2899; 2
2946; 1
2951; 2
2973; 1
2979; 2
2987; 1
2991; 2
2987; 1
2993; 2
2999; 1
3004; 2
3001; 1
3006; 2
3030; 1
3034; 2
3031; 1
3036; 2
3049; 1
3057; 2
3097; 1
3102; 2
3145; 1
3152; 2
3152; 1
3156; 2
3180; 1
3186; 2
3191; 1
3197; 2
3194; 1
3200; 2
3212; 1
3217; 2
3229; 1
3233; 2
3281; 1
3287; 2
3289; 1
3295; 2
3303; 1
3307; 2
3325; 1
3330; 2
3347; 1
3351; 2
3387; 1
3394; 2
3394; 1
3400; 2
3394; 1
3400; 2
3407; 1
3411; 2
3410; 1
3415; 2
3414; 1
3420; 2
3441; 1
3447; 2
3469; 1
3474; 2
3482; 1
3487; 2
3483; 1
3491; 2
3530; 1
3535; 2
3538; 1
3544; 2
3555; 1
3561; 2
3559; 1
3565; 2
3679; 1
3687; 2
3688; 1
3692; 2
3693; 1
3698; 2
3726; 1
3733; 2
3749; 1
3755; 2
3751; 1
3757; 2
3762; 1
3768; 2
3776; 1
3782; 2
3806; 1
3810; 2
3818; 1
3824; 2
3819; 1
3825; 2
3827; 1
3834; 2
3861; 1
3868; 2
3884; 1
3890; 2
3895; 1
3901; 2
3917; 1
3923; 2
3966; 1
3972; 2
3980; 1
3984; 2
3997; 1
4001; 2
3998; 1
4003; 2
4037; 1
4044; 2
4117; 1
4121; 2
4169; 1
4177; 2
4185; 1
4191; 2
4208; 1
4213; 2
4213; 1
4219; 2
4243; 1
4247; 2
4270; 1
4276; 2
4276; 1
4283; 2
4302; 1
4308; 2
4315; 1
4323; 2
4338; 1
4344; 2
4382; 1
4387; 2
4393; 1
4400; 2
4397; 1
4403; 2
4409; 1
4415; 2
4427; 1
4433; 2
4436; 1
4442; 2
4442; 1
4448; 2
4472; 1
4478; 2
4498; 1
4502; 2
4515; 1
4521; 2
4553; 1
4557; 2
4565; 1
4571; 2
4611; 1
4617; 2
4645; 1
4650; 2
4650; 1
4655; 2
4654; 1
4658; 2
4715; 1
4721; 2
4729; 1
4734; 2
4737; 1
4741; 2
4746; 1
4752; 2
4763; 1
4769; 2
4764; 1
4770; 2
4787; 1
4791; 2
4792; 1
4798; 2
4838; 1
4842; 2
4838; 1
4846; 2
4846; 1
4852; 2
4860; 1
4866; 2
4865; 1
4874; 2
4871; 1
4876; 2
4877; 1
4881; 2
4895; 1
4899; 2
4928; 1
4933; 2
4931; 1
4935; 2
4958; 1
4964; 2
4981; 1
4987; 2
5004; 1
5011; 2
5040; 1
5046; 2
5050; 1
5056; 2
5084; 1
5088; 2
5133; 1
5137; 2
5138; 1
5143; 2
5150; 1
5156; 2
5174; 1
5188; 2
5185; 1
5191; 2
5209; 1
5214; 2
5271; 1
5275; 2
5280; 1
5286; 2
5294; 1
5298; 2
5299; 1
5304; 2
5314; 1
5320; 2
5319; 1
5324; 2
5369; 1
5377; 2
5379; 1
5387; 2
5404; 1
5410; 2
5411; 1
5417; 2
5418; 1
5422; 2
5436; 1
5441; 2
5461; 1
5468; 2
5476; 1
5482; 2
5485; 1
5489; 2
5532; 1
5538; 2
5534; 1
5539; 2
5546; 1
5551; 2
5546; 1
5552; 2
5603; 1
5608; 2
5614; 1
5620; 2
5616; 1
5621; 2
5617; 1
5622; 2
5617; 1
5626; 2
5643; 1
5649; 2
5667; 1
5671; 2
5712; 1
5718; 2
5734; 1
5740; 2
5745; 1
5753; 2
5749; 1
5755; 2
5770; 1
5777; 2
5822; 1
5826; 2
5848; 1
5853; 2
5876; 1
5881; 2
5903; 1
5910; 2
5926; 1
5930; 2
6046; 1
6050; 2
6048; 1
6053; 2
6053; 1
6057; 2
6096; 1
6102; 2
6112; 1
6118; 2
6112; 1
6118; 2
6125; 1
6130; 2
6176; 1
6181; 2
6182; 1
6191; 2
6189; 1
6195; 2
6198; 1
6204; 2
6203; 1
6210; 2
6251; 1
6255; 2
6262; 1
6269; 2
6273; 1
6278; 2
6281; 1
6288; 2
6284; 1
6289; 2
6301; 1
6307; 2
6302; 1
6308; 2
6317; 1
6324; 2
6342; 1
6348; 2
6351; 1
6356; 2
6411; 1
6418; 2
6436; 1
6442; 2
6443; 1
6448; 2
6484; 1
6490; 2
6580; 1
6584; 2
6588; 1
6595; 2
6590; 1
6596; 2
6600; 1
6604; 2
6604; 1
6610; 2
6607; 1
6613; 2
6607; 1
6614; 2
6613; 1
6618; 2
6630; 1
6635; 2
6657; 1
6663; 2
6667; 1
6675; 2
6686; 1
6693; 2
6746; 1
6750; 2
6755; 1
6760; 2
6771; 1
6778; 2
6818; 1
6824; 2
6827; 1
6832; 2
6831; 1
6837; 2
6841; 1
6847; 2
6872; 1
6877; 2
6933; 1
6937; 2
6937; 1
6943; 2
6942; 1
6949; 2
6956; 1
6960; 2
6977; 1
6983; 2
6982; 1
6987; 2
7023; 1
7030; 2
7038; 1
7044; 2
7059; 1
7065; 2
7087; 1
7091; 2
7111; 1
7115; 2
7123; 1
7127; 2
7129; 1
7137; 2
7134; 1
7143; 2
7142; 1
7148; 2
7152; 1
7156; 2
7173; 1
7177; 2
7177; 1
7183; 2
7202; 1
7207; 2
7251; 1
7259; 2
7260; 1
7264; 2
7281; 1
7287; 2
7290; 1
7294; 2
7324; 1
7332; 2
7326; 1
7332; 2
7328; 1
7334; 2
7353; 1
7361; 2
7356; 1
7361; 2
7382; 1
7388; 2
7394; 1
7399; 2
7401; 1
7407; 2
7411; 1
7417; 2
7551; 1
7557; 2
7573; 1
7579; 2
7583; 1
7589; 2
7591; 1
7597; 2
7596; 1
7601; 2
7596; 1
7601; 2
7597; 1
7602; 2
7607; 1
7615; 2
7640; 1
7646; 2
7645; 1
7651; 2
7657; 1
7664; 2
7659; 1
7665; 2
7660; 1
7665; 2
7672; 1
7679; 2
7683; 1
7689; 2
7685; 1
7691; 2
7716; 1
7723; 2
7737; 1
7742; 2
7763; 1
7769; 2
7772; 1
7780; 2
7775; 1
7781; 2
7780; 1
7788; 2
7786; 1
7791; 2
7804; 1
7812; 2
7813; 1
7819; 2
7842; 1
7849; 2
7846; 1
7852; 2
7870; 1
7877; 2
7881; 1
7887; 2
7935; 1
7939; 2
8025; 1
8029; 2
8029; 1
8033; 2
8054; 1
8060; 2
8082; 1
8087; 2
8134; 1
8138; 2
8197; 1
8203; 2
8267; 1
8273; 2
8283; 1
8287; 2
8301; 1
8306; 2
8307; 1
8313; 2
8308; 1
8314; 2
8326; 1
8333; 2
8332; 1
8338; 2
8335; 1
8343; 2
8337; 1
8343; 2
8368; 1
8376; 2
8391; 1
8397; 2
8470; 1
8476; 2
8475; 1
8482; 2
8496; 1
8502; 2
8497; 1
8503; 2
8527; 1
8532; 2
8558; 1
8562; 2
8598; 1
8603; 2
8602; 1
8610; 2
8607; 1
8612; 2
8613; 1
8618; 2
8622; 1
8630; 2
8641; 1
8647; 2
8701; 1
8707; 2
8711; 1
8717; 2
8746; 1
8752; 2
8752; 1
8759; 2
8783; 1
8791; 2
8797; 1
8803; 2
8814; 1
8820; 2
8815; 1
8821; 2
8843; 1
8850; 2
8844; 1
8851; 2
8868; 1
8875; 2
8871; 1
8878; 2
8897; 1
8903; 2
8921; 1
8927; 2
8939; 1
8947; 2
8942; 1
8947; 2
8947; 1
8953; 2
8951; 1
8955; 2
8957; 1
8962; 2
8958; 1
8963; 2
8963; 1
8968; 2
8985; 1
8991; 2
8999; 1
9004; 2
9031; 1
9037; 2
9034; 1
9039; 2
9092; 1
9099; 2
9104; 1
9110; 2
9111; 1
9118; 2
9141; 1
9149; 2
9151; 1
9158; 2
9155; 1
9160; 2
9165; 1
9171; 2
9166; 1
9172; 2
9197; 1
9203; 2
9211; 1
9215; 2
9217; 1
9221; 2
9244; 1
9249; 2
9327; 1
9333; 2
9334; 1
9340; 2
9353; 1
9358; 2
9368; 1
9373; 2
9390; 1
9397; 2
9442; 1
9447; 2
9463; 1
9468; 2
9507; 1
9515; 2
9532; 1
9538; 2
9534; 1
9541; 2
9570; 1
9576; 2
9597; 1
9601; 2
9604; 1
9608; 2
9658; 1
9664; 2
9677; 1
9683; 2
9698; 1
9704; 2
9702; 1
9708; 2
9736; 1
9741; 2
9754; 1
9759; 2
9762; 1
9770; 2
9786; 1
9792; 2
9814; 1
9825; 2
9830; 1
9836; 2
9854; 1
9860; 2
9858; 1
9864; 2
9862; 1
9866; 2
9868; 1
9874; 2
9885; 1
9891; 2
9895; 1
9901; 2
9913; 1
9919; 2
9930; 1
9934; 2
9942; 1
9946; 2
10020; 1
10025; 2
10025; 1
10032; 2
10049; 1
10054; 2
10052; 1
10057; 2
