Sequence of timestamped events V1.0
Stream 7
Id =7
Name = Camera_7
Tbegin = 0
Tend = 10000
Count = 500
90; 1
95; 2
110; 1
115; 2
112; 1
116; 2
135; 1
140; 2
150; 1
157; 2
182; 1
189; 2
241; 1
246; 2
243; 1
250; 2
248; 1
253; 2
250; 1
255; 2
251; 1
258; 2
278; 1
285; 2
285; 1
292; 2
293; 1
300; 2
336; 1
341; 2
381; 1
386; 2
386; 1
393; 2
391; 1
398; 2
422; 1
429; 2
473; 1
484; 2
488; 1
493; 2
494; 1
501; 2
511; 1
515; 2
552; 1
557; 2
560; 1
565; 2
575; 1
580; 2
615; 1
622; 2
664; 1
669; 2
686; 1
693; 2
704; 1
709; 2
780; 1
785; 2
796; 1
801; 2
796; 1
801; 2
818; 1
822; 2
826; 1
831; 2
827; 1
832; 2
868; 1
878; 2
879; 1
884; 2
933; 1
938; 2
935; 1
943; 2
960; 1
964; 2
965; 1
969; 2
985; 1
992; 2
985; 1
995; 2
1009; 1
1016; 2
1010; 1
1015; 2
1012; 1
1017; 2
1038; 1
1048; 2
1045; 1
1050; 2
1107; 1
1114; 2
1124; 1
1131; 2
1131; 1
1135; 2
1208; 1
1213; 2
1240; 1
1247; 2
1246; 1
1253; 2
1260; 1
1268; 2
1261; 1
1266; 2
1296; 1
1303; 2
1355; 1
1363; 2
1362; 1
1366; 2
1385; 1
1390; 2
1411; 1
1416; 2
1412; 1
1417; 2
1436; 1
1440; 2
1436; 1
1441; 2
1441; 1
1446; 2
1449; 1
1456; 2
1459; 1
1464; 2
1522; 1
1527; 2
1522; 1
1529; 2
1525; 1
1529; 2
1525; 1
1530; 2
1554; 1
1559; 2
1555; 1
1562; 2
1565; 1
1576; 2
1594; 1
1599; 2
1597; 1
1605; 2
1646; 1
1651; 2
1653; 1
1660; 2
1677; 1
1682; 2
1753; 1
1760; 2
1761; 1
1768; 2
1792; 1
1799; 2
1821; 1
1826; 2
1839; 1
1844; 2
1860; 1
1865; 2
1922; 1
1929; 2
1923; 1
1930; 2
1939; 1
1944; 2
2007; 1
2015; 2
2080; 1
2085; 2
2100; 1
2105; 2
2148; 1
2156; 2
2154; 1
2161; 2
2226; 1
2231; 2
2226; 1
2233; 2
2234; 1
2239; 2
2237; 1
2242; 2
2257; 1
2264; 2
2262; 1
2267; 2
2264; 1
2271; 2
2273; 1
2283; 2
2277; 1
2284; 2
2344; 1
2351; 2
2393; 1
2400; 2
2398; 1
2405; 2
2407; 1
2412; 2
2441; 1
2448; 2
2450; 1
2458; 2
2469; 1
2474; 2
2474; 1
2478; 2
2475; 1
2483; 2
2508; 1
2515; 2
2519; 1
2523; 2
2562; 1
2567; 2
2585; 1
2590; 2
2597; 1
2602; 2
2620; 1
2630; 2
2636; 1
2641; 2
2662; 1
2669; 2
2683; 1
2688; 2
2684; 1
2689; 2
2685; 1
2692; 2
2688; 1
2692; 2
2732; 1
2737; 2
2742; 1
2747; 2
2752; 1
2757; 2
2771; 1
2776; 2
2819; 1
2826; 2
2823; 1
2828; 2
2832; 1
2839; 2
2833; 1
2838; 2
2853; 1
2858; 2
2855; 1
2862; 2
2859; 1
2864; 2
2861; 1
2868; 2
2883; 1
2890; 2
2893; 1
2900; 2
2901; 1
2908; 2
2916; 1
2921; 2
2966; 1
2971; 2
2997; 1
3004; 2
3005; 1
3010; 2
3010; 1
3015; 2
3019; 1
3024; 2
3021; 1
3026; 2
3048; 1
3053; 2
3051; 1
3056; 2
3081; 1
3089; 2
3117; 1
3122; 2
3170; 1
3175; 2
3173; 1
3180; 2
3204; 1
3211; 2
3215; 1
3222; 2
3217; 1
3222; 2
3232; 1
3237; 2
3247; 1
3252; 2
3305; 1
3312; 2
3312; 1
3317; 2
3321; 1
3326; 2
3345; 1
3350; 2
3365; 1
3370; 2
3415; 1
3422; 2
3417; 1
3422; 2
3417; 1
3422; 2
3422; 1
3426; 2
3430; 1
3435; 2
3437; 1
3442; 2
3464; 1
3469; 2
3489; 1
3494; 2
3502; 1
3507; 2
3515; 1
3523; 2
3550; 1
3555; 2
3561; 1
3566; 2
3579; 1
3586; 2
3582; 1
3587; 2
3705; 1
3709; 2
3711; 1
3719; 2
3713; 1
3718; 2
3754; 1
3761; 2
3772; 1
3777; 2
3774; 1
3779; 2
3786; 1
3793; 2
3800; 1
3807; 2
3823; 1
3827; 2
3842; 1
3849; 2
3843; 1
3850; 2
3855; 1
3862; 2
3889; 1
3896; 2
3907; 1
3912; 2
3919; 1
3926; 2
3941; 1
3948; 2
3989; 1
3994; 2
3995; 1
3999; 2
4014; 1
4018; 2
4018; 1
4023; 2
4065; 1
4072; 2
4134; 1
4138; 2
4201; 1
4209; 2
4208; 1
4213; 2
4228; 1
4233; 2
4237; 1
4244; 2
4260; 1
4264; 2
4294; 1
4301; 2
4304; 1
4311; 2
4325; 1
4330; 2
4347; 1
4355; 2
4362; 1
4369; 2
4402; 1
4407; 2
4421; 1
4428; 2
4421; 1
4428; 2
4432; 1
4437; 2
4451; 1
4458; 2
4460; 1
4467; 2
4465; 1
4470; 2
4496; 1
4503; 2
4515; 1
4519; 2
4538; 1
4543; 2
4571; 1
4576; 2
4589; 1
4596; 2
4635; 1
4642; 2
4665; 1
4670; 2
4670; 1
4675; 2
4672; 1
4677; 2
4738; 1
4743; 2
4749; 1
4754; 2
4753; 1
4757; 2
4770; 1
4777; 2
4786; 1
4791; 2
4787; 1
4792; 2
4805; 1
4810; 2
4816; 1
4823; 2
4855; 1
4859; 2
4869; 1
4874; 2
4870; 1
4878; 2
4883; 1
4888; 2
4891; 1
4896; 2
4894; 1
4898; 2
4902; 1
4912; 2
4913; 1
4918; 2
4948; 1
4953; 2
4949; 1
4954; 2
4982; 1
4989; 2
5004; 1
5009; 2
5032; 1
5039; 2
5064; 1
5071; 2
5074; 1
5081; 2
5099; 1
5103; 2
5151; 1
5156; 2
5158; 1
5163; 2
5174; 1
5181; 2
5208; 1
5213; 2
5229; 1
5234; 2
5230; 1
5244; 2
5287; 1
5291; 2
5304; 1
5311; 2
5311; 1
5315; 2
5319; 1
5324; 2
5337; 1
5342; 2
5339; 1
5344; 2
5401; 1
5409; 2
5411; 1
5419; 2
5428; 1
5435; 2
5435; 1
5439; 2
5435; 1
5442; 2
5456; 1
5461; 2
5489; 1
5496; 2
5499; 1
5504; 2
5502; 1
5506; 2
5554; 1
5559; 2
5555; 1
5560; 2
5566; 1
5571; 2
5570; 1
5577; 2
5623; 1
5628; 2
5636; 1
5641; 2
5637; 1
5642; 2
5637; 1
5642; 2
5654; 1
5664; 2
5667; 1
5674; 2
5684; 1
5688; 2
5735; 1
5740; 2
5758; 1
5765; 2
5772; 1
5777; 2
5777; 1
5785; 2
5798; 1
5805; 2
5838; 1
5842; 2
5868; 1
5873; 2
5896; 1
5901; 2
5931; 1
5938; 2
5944; 1
5949; 2
6064; 1
6069; 2
6068; 1
6072; 2
6068; 1
6073; 2
6119; 1
6124; 2
6135; 1
6140; 2
6136; 1
6143; 2
6145; 1
6150; 2
6196; 1
6201; 2
6213; 1
6220; 2
6219; 1
6229; 2
6222; 1
6229; 2
6231; 1
6238; 2
6269; 1
6274; 2
6290; 1
6297; 2
6293; 1
6298; 2
6304; 1
6309; 2
6309; 1
6316; 2
6324; 1
6329; 2
6325; 1
6330; 2
6345; 1
6352; 2
6366; 1
6373; 2
6371; 1
6376; 2
6439; 1
6446; 2
6459; 1
6464; 2
6463; 1
6468; 2
6508; 1
6515; 2
6598; 1
6603; 2
6614; 1
6621; 2
6616; 1
6623; 2
6618; 1
6623; 2
6627; 1
6632; 2
6631; 1
6638; 2
6633; 1
6638; 2
6635; 1
6642; 2
6650; 1
6655; 2
6680; 1
6685; 2
6699; 1
6707; 2
6714; 1
6721; 2
6764; 1
6769; 2
6775; 1
6780; 2
6799; 1
6806; 2
6842; 1
6849; 2
6847; 1
6852; 2
6854; 1
6859; 2
6864; 1
6869; 2
6892; 1
6897; 2
6950; 1
6954; 2
6960; 1
6965; 2
6970; 1
6977; 2
6974; 1
6979; 2
7001; 1
7008; 2
7002; 1
7007; 2
7051; 1
7058; 2
7061; 1
7066; 2
7082; 1
7087; 2
7105; 1
7110; 2
7127; 1
7131; 2
7141; 1
7146; 2
7161; 1
7169; 2
7165; 1
7170; 2
7170; 1
7175; 2
7171; 1
7181; 2
7191; 1
7196; 2
7200; 1
7205; 2
7222; 1
7227; 2
7277; 1
7281; 2
7283; 1
7291; 2
7305; 1
7312; 2
7307; 1
7311; 2
7350; 1
7357; 2
7351; 1
7356; 2
7356; 1
7364; 2
7376; 1
7381; 2
7385; 1
7393; 2
7406; 1
7413; 2
7414; 1
7419; 2
7425; 1
7432; 2
7435; 1
7442; 2
7574; 1
7579; 2
7597; 1
7604; 2
7606; 1
7611; 2
7614; 1
7619; 2
7616; 1
7621; 2
7616; 1
7621; 2
7617; 1
7622; 2
7639; 1
7647; 2
7664; 1
7671; 2
7668; 1
7673; 2
7680; 1
7685; 2
7682; 1
7687; 2
7685; 1
7692; 2
7700; 1
7707; 2
7706; 1
7711; 2
7708; 1
7713; 2
7744; 1
7751; 2
7757; 1
7762; 2
7786; 1
7791; 2
7799; 1
7806; 2
7804; 1
7812; 2
7806; 1
7811; 2
7812; 1
7820; 2
7836; 1
7844; 2
7837; 1
7844; 2
7869; 1
7874; 2
7870; 1
7877; 2
7898; 1
7905; 2
7904; 1
7909; 2
7951; 1
7955; 2
8043; 1
8048; 2
8047; 1
8052; 2
8078; 1
8085; 2
8102; 1
8107; 2
8152; 1
8157; 2
8221; 1
8228; 2
8290; 1
8295; 2
8301; 1
8306; 2
8321; 1
8326; 2
8330; 1
8335; 2
8331; 1
8336; 2
8354; 1
8361; 2
8355; 1
8360; 2
8360; 1
8365; 2
8367; 1
8375; 2
8400; 1
8408; 2
8415; 1
8422; 2
8494; 1
8501; 2
8503; 1
8510; 2
8520; 1
8525; 2
8520; 1
8527; 2
8547; 1
8552; 2
8576; 1
8581; 2
8618; 1
8623; 2
8627; 1
8632; 2
8633; 1
8638; 2
8634; 1
8642; 2
8654; 1
8662; 2
8665; 1
8672; 2
8724; 1
8729; 2
8735; 1
8742; 2
8769; 1
8774; 2
8780; 1
8787; 2
8815; 1
8823; 2
8820; 1
8825; 2
8838; 1
8845; 2
8839; 1
8846; 2
8871; 1
8878; 2
8872; 1
8879; 2
8896; 1
8903; 2
8899; 1
8906; 2
8920; 1
8925; 2
8945; 1
8952; 2
8962; 1
8967; 2
8969; 1
8974; 2
8970; 1
8975; 2
8971; 1
8979; 2
8977; 1
8982; 2
8978; 1
8983; 2
8983; 1
8988; 2
9008; 1
9013; 2
9019; 1
9024; 2
9054; 1
9059; 2
9055; 1
9062; 2
9120; 1
9127; 2
9128; 1
9135; 2
9139; 1
9146; 2
9173; 1
9181; 2
9175; 1
9180; 2
9179; 1
9186; 2
9188; 1
9193; 2
9189; 1
9194; 2
9221; 1
9228; 2
9227; 1
9231; 2
9235; 1
9240; 2
9264; 1
9269; 2
9351; 1
9358; 2
9357; 1
9362; 2
9373; 1
9378; 2
9388; 1
9393; 2
9418; 1
9425; 2
9462; 1
9467; 2
9483; 1
9488; 2
9539; 1
9547; 2
9556; 1
9563; 2
9562; 1
9569; 2
9594; 1
9601; 2
9615; 1
9620; 2
9622; 1
9627; 2
9682; 1
9689; 2
9701; 1
9708; 2
9721; 1
9726; 2
9726; 1
9733; 2
9756; 1
9761; 2
9774; 1
9779; 2
9794; 1
9802; 2
9809; 1
9814; 2
9853; 1
9858; 2
9859; 1
9870; 2
9878; 1
9885; 2
9880; 1
9885; 2
9881; 1
9886; 2
9892; 1
9899; 2
9909; 1
9916; 2
9919; 1
9926; 2
9937; 1
9944; 2
9947; 1
9951; 2
9960; 1
9965; 2
10040; 1
10045; 2
10053; 1
10060; 2
10069; 1
10074; 2
10072; 1
10077; 2
