Sequence of timestamped events V1.0
Stream 0
Id =0
Name = Camera_0
Tbegin = 0
Tend = 10000
Count = 500
10; 1
15; 2
38; 1
43; 2
51; 1
55; 2
61; 1
67; 2
63; 1
68; 2
93; 1
99; 2
154; 1
160; 2
161; 1
166; 2
162; 1
168; 2
170; 1
175; 2
176; 1
181; 2
178; 1
185; 2
196; 1
202; 2
204; 1
210; 2
256; 1
261; 2
291; 1
298; 2
297; 1
303; 2
314; 1
319; 2
314; 1
325; 2
322; 1
329; 2
394; 1
401; 2
408; 1
413; 2
450; 1
454; 2
472; 1
477; 2
480; 1
485; 2
503; 1
508; 2
515; 1
522; 2
586; 1
593; 2
592; 1
597; 2
632; 1
637; 2
708; 1
713; 2
716; 1
721; 2
716; 1
721; 2
736; 1
745; 2
746; 1
751; 2
755; 1
760; 2
757; 1
761; 2
812; 1
817; 2
821; 1
829; 2
853; 1
858; 2
853; 1
862; 2
885; 1
892; 2
904; 1
908; 2
906; 1
915; 2
907; 1
910; 2
920; 1
926; 2
930; 1
935; 2
940; 1
945; 2
973; 1
978; 2
1018; 1
1024; 2
1035; 1
1041; 2
1070; 1
1074; 2
1128; 1
1133; 2
1146; 1
1154; 2
1151; 1
1157; 2
1157; 1
1163; 2
1194; 1
1199; 2
1207; 1
1213; 2
1241; 1
1249; 2
1301; 1
1305; 2
1313; 1
1318; 2
1332; 1
1337; 2
1339; 1
1344; 2
1360; 1
1366; 2
1361; 1
1366; 2
1364; 1
1369; 2
1379; 1
1383; 2
1387; 1
1392; 2
1406; 1
1417; 2
1433; 1
1439; 2
1450; 1
1455; 2
1453; 1
1458; 2
1466; 1
1472; 2
1468; 1
1472; 2
1482; 1
1487; 2
1483; 1
1491; 2
1527; 1
1532; 2
1564; 1
1570; 2
1574; 1
1579; 2
1597; 1
1602; 2
1653; 1
1660; 2
1672; 1
1678; 2
1703; 1
1709; 2
1749; 1
1754; 2
1772; 1
1777; 2
1788; 1
1793; 2
1822; 1
1829; 2
1823; 1
1830; 2
1859; 1
1864; 2
1893; 1
1901; 2
2008; 1
2013; 2
2028; 1
2033; 2
2034; 1
2042; 2
2054; 1
2061; 2
2126; 1
2133; 2
2141; 1
2150; 2
2146; 1
2151; 2
2154; 1
2159; 2
2164; 1
2171; 2
2168; 1
2174; 2
2170; 1
2175; 2
2177; 1
2184; 2
2182; 1
2187; 2
2255; 1
2261; 2
2304; 1
2310; 2
2309; 1
2315; 2
2335; 1
2340; 2
2336; 1
2344; 2
2352; 1
2358; 2
2361; 1
2369; 2
2389; 1
2394; 2
2419; 1
2425; 2
2421; 1
2424; 2
2458; 1
2462; 2
2488; 1
2497; 2
2490; 1
2495; 2
2505; 1
2510; 2
2517; 1
2522; 2
2562; 1
2569; 2
2569; 1
2574; 2
2596; 1
2602; 2
2603; 1
2608; 2
2617; 1
2622; 2
2631; 1
2635; 2
2660; 1
2665; 2
2662; 1
2667; 2
2672; 1
2677; 2
2699; 1
2704; 2
2730; 1
2736; 2
2743; 1
2748; 2
2743; 1
2749; 2
2753; 1
2758; 2
2755; 1
2762; 2
2772; 1
2778; 2
2773; 1
2778; 2
2779; 1
2784; 2
2783; 1
2790; 2
2804; 1
2810; 2
2812; 1
2818; 2
2836; 1
2841; 2
2894; 1
2899; 2
2908; 1
2914; 2
2930; 1
2935; 2
2938; 1
2943; 2
2947; 1
2952; 2
2949; 1
2954; 2
2967; 1
2975; 2
2979; 1
2984; 2
2981; 1
2986; 2
3045; 1
3050; 2
3073; 1
3080; 2
3103; 1
3108; 2
3115; 1
3121; 2
3126; 1
3132; 2
3137; 1
3142; 2
3160; 1
3165; 2
3180; 1
3185; 2
3216; 1
3222; 2
3232; 1
3237; 2
3254; 1
3259; 2
3273; 1
3278; 2
3298; 1
3303; 2
3315; 1
3322; 2
3337; 1
3342; 2
3337; 1
3342; 2
3357; 1
3362; 2
3358; 1
3363; 2
3369; 1
3372; 2
3384; 1
3389; 2
3401; 1
3409; 2
3417; 1
3422; 2
3430; 1
3435; 2
3478; 1
3483; 2
3481; 1
3486; 2
3490; 1
3496; 2
3502; 1
3507; 2
3597; 1
3605; 2
3641; 1
3646; 2
3644; 1
3648; 2
3654; 1
3661; 2
3692; 1
3697; 2
3694; 1
3699; 2
3697; 1
3703; 2
3711; 1
3717; 2
3753; 1
3759; 2
3754; 1
3760; 2
3755; 1
3762; 2
3762; 1
3766; 2
3789; 1
3796; 2
3827; 1
3832; 2
3830; 1
3836; 2
3852; 1
3858; 2
3909; 1
3914; 2
3942; 1
3945; 2
3946; 1
3951; 2
3953; 1
3957; 2
3965; 1
3972; 2
4073; 1
4077; 2
4087; 1
4095; 2
4128; 1
4133; 2
4148; 1
4154; 2
4156; 1
4161; 2
4199; 1
4203; 2
4204; 1
4211; 2
4205; 1
4211; 2
4233; 1
4241; 2
4245; 1
4250; 2
4273; 1
4279; 2
4321; 1
4328; 2
4330; 1
4335; 2
4332; 1
4338; 2
4352; 1
4357; 2
4362; 1
4368; 2
4371; 1
4377; 2
4385; 1
4390; 2
4407; 1
4413; 2
4454; 1
4458; 2
4458; 1
4463; 2
4500; 1
4506; 2
4504; 1
4509; 2
4546; 1
4552; 2
4593; 1
4598; 2
4598; 1
4603; 2
4605; 1
4610; 2
4658; 1
4663; 2
4677; 1
4682; 2
4681; 1
4687; 2
4696; 1
4700; 2
4706; 1
4711; 2
4707; 1
4712; 2
4727; 1
4733; 2
4738; 1
4743; 2
4756; 1
4764; 2
4770; 1
4779; 2
4789; 1
4794; 2
4794; 1
4798; 2
4803; 1
4808; 2
4819; 1
4824; 2
4833; 1
4837; 2
4846; 1
4851; 2
4876; 1
4881; 2
4882; 1
4887; 2
4893; 1
4899; 2
4924; 1
4929; 2
4932; 1
4939; 2
4975; 1
4981; 2
4985; 1
4991; 2
5032; 1
5046; 2
5046; 1
5049; 2
5084; 1
5089; 2
5085; 1
5091; 2
5086; 1
5091; 2
5128; 1
5133; 2
5157; 1
5162; 2
5215; 1
5221; 2
5230; 1
5234; 2
5247; 1
5252; 2
5250; 1
5254; 2
5257; 1
5262; 2
5267; 1
5272; 2
5287; 1
5295; 2
5297; 1
5305; 2
5339; 1
5345; 2
5346; 1
5352; 2
5374; 1
5378; 2
5384; 1
5389; 2
5389; 1
5396; 2
5419; 1
5424; 2
5441; 1
5445; 2
5475; 1
5480; 2
5481; 1
5487; 2
5482; 1
5487; 2
5494; 1
5499; 2
5522; 1
5531; 2
5551; 1
5556; 2
5557; 1
5562; 2
5564; 1
5569; 2
5565; 1
5570; 2
5578; 1
5584; 2
5623; 1
5627; 2
5655; 1
5660; 2
5663; 1
5671; 2
5669; 1
5675; 2
5692; 1
5697; 2
5698; 1
5705; 2
5781; 1
5785; 2
5796; 1
5801; 2
5824; 1
5829; 2
5831; 1
5838; 2
5877; 1
5882; 2
5996; 1
6001; 2
5997; 1
6002; 2
6015; 1
6018; 2
6039; 1
6044; 2
6047; 1
6053; 2
6055; 1
6060; 2
6073; 1
6078; 2
6087; 1
6096; 2
6124; 1
6129; 2
6124; 1
6130; 2
6131; 1
6138; 2
6133; 1
6139; 2
6190; 1
6197; 2
6202; 1
6207; 2
6209; 1
6216; 2
6221; 1
6226; 2
6232; 1
6237; 2
6244; 1
6249; 2
6245; 1
6250; 2
6245; 1
6252; 2
6277; 1
6283; 2
6299; 1
6304; 2
6339; 1
6346; 2
6379; 1
6384; 2
6391; 1
6396; 2
6419; 1
6425; 2
6516; 1
6523; 2
6525; 1
6531; 2
6531; 1
6536; 2
6535; 1
6542; 2
6542; 1
6548; 2
6547; 1
6552; 2
6551; 1
6556; 2
6561; 1
6566; 2
6578; 1
6583; 2
6585; 1
6593; 2
6600; 1
6605; 2
6614; 1
6621; 2
6697; 1
6702; 2
6699; 1
6706; 2
6703; 1
6708; 2
6753; 1
6759; 2
6774; 1
6779; 2
6775; 1
6780; 2
6784; 1
6789; 2
6820; 1
6825; 2
6870; 1
6877; 2
6880; 1
6885; 2
6889; 1
6893; 2
6907; 1
6912; 2
6912; 1
6918; 2
6930; 1
6935; 2
6951; 1
6958; 2
6981; 1
6986; 2
7002; 1
7007; 2
7038; 1
7043; 2
7039; 1
7048; 2
7047; 1
7055; 2
7070; 1
7074; 2
7074; 1
7079; 2
7085; 1
7090; 2
7103; 1
7108; 2
7120; 1
7125; 2
7124; 1
7129; 2
7150; 1
7155; 2
7169; 1
7177; 2
7216; 1
7220; 2
7216; 1
7222; 2
7242; 1
7250; 2
7246; 1
7250; 2
7261; 1
7267; 2
7271; 1
7276; 2
7271; 1
7279; 2
7304; 1
7309; 2
7317; 1
7323; 2
7336; 1
7342; 2
7342; 1
7347; 2
7346; 1
7352; 2
7494; 1
7499; 2
7508; 1
7514; 2
7525; 1
7533; 2
7526; 1
7531; 2
7534; 1
7539; 2
7544; 1
7549; 2
7544; 1
7549; 2
7545; 1
7550; 2
7575; 1
7581; 2
7585; 1
7592; 2
7588; 1
7593; 2
7600; 1
7607; 2
7602; 1
7607; 2
7608; 1
7613; 2
7626; 1
7631; 2
7628; 1
7633; 2
7644; 1
7651; 2
7685; 1
7690; 2
7690; 1
7698; 2
7698; 1
7706; 2
7706; 1
7711; 2
7710; 1
7716; 2
7722; 1
7730; 2
7734; 1
7739; 2
7748; 1
7754; 2
7770; 1
7777; 2
7789; 1
7794; 2
7798; 1
7805; 2
7824; 1
7829; 2
7894; 1
7898; 2
7976; 1
7981; 2
7980; 1
7985; 2
7989; 1
7995; 2
8030; 1
8035; 2
8085; 1
8090; 2
8132; 1
8138; 2
8210; 1
8215; 2
8234; 1
8239; 2
8249; 1
8254; 2
8250; 1
8255; 2
8251; 1
8256; 2
8253; 1
8261; 2
8254; 1
8261; 2
8275; 1
8280; 2
8280; 1
8285; 2
8286; 1
8294; 2
8326; 1
8332; 2
8403; 1
8410; 2
8405; 1
8411; 2
8431; 1
8437; 2
8440; 1
8445; 2
8475; 1
8480; 2
8509; 1
8514; 2
8520; 1
8528; 2
8540; 1
8548; 2
8546; 1
8551; 2
8555; 1
8560; 2
8561; 1
8566; 2
8576; 1
8582; 2
8644; 1
8649; 2
8646; 1
8652; 2
8680; 1
8687; 2
8689; 1
8694; 2
8701; 1
8709; 2
8740; 1
8745; 2
8749; 1
8755; 2
8750; 1
8756; 2
8771; 1
8778; 2
8772; 1
8779; 2
8796; 1
8803; 2
8799; 1
8806; 2
8840; 1
8845; 2
8856; 1
8862; 2
8857; 1
8865; 2
8890; 1
8895; 2
8890; 1
8895; 2
8902; 1
8907; 2
8905; 1
8910; 2
8906; 1
8911; 2
8911; 1
8916; 2
8928; 1
8933; 2
8947; 1
8952; 2
8966; 1
8972; 2
8982; 1
8987; 2
9020; 1
9027; 2
9039; 1
9045; 2
9039; 1
9046; 2
9059; 1
9067; 2
9079; 1
9086; 2
9103; 1
9108; 2
9108; 1
9113; 2
9109; 1
9114; 2
9132; 1
9138; 2
9168; 1
9173; 2
9170; 1
9174; 2
9192; 1
9197; 2
9262; 1
9268; 2
9277; 1
9282; 2
9301; 1
9306; 2
9316; 1
9321; 2
9318; 1
9325; 2
9390; 1
9395; 2
9411; 1
9416; 2
9425; 1
9433; 2
9462; 1
9469; 2
9467; 1
9473; 2
9505; 1
9511; 2
9548; 1
9553; 2
9555; 1
9560; 2
9593; 1
9599; 2
9612; 1
9618; 2
9637; 1
9643; 2
9641; 1
9646; 2
9680; 1
9688; 2
9684; 1
9689; 2
9700; 1
9711; 2
9702; 1
9707; 2
9729; 1
9734; 2
9773; 1
9778; 2
9789; 1
9795; 2
9801; 1
9806; 2
9803; 1
9809; 2
9813; 1
9818; 2
9820; 1
9826; 2
9830; 1
9836; 2
9848; 1
9854; 2
9886; 1
9890; 2
9893; 1
9898; 2
9953; 1
9960; 2
9968; 1
9973; 2
9997; 1
10002; 2
10000; 1
10005; 2
