Sequence of timestamped events V1.0
Stream 0
Id =0
Name = Camera_0
Tbegin = 0
Tend = 10000
Count = 500
7; 1
12; 2
104; 1
110; 2
113; 1
118; 2
120; 1
126; 2
122; 1
127; 2
146; 1
152; 2
156; 1
161; 2
189; 1
194; 2
218; 1
223; 2
243; 1
248; 2
246; 1
252; 2
272; 1
278; 2
282; 1
288; 2
307; 1
312; 2
370; 1
375; 2
393; 1
399; 2
396; 1
401; 2
420; 1
426; 2
434; 1
439; 2
462; 1
469; 2
480; 1
485; 2
490; 1
496; 2
504; 1
509; 2
549; 1
555; 2
559; 1
564; 2
571; 1
577; 2
593; 1
598; 2
660; 1
665; 2
673; 1
678; 2
690; 1
696; 2
731; 1
736; 2
733; 1
738; 2
745; 1
750; 2
767; 1
772; 2
782; 1
787; 2
782; 1
790; 2
801; 1
807; 2
842; 1
847; 2
901; 1
907; 2
902; 1
907; 2
935; 1
940; 2
936; 1
942; 2
939; 1
945; 2
941; 1
946; 2
971; 1
976; 2
1000; 1
1005; 2
1016; 1
1021; 2
1024; 1
1029; 2
1050; 1
1055; 2
1054; 1
1059; 2
1126; 1
1131; 2
1136; 1
1141; 2
1182; 1
1188; 2
1198; 1
1203; 2
1205; 1
1210; 2
1220; 1
1226; 2
1254; 1
1259; 2
1256; 1
1262; 2
1261; 1
1266; 2
1287; 1
1292; 2
1304; 1
1309; 2
1320; 1
1325; 2
1349; 1
1355; 2
1366; 1
1371; 2
1386; 1
1391; 2
1405; 1
1411; 2
1411; 1
1416; 2
1440; 1
1445; 2
1441; 1
1446; 2
1442; 1
1447; 2
1458; 1
1463; 2
1472; 1
1477; 2
1478; 1
1484; 2
1506; 1
1511; 2
1523; 1
1528; 2
1523; 1
1528; 2
1534; 1
1539; 2
1539; 1
1545; 2
1561; 1
1566; 2
1646; 1
1651; 2
1676; 1
1681; 2
1684; 1
1689; 2
1698; 1
1703; 2
1699; 1
1704; 2
1703; 1
1708; 2
1744; 1
1749; 2
1803; 1
1808; 2
1816; 1
1822; 2
1845; 1
1850; 2
1869; 1
1874; 2
1926; 1
1931; 2
1953; 1
1959; 2
2041; 1
2047; 2
2162; 1
2167; 2
2169; 1
2174; 2
2171; 1
2176; 2
2172; 1
2177; 2
2212; 1
2217; 2
2254; 1
2259; 2
2257; 1
2262; 2
2295; 1
2301; 2
2306; 1
2311; 2
2335; 1
2340; 2
2338; 1
2343; 2
2340; 1
2345; 2
2371; 1
2376; 2
2420; 1
2425; 2
2465; 1
2470; 2
2555; 1
2560; 2
2556; 1
2562; 2
2561; 1
2566; 2
2570; 1
2575; 2
2620; 1
2625; 2
2628; 1
2633; 2
2632; 1
2639; 2
2634; 1
2639; 2
2662; 1
2667; 2
2681; 1
2686; 2
2702; 1
2707; 2
2706; 1
2712; 2
2745; 1
2750; 2
2765; 1
2770; 2
2834; 1
2839; 2
2860; 1
2865; 2
2879; 1
2885; 2
2936; 1
2941; 2
2982; 1
2987; 2
3007; 1
3012; 2
3075; 1
3080; 2
3087; 1
3093; 2
3094; 1
3101; 2
3108; 1
3113; 2
3118; 1
3124; 2
3129; 1
3134; 2
3166; 1
3173; 2
3169; 1
3175; 2
3188; 1
3193; 2
3193; 1
3198; 2
3203; 1
3208; 2
3240; 1
3247; 2
3254; 1
3261; 2
3255; 1
3262; 2
3256; 1
3261; 2
3268; 1
3273; 2
3295; 1
3300; 2
3358; 1
3363; 2
3365; 1
3371; 2
3383; 1
3390; 2
3387; 1
3392; 2
3388; 1
3393; 2
3389; 1
3394; 2
3392; 1
3397; 2
3398; 1
3403; 2
3400; 1
3405; 2
3415; 1
3420; 2
3444; 1
3451; 2
3451; 1
3457; 2
3493; 1
3498; 2
3503; 1
3508; 2
3508; 1
3513; 2
3513; 1
3518; 2
3525; 1
3530; 2
3529; 1
3534; 2
3561; 1
3566; 2
3577; 1
3582; 2
3595; 1
3600; 2
3618; 1
3624; 2
3643; 1
3649; 2
3647; 1
3653; 2
3711; 1
3716; 2
3712; 1
3717; 2
3727; 1
3733; 2
3737; 1
3742; 2
3800; 1
3805; 2
3803; 1
3810; 2
3830; 1
3835; 2
3836; 1
3841; 2
3862; 1
3868; 2
3927; 1
3932; 2
3928; 1
3934; 2
3956; 1
3961; 2
3957; 1
3963; 2
3976; 1
3981; 2
3980; 1
3985; 2
4052; 1
4057; 2
4059; 1
4064; 2
4064; 1
4069; 2
4086; 1
4092; 2
4102; 1
4107; 2
4104; 1
4109; 2
4121; 1
4126; 2
4143; 1
4148; 2
4178; 1
4183; 2
4184; 1
4189; 2
4188; 1
4194; 2
4200; 1
4205; 2
4217; 1
4223; 2
4243; 1
4248; 2
4307; 1
4312; 2
4332; 1
4338; 2
4363; 1
4368; 2
4366; 1
4372; 2
4375; 1
4380; 2
4424; 1
4429; 2
4455; 1
4460; 2
4461; 1
4466; 2
4518; 1
4523; 2
4578; 1
4584; 2
4609; 1
4614; 2
4639; 1
4644; 2
4644; 1
4649; 2
4653; 1
4658; 2
4668; 1
4673; 2
4676; 1
4681; 2
4689; 1
4694; 2
4690; 1
4695; 2
4694; 1
4699; 2
4800; 1
4805; 2
4841; 1
4846; 2
4847; 1
4852; 2
4865; 1
4870; 2
4866; 1
4872; 2
4872; 1
4877; 2
4888; 1
4893; 2
4890; 1
4895; 2
4904; 1
4911; 2
4910; 1
4915; 2
4916; 1
4921; 2
4955; 1
4961; 2
4988; 1
4994; 2
5010; 1
5015; 2
5011; 1
5016; 2
5015; 1
5022; 2
5028; 1
5033; 2
5048; 1
5053; 2
5059; 1
5064; 2
5129; 1
5134; 2
5139; 1
5144; 2
5150; 1
5155; 2
5211; 1
5216; 2
5270; 1
5275; 2
5287; 1
5293; 2
5287; 1
5293; 2
5292; 1
5297; 2
5295; 1
5302; 2
5365; 1
5371; 2
5419; 1
5424; 2
5438; 1
5445; 2
5468; 1
5473; 2
5535; 1
5541; 2
5561; 1
5567; 2
5568; 1
5573; 2
5589; 1
5594; 2
5603; 1
5608; 2
5617; 1
5622; 2
5625; 1
5630; 2
5644; 1
5649; 2
5683; 1
5688; 2
5730; 1
5736; 2
5790; 1
5795; 2
5794; 1
5799; 2
5861; 1
5866; 2
5882; 1
5887; 2
5888; 1
5893; 2
5921; 1
5926; 2
5929; 1
5934; 2
5932; 1
5938; 2
5948; 1
5954; 2
5986; 1
5991; 2
6024; 1
6029; 2
6038; 1
6043; 2
6066; 1
6071; 2
6068; 1
6073; 2
6073; 1
6078; 2
6076; 1
6081; 2
6089; 1
6094; 2
6110; 1
6116; 2
6125; 1
6131; 2
6131; 1
6136; 2
6150; 1
6155; 2
6156; 1
6161; 2
6179; 1
6184; 2
6205; 1
6211; 2
6216; 1
6222; 2
6291; 1
6296; 2
6295; 1
6300; 2
6307; 1
6313; 2
6337; 1
6344; 2
6350; 1
6355; 2
6355; 1
6360; 2
6358; 1
6364; 2
6362; 1
6367; 2
6390; 1
6395; 2
6393; 1
6398; 2
6411; 1
6416; 2
6411; 1
6416; 2
6426; 1
6431; 2
6432; 1
6437; 2
6454; 1
6459; 2
6495; 1
6500; 2
6534; 1
6540; 2
6538; 1
6544; 2
6561; 1
6566; 2
6565; 1
6570; 2
6573; 1
6578; 2
6574; 1
6580; 2
6580; 1
6585; 2
6589; 1
6594; 2
6612; 1
6617; 2
6618; 1
6625; 2
6619; 1
6626; 2
6623; 1
6629; 2
6636; 1
6643; 2
6663; 1
6669; 2
6687; 1
6692; 2
6692; 1
6698; 2
6701; 1
6706; 2
6756; 1
6761; 2
6761; 1
6766; 2
6776; 1
6781; 2
6804; 1
6810; 2
6819; 1
6824; 2
6868; 1
6873; 2
6882; 1
6887; 2
6887; 1
6892; 2
6896; 1
6901; 2
6904; 1
6909; 2
6905; 1
6910; 2
6933; 1
6939; 2
6943; 1
6950; 2
6946; 1
6953; 2
6992; 1
6997; 2
7005; 1
7010; 2
7017; 1
7022; 2
7034; 1
7040; 2
7069; 1
7074; 2
7077; 1
7082; 2
7081; 1
7086; 2
7094; 1
7100; 2
7105; 1
7111; 2
7106; 1
7111; 2
7107; 1
7112; 2
7170; 1
7175; 2
7175; 1
7180; 2
7213; 1
7218; 2
7263; 1
7268; 2
7293; 1
7299; 2
7295; 1
7301; 2
7312; 1
7317; 2
7322; 1
7327; 2
7324; 1
7331; 2
7408; 1
7413; 2
7411; 1
7416; 2
7423; 1
7428; 2
7431; 1
7436; 2
7437; 1
7443; 2
7439; 1
7444; 2
7443; 1
7448; 2
7471; 1
7477; 2
7473; 1
7478; 2
7519; 1
7525; 2
7521; 1
7526; 2
7524; 1
7529; 2
7551; 1
7556; 2
7560; 1
7565; 2
7560; 1
7566; 2
7599; 1
7605; 2
7617; 1
7622; 2
7635; 1
7640; 2
7650; 1
7655; 2
7652; 1
7657; 2
7653; 1
7658; 2
7655; 1
7660; 2
7677; 1
7682; 2
7682; 1
7687; 2
7687; 1
7692; 2
7694; 1
7699; 2
7699; 1
7704; 2
7721; 1
7727; 2
7722; 1
7727; 2
7764; 1
7769; 2
7767; 1
7773; 2
7844; 1
7850; 2
7850; 1
7855; 2
7853; 1
7858; 2
7858; 1
7863; 2
7896; 1
7901; 2
7910; 1
7915; 2
7930; 1
7935; 2
7978; 1
7983; 2
7993; 1
7998; 2
8032; 1
8038; 2
8035; 1
8041; 2
8077; 1
8082; 2
8136; 1
8141; 2
8147; 1
8153; 2
8153; 1
8159; 2
8163; 1
8168; 2
8198; 1
8203; 2
8217; 1
8222; 2
8256; 1
8263; 2
8258; 1
8265; 2
8317; 1
8322; 2
8324; 1
8329; 2
8326; 1
8331; 2
8330; 1
8335; 2
8331; 1
8336; 2
8368; 1
8373; 2
8371; 1
8376; 2
8378; 1
8383; 2
8381; 1
8386; 2
8397; 1
8402; 2
8416; 1
8421; 2
8467; 1
8472; 2
8483; 1
8489; 2
8489; 1
8494; 2
8494; 1
8500; 2
8517; 1
8522; 2
8578; 1
8584; 2
8605; 1
8610; 2
8609; 1
8614; 2
8628; 1
8633; 2
8634; 1
8639; 2
8634; 1
8639; 2
8649; 1
8655; 2
8689; 1
8694; 2
8700; 1
8705; 2
8708; 1
8713; 2
8732; 1
8738; 2
8740; 1
8746; 2
8746; 1
8751; 2
8762; 1
8767; 2
8765; 1
8771; 2
8766; 1
8772; 2
8767; 1
8772; 2
8775; 1
8781; 2
8793; 1
8798; 2
8814; 1
8819; 2
8820; 1
8825; 2
8824; 1
8829; 2
8825; 1
8832; 2
8848; 1
8853; 2
8852; 1
8857; 2
8853; 1
8859; 2
8902; 1
8907; 2
8917; 1
8922; 2
8917; 1
8922; 2
8944; 1
8949; 2
8958; 1
8963; 2
9000; 1
9006; 2
9012; 1
9017; 2
9025; 1
9030; 2
9047; 1
9052; 2
9057; 1
9063; 2
9099; 1
9104; 2
9118; 1
9124; 2
9144; 1
9149; 2
9158; 1
9163; 2
9163; 1
9168; 2
9181; 1
9186; 2
9217; 1
9222; 2
9238; 1
9243; 2
9248; 1
9255; 2
9303; 1
9308; 2
9319; 1
9324; 2
9325; 1
9330; 2
9329; 1
9334; 2
9335; 1
9340; 2
9380; 1
9385; 2
9420; 1
9425; 2
9427; 1
9433; 2
9467; 1
9472; 2
9473; 1
9479; 2
9475; 1
9480; 2
9564; 1
9570; 2
9580; 1
9585; 2
9585; 1
9590; 2
9621; 1
9626; 2
9624; 1
9631; 2
9627; 1
9632; 2
9649; 1
9656; 2
9679; 1
9684; 2
9687; 1
9692; 2
9694; 1
9700; 2
9696; 1
9701; 2
9716; 1
9723; 2
9749; 1
9754; 2
9758; 1
9764; 2
9760; 1
9765; 2
9767; 1
9772; 2
9854; 1
9859; 2
9929; 1
9934; 2
9947; 1
9952; 2
9959; 1
9964; 2
9965; 1
9970; 2
9975; 1
9981; 2
9980; 1
9985; 2
9990; 1
9996; 2
9990; 1
9996; 2
9995; 1
10001; 2
