Sequence of timestamped events V1.0
Stream 4
Id =4
Name = Camera_4
Tbegin = 0
Tend = 10000
Count = 500
51; 1
58; 2
154; 1
160; 2
154; 1
161; 2
166; 1
173; 2
170; 1
177; 2
196; 1
203; 2
200; 1
207; 2
233; 1
240; 2
262; 1
269; 2
284; 1
290; 2
296; 1
303; 2
322; 1
329; 2
332; 1
339; 2
348; 1
354; 2
411; 1
417; 2
440; 1
447; 2
443; 1
450; 2
470; 1
477; 2
478; 1
485; 2
518; 1
527; 2
524; 1
531; 2
540; 1
547; 2
541; 1
547; 2
599; 1
606; 2
600; 1
606; 2
621; 1
628; 2
637; 1
644; 2
701; 1
707; 2
714; 1
720; 2
740; 1
747; 2
772; 1
778; 2
777; 1
784; 2
786; 1
792; 2
811; 1
818; 2
826; 1
833; 2
846; 1
855; 2
851; 1
858; 2
883; 1
889; 2
946; 1
953; 2
951; 1
958; 2
979; 1
986; 2
985; 1
992; 2
986; 1
993; 2
989; 1
996; 2
1008; 1
1014; 2
1044; 1
1051; 2
1057; 1
1063; 2
1068; 1
1075; 2
1091; 1
1097; 2
1098; 1
1105; 2
1167; 1
1173; 2
1180; 1
1187; 2
1232; 1
1239; 2
1239; 1
1245; 2
1249; 1
1256; 2
1270; 1
1277; 2
1298; 1
1305; 2
1305; 1
1312; 2
1306; 1
1313; 2
1331; 1
1338; 2
1348; 1
1355; 2
1364; 1
1371; 2
1399; 1
1406; 2
1410; 1
1417; 2
1430; 1
1437; 2
1452; 1
1458; 2
1455; 1
1462; 2
1484; 1
1491; 2
1485; 1
1492; 2
1486; 1
1493; 2
1502; 1
1509; 2
1516; 1
1523; 2
1528; 1
1535; 2
1550; 1
1557; 2
1564; 1
1570; 2
1567; 1
1574; 2
1575; 1
1581; 2
1589; 1
1596; 2
1602; 1
1608; 2
1690; 1
1697; 2
1720; 1
1727; 2
1728; 1
1735; 2
1742; 1
1749; 2
1743; 1
1750; 2
1744; 1
1750; 2
1788; 1
1795; 2
1847; 1
1854; 2
1866; 1
1873; 2
1886; 1
1892; 2
1913; 1
1920; 2
1967; 1
1973; 2
2003; 1
2010; 2
2091; 1
2098; 2
2203; 1
2209; 2
2208; 1
2214; 2
2210; 1
2216; 2
2216; 1
2223; 2
2256; 1
2263; 2
2298; 1
2305; 2
2301; 1
2308; 2
2345; 1
2352; 2
2350; 1
2357; 2
2379; 1
2386; 2
2381; 1
2387; 2
2382; 1
2389; 2
2415; 1
2422; 2
2461; 1
2467; 2
2509; 1
2516; 2
2596; 1
2602; 2
2605; 1
2612; 2
2606; 1
2613; 2
2614; 1
2621; 2
2661; 1
2667; 2
2672; 1
2679; 2
2678; 1
2685; 2
2688; 1
2697; 2
2703; 1
2709; 2
2722; 1
2728; 2
2746; 1
2753; 2
2756; 1
2763; 2
2789; 1
2796; 2
2809; 1
2816; 2
2878; 1
2885; 2
2901; 1
2907; 2
2929; 1
2936; 2
2977; 1
2983; 2
3026; 1
3033; 2
3051; 1
3058; 2
3119; 1
3126; 2
3137; 1
3144; 2
3149; 1
3155; 2
3150; 1
3159; 2
3168; 1
3175; 2
3170; 1
3176; 2
3219; 1
3226; 2
3222; 1
3231; 2
3225; 1
3231; 2
3234; 1
3240; 2
3247; 1
3254; 2
3293; 1
3299; 2
3296; 1
3305; 2
3310; 1
3319; 2
3311; 1
3320; 2
3312; 1
3319; 2
3339; 1
3346; 2
3402; 1
3409; 2
3415; 1
3422; 2
3430; 1
3436; 2
3431; 1
3438; 2
3432; 1
3439; 2
3436; 1
3443; 2
3439; 1
3448; 2
3442; 1
3449; 2
3444; 1
3451; 2
3456; 1
3462; 2
3500; 1
3509; 2
3501; 1
3508; 2
3537; 1
3544; 2
3547; 1
3554; 2
3552; 1
3559; 2
3557; 1
3564; 2
3566; 1
3572; 2
3570; 1
3576; 2
3605; 1
3612; 2
3621; 1
3628; 2
3636; 1
3642; 2
3668; 1
3675; 2
3693; 1
3700; 2
3697; 1
3704; 2
3755; 1
3762; 2
3756; 1
3763; 2
3777; 1
3784; 2
3781; 1
3788; 2
3841; 1
3847; 2
3859; 1
3868; 2
3871; 1
3877; 2
3880; 1
3887; 2
3912; 1
3919; 2
3971; 1
3978; 2
3978; 1
3985; 2
3997; 1
4003; 2
4007; 1
4014; 2
4017; 1
4023; 2
4021; 1
4027; 2
4096; 1
4103; 2
4103; 1
4110; 2
4108; 1
4115; 2
4136; 1
4143; 2
4143; 1
4149; 2
4148; 1
4155; 2
4165; 1
4172; 2
4187; 1
4194; 2
4222; 1
4229; 2
4228; 1
4235; 2
4238; 1
4245; 2
4241; 1
4247; 2
4267; 1
4274; 2
4287; 1
4294; 2
4348; 1
4354; 2
4382; 1
4389; 2
4404; 1
4410; 2
4416; 1
4423; 2
4419; 1
4426; 2
4468; 1
4475; 2
4499; 1
4506; 2
4505; 1
4512; 2
4559; 1
4565; 2
4628; 1
4635; 2
4650; 1
4656; 2
4680; 1
4686; 2
4688; 1
4695; 2
4697; 1
4704; 2
4712; 1
4719; 2
4720; 1
4727; 2
4731; 1
4737; 2
4733; 1
4740; 2
4734; 1
4741; 2
4844; 1
4851; 2
4878; 1
4884; 2
4891; 1
4898; 2
4909; 1
4916; 2
4916; 1
4923; 2
4916; 1
4923; 2
4929; 1
4935; 2
4934; 1
4941; 2
4951; 1
4957; 2
4960; 1
4967; 2
4960; 1
4969; 2
5005; 1
5012; 2
5038; 1
5045; 2
5051; 1
5057; 2
5052; 1
5058; 2
5071; 1
5080; 2
5072; 1
5079; 2
5092; 1
5099; 2
5103; 1
5110; 2
5170; 1
5176; 2
5176; 1
5182; 2
5191; 1
5197; 2
5255; 1
5262; 2
5314; 1
5321; 2
5333; 1
5339; 2
5337; 1
5344; 2
5337; 1
5344; 2
5351; 1
5360; 2
5415; 1
5422; 2
5463; 1
5470; 2
5494; 1
5503; 2
5512; 1
5519; 2
5585; 1
5592; 2
5605; 1
5611; 2
5611; 1
5618; 2
5633; 1
5640; 2
5644; 1
5650; 2
5661; 1
5668; 2
5669; 1
5676; 2
5688; 1
5695; 2
5727; 1
5734; 2
5780; 1
5787; 2
5834; 1
5841; 2
5838; 1
5845; 2
5902; 1
5908; 2
5926; 1
5933; 2
5932; 1
5939; 2
5962; 1
5968; 2
5973; 1
5980; 2
5982; 1
5989; 2
5998; 1
6005; 2
6030; 1
6037; 2
6068; 1
6075; 2
6079; 1
6085; 2
6109; 1
6115; 2
6110; 1
6117; 2
6114; 1
6120; 2
6117; 1
6123; 2
6133; 1
6140; 2
6160; 1
6167; 2
6175; 1
6182; 2
6175; 1
6182; 2
6194; 1
6201; 2
6200; 1
6207; 2
6223; 1
6230; 2
6255; 1
6262; 2
6266; 1
6273; 2
6335; 1
6342; 2
6336; 1
6342; 2
6357; 1
6364; 2
6393; 1
6402; 2
6394; 1
6401; 2
6399; 1
6406; 2
6406; 1
6413; 2
6408; 1
6415; 2
6431; 1
6437; 2
6434; 1
6440; 2
6455; 1
6462; 2
6455; 1
6462; 2
6467; 1
6473; 2
6476; 1
6483; 2
6498; 1
6505; 2
6539; 1
6546; 2
6584; 1
6591; 2
6588; 1
6595; 2
6605; 1
6612; 2
6609; 1
6616; 2
6614; 1
6620; 2
6621; 1
6627; 2
6624; 1
6631; 2
6633; 1
6640; 2
6656; 1
6663; 2
6673; 1
6680; 2
6674; 1
6683; 2
6675; 1
6684; 2
6692; 1
6701; 2
6713; 1
6720; 2
6728; 1
6734; 2
6742; 1
6749; 2
6745; 1
6752; 2
6800; 1
6807; 2
6802; 1
6808; 2
6820; 1
6827; 2
6854; 1
6861; 2
6863; 1
6870; 2
6912; 1
6919; 2
6926; 1
6933; 2
6928; 1
6934; 2
6940; 1
6947; 2
6945; 1
6951; 2
6949; 1
6956; 2
6983; 1
6990; 2
6999; 1
7008; 2
7002; 1
7011; 2
7033; 1
7039; 2
7046; 1
7052; 2
7061; 1
7068; 2
7084; 1
7091; 2
7110; 1
7116; 2
7118; 1
7124; 2
7125; 1
7132; 2
7144; 1
7151; 2
7148; 1
7154; 2
7150; 1
7157; 2
7155; 1
7162; 2
7214; 1
7221; 2
7219; 1
7226; 2
7254; 1
7260; 2
7307; 1
7314; 2
7343; 1
7350; 2
7345; 1
7352; 2
7356; 1
7363; 2
7366; 1
7373; 2
7380; 1
7389; 2
7452; 1
7459; 2
7455; 1
7462; 2
7464; 1
7470; 2
7472; 1
7478; 2
7480; 1
7486; 2
7484; 1
7490; 2
7487; 1
7494; 2
7517; 1
7524; 2
7521; 1
7528; 2
7565; 1
7572; 2
7568; 1
7575; 2
7569; 1
7576; 2
7595; 1
7602; 2
7597; 1
7603; 2
7610; 1
7617; 2
7649; 1
7656; 2
7661; 1
7668; 2
7679; 1
7686; 2
7689; 1
7695; 2
7694; 1
7700; 2
7694; 1
7701; 2
7699; 1
7706; 2
7721; 1
7728; 2
7726; 1
7733; 2
7731; 1
7738; 2
7735; 1
7741; 2
7743; 1
7750; 2
7763; 1
7769; 2
7771; 1
7778; 2
7805; 1
7811; 2
7817; 1
7824; 2
7894; 1
7900; 2
7894; 1
7901; 2
7894; 1
7901; 2
7899; 1
7905; 2
7940; 1
7947; 2
7951; 1
7957; 2
7974; 1
7981; 2
8022; 1
8029; 2
8037; 1
8044; 2
8082; 1
8089; 2
8085; 1
8092; 2
8118; 1
8124; 2
8177; 1
8183; 2
8197; 1
8204; 2
8203; 1
8210; 2
8207; 1
8214; 2
8239; 1
8245; 2
8261; 1
8268; 2
8312; 1
8321; 2
8314; 1
8323; 2
8361; 1
8368; 2
8367; 1
8373; 2
8368; 1
8375; 2
8374; 1
8381; 2
8375; 1
8382; 2
8412; 1
8418; 2
8412; 1
8419; 2
8422; 1
8429; 2
8425; 1
8432; 2
8441; 1
8448; 2
8457; 1
8463; 2
8511; 1
8518; 2
8530; 1
8536; 2
8533; 1
8540; 2
8544; 1
8551; 2
8561; 1
8568; 2
8628; 1
8635; 2
8646; 1
8652; 2
8653; 1
8660; 2
8669; 1
8675; 2
8678; 1
8685; 2
8678; 1
8685; 2
8699; 1
8706; 2
8733; 1
8740; 2
8744; 1
8751; 2
8752; 1
8759; 2
8782; 1
8789; 2
8790; 1
8797; 2
8790; 1
8797; 2
8806; 1
8813; 2
8808; 1
8814; 2
8815; 1
8822; 2
8816; 1
8823; 2
8825; 1
8832; 2
8837; 1
8844; 2
8851; 1
8857; 2
8861; 1
8867; 2
8865; 1
8871; 2
8881; 1
8890; 2
8889; 1
8895; 2
8893; 1
8899; 2
8903; 1
8910; 2
8946; 1
8953; 2
8958; 1
8964; 2
8961; 1
8968; 2
8985; 1
8991; 2
9002; 1
9009; 2
9050; 1
9057; 2
9053; 1
9059; 2
9066; 1
9072; 2
9091; 1
9098; 2
9107; 1
9114; 2
9143; 1
9150; 2
9168; 1
9175; 2
9181; 1
9187; 2
9202; 1
9209; 2
9207; 1
9214; 2
9225; 1
9232; 2
9261; 1
9268; 2
9275; 1
9281; 2
9304; 1
9313; 2
9347; 1
9354; 2
9356; 1
9362; 2
9362; 1
9368; 2
9373; 1
9380; 2
9376; 1
9382; 2
9424; 1
9431; 2
9464; 1
9471; 2
9477; 1
9484; 2
9508; 1
9514; 2
9516; 1
9522; 2
9523; 1
9530; 2
9614; 1
9621; 2
9624; 1
9631; 2
9629; 1
9636; 2
9662; 1
9668; 2
9668; 1
9674; 2
9680; 1
9689; 2
9705; 1
9714; 2
9723; 1
9730; 2
9728; 1
9734; 2
9740; 1
9747; 2
9744; 1
9751; 2
9772; 1
9781; 2
9793; 1
9800; 2
9801; 1
9807; 2
9808; 1
9815; 2
9811; 1
9818; 2
9898; 1
9905; 2
9973; 1
9980; 2
9984; 1
9990; 2
10003; 1
10010; 2
10006; 1
10012; 2
10024; 1
10031; 2
10025; 1
10032; 2
10040; 1
10047; 2
10040; 1
10047; 2
10045; 1
10052; 2
