Sequence of timestamped events V1.0
Stream 6
Id =6
Name = Camera_6
Tbegin = 0
Tend = 10000
Count = 500
41; 1
43; 2
116; 1
118; 2
125; 1
127; 2
131; 1
133; 2
136; 1
138; 2
160; 1
162; 2
163; 1
165; 2
166; 1
168; 2
193; 1
195; 2
213; 1
215; 2
226; 1
228; 2
230; 1
232; 2
293; 1
295; 2
305; 1
307; 2
309; 1
311; 2
326; 1
328; 2
343; 1
345; 2
347; 1
349; 2
379; 1
381; 2
394; 1
396; 2
409; 1
411; 2
414; 1
416; 2
427; 1
429; 2
443; 1
445; 2
450; 1
452; 2
467; 1
469; 2
474; 1
476; 2
482; 1
484; 2
484; 1
486; 2
501; 1
503; 2
510; 1
512; 2
525; 1
527; 2
534; 1
536; 2
549; 1
551; 2
559; 1
561; 2
562; 1
564; 2
575; 1
577; 2
586; 1
588; 2
635; 1
637; 2
639; 1
641; 2
682; 1
684; 2
705; 1
707; 2
708; 1
710; 2
786; 1
788; 2
793; 1
795; 2
807; 1
809; 2
828; 1
830; 2
836; 1
838; 2
839; 1
841; 2
871; 1
873; 2
905; 1
907; 2
938; 1
940; 2
945; 1
947; 2
963; 1
965; 2
984; 1
986; 2
998; 1
1000; 2
1033; 1
1035; 2
1039; 1
1041; 2
1051; 1
1053; 2
1067; 1
1069; 2
1100; 1
1102; 2
1104; 1
1106; 2
1124; 1
1126; 2
1136; 1
1138; 2
1174; 1
1176; 2
1183; 1
1185; 2
1197; 1
1199; 2
1206; 1
1208; 2
1214; 1
1216; 2
1221; 1
1223; 2
1234; 1
1236; 2
1269; 1
1271; 2
1272; 1
1274; 2
1304; 1
1306; 2
1345; 1
1347; 2
1349; 1
1351; 2
1354; 1
1356; 2
1359; 1
1361; 2
1362; 1
1364; 2
1370; 1
1372; 2
1372; 1
1374; 2
1378; 1
1380; 2
1380; 1
1382; 2
1398; 1
1400; 2
1402; 1
1404; 2
1417; 1
1419; 2
1450; 1
1452; 2
1459; 1
1461; 2
1492; 1
1494; 2
1505; 1
1507; 2
1520; 1
1522; 2
1528; 1
1530; 2
1575; 1
1577; 2
1638; 1
1640; 2
1653; 1
1655; 2
1658; 1
1660; 2
1690; 1
1692; 2
1735; 1
1737; 2
1761; 1
1763; 2
1806; 1
1808; 2
1814; 1
1816; 2
1815; 1
1817; 2
1838; 1
1840; 2
1905; 1
1907; 2
1910; 1
1912; 2
1920; 1
1922; 2
1944; 1
1946; 2
2007; 1
2009; 2
2013; 1
2015; 2
2054; 1
2056; 2
2080; 1
2082; 2
2081; 1
2083; 2
2101; 1
2103; 2
2115; 1
2117; 2
2174; 1
2176; 2
2199; 1
2201; 2
2200; 1
2202; 2
2209; 1
2211; 2
2214; 1
2216; 2
2227; 1
2229; 2
2301; 1
2303; 2
2375; 1
2377; 2
2384; 1
2386; 2
2387; 1
2389; 2
2396; 1
2398; 2
2429; 1
2431; 2
2433; 1
2435; 2
2448; 1
2450; 2
2456; 1
2458; 2
2461; 1
2463; 2
2488; 1
2490; 2
2489; 1
2491; 2
2500; 1
2502; 2
2500; 1
2502; 2
2556; 1
2558; 2
2558; 1
2560; 2
2593; 1
2595; 2
2595; 1
2597; 2
2639; 1
2641; 2
2649; 1
2651; 2
2661; 1
2663; 2
2686; 1
2688; 2
2692; 1
2694; 2
2735; 1
2737; 2
2737; 1
2739; 2
2776; 1
2778; 2
2795; 1
2797; 2
2888; 1
2890; 2
2912; 1
2914; 2
2920; 1
2922; 2
2932; 1
2934; 2
2977; 1
2979; 2
2984; 1
2986; 2
2995; 1
2997; 2
3016; 1
3018; 2
3020; 1
3022; 2
3031; 1
3033; 2
3036; 1
3038; 2
3064; 1
3066; 2
3065; 1
3067; 2
3076; 1
3078; 2
3093; 1
3095; 2
3095; 1
3097; 2
3104; 1
3106; 2
3109; 1
3111; 2
3110; 1
3112; 2
3111; 1
3113; 2
3141; 1
3143; 2
3153; 1
3155; 2
3162; 1
3164; 2
3163; 1
3165; 2
3164; 1
3166; 2
3172; 1
3174; 2
3183; 1
3185; 2
3197; 1
3199; 2
3212; 1
3214; 2
3219; 1
3221; 2
3223; 1
3225; 2
3256; 1
3258; 2
3257; 1
3259; 2
3297; 1
3299; 2
3308; 1
3310; 2
3322; 1
3324; 2
3334; 1
3336; 2
3392; 1
3394; 2
3439; 1
3441; 2
3456; 1
3458; 2
3460; 1
3462; 2
3469; 1
3471; 2
3478; 1
3480; 2
3501; 1
3503; 2
3517; 1
3519; 2
3520; 1
3522; 2
3539; 1
3541; 2
3548; 1
3550; 2
3557; 1
3559; 2
3571; 1
3573; 2
3602; 1
3604; 2
3635; 1
3637; 2
3671; 1
3673; 2
3676; 1
3678; 2
3677; 1
3679; 2
3680; 1
3682; 2
3698; 1
3700; 2
3749; 1
3751; 2
3753; 1
3755; 2
3765; 1
3767; 2
3832; 1
3834; 2
3838; 1
3840; 2
3840; 1
3842; 2
3843; 1
3845; 2
3865; 1
3867; 2
3867; 1
3869; 2
3908; 1
3910; 2
3911; 1
3913; 2
3914; 1
3916; 2
3927; 1
3929; 2
3961; 1
3963; 2
3979; 1
3981; 2
4023; 1
4025; 2
4043; 1
4045; 2
4053; 1
4055; 2
4069; 1
4071; 2
4119; 1
4121; 2
4128; 1
4130; 2
4130; 1
4132; 2
4175; 1
4177; 2
4186; 1
4188; 2
4192; 1
4194; 2
4201; 1
4203; 2
4220; 1
4222; 2
4242; 1
4244; 2
4288; 1
4290; 2
4307; 1
4309; 2
4315; 1
4317; 2
4356; 1
4358; 2
4371; 1
4373; 2
4376; 1
4378; 2
4398; 1
4400; 2
4403; 1
4405; 2
4406; 1
4408; 2
4420; 1
4422; 2
4525; 1
4527; 2
4550; 1
4552; 2
4566; 1
4568; 2
4567; 1
4569; 2
4580; 1
4582; 2
4583; 1
4585; 2
4614; 1
4616; 2
4660; 1
4662; 2
4663; 1
4665; 2
4673; 1
4675; 2
4680; 1
4682; 2
4695; 1
4697; 2
4697; 1
4699; 2
4708; 1
4710; 2
4710; 1
4712; 2
4733; 1
4735; 2
4741; 1
4743; 2
4780; 1
4782; 2
4783; 1
4785; 2
4815; 1
4817; 2
4815; 1
4817; 2
4816; 1
4818; 2
4830; 1
4832; 2
4833; 1
4835; 2
4855; 1
4857; 2
4871; 1
4873; 2
4893; 1
4895; 2
4896; 1
4898; 2
4918; 1
4920; 2
4958; 1
4960; 2
4964; 1
4966; 2
4990; 1
4992; 2
5030; 1
5032; 2
5039; 1
5041; 2
5095; 1
5097; 2
5121; 1
5123; 2
5134; 1
5136; 2
5158; 1
5160; 2
5181; 1
5183; 2
5202; 1
5204; 2
5214; 1
5216; 2
5222; 1
5224; 2
5269; 1
5271; 2
5276; 1
5278; 2
5284; 1
5286; 2
5290; 1
5292; 2
5298; 1
5300; 2
5301; 1
5303; 2
5369; 1
5371; 2
5377; 1
5379; 2
5378; 1
5380; 2
5422; 1
5424; 2
5434; 1
5436; 2
5473; 1
5475; 2
5483; 1
5485; 2
5487; 1
5489; 2
5556; 1
5558; 2
5580; 1
5582; 2
5582; 1
5584; 2
5636; 1
5638; 2
5724; 1
5726; 2
5726; 1
5728; 2
5726; 1
5728; 2
5743; 1
5745; 2
5751; 1
5753; 2
5782; 1
5784; 2
5841; 1
5843; 2
5875; 1
5877; 2
5887; 1
5889; 2
5916; 1
5918; 2
5920; 1
5922; 2
5974; 1
5976; 2
6005; 1
6007; 2
6046; 1
6048; 2
6080; 1
6082; 2
6099; 1
6101; 2
6137; 1
6139; 2
6153; 1
6155; 2
6219; 1
6221; 2
6220; 1
6222; 2
6238; 1
6240; 2
6249; 1
6251; 2
6277; 1
6279; 2
6290; 1
6292; 2
6292; 1
6294; 2
6306; 1
6308; 2
6311; 1
6313; 2
6339; 1
6341; 2
6343; 1
6345; 2
6362; 1
6364; 2
6390; 1
6392; 2
6411; 1
6413; 2
6412; 1
6414; 2
6445; 1
6447; 2
6477; 1
6479; 2
6482; 1
6484; 2
6523; 1
6525; 2
6530; 1
6532; 2
6533; 1
6535; 2
6584; 1
6586; 2
6607; 1
6609; 2
6670; 1
6672; 2
6682; 1
6684; 2
6696; 1
6698; 2
6733; 1
6735; 2
6734; 1
6736; 2
6749; 1
6751; 2
6782; 1
6784; 2
6793; 1
6795; 2
6794; 1
6796; 2
6803; 1
6805; 2
6803; 1
6805; 2
6844; 1
6846; 2
6847; 1
6849; 2
6892; 1
6894; 2
6949; 1
6951; 2
6969; 1
6971; 2
6983; 1
6985; 2
6991; 1
6993; 2
6995; 1
6997; 2
6997; 1
6999; 2
7019; 1
7021; 2
7024; 1
7026; 2
7024; 1
7026; 2
7052; 1
7054; 2
7057; 1
7059; 2
7080; 1
7082; 2
7101; 1
7103; 2
7102; 1
7104; 2
7112; 1
7114; 2
7147; 1
7149; 2
7160; 1
7162; 2
7204; 1
7206; 2
7225; 1
7227; 2
7237; 1
7239; 2
7251; 1
7253; 2
7267; 1
7269; 2
7272; 1
7274; 2
7313; 1
7315; 2
7320; 1
7322; 2
7335; 1
7337; 2
7360; 1
7362; 2
7386; 1
7388; 2
7388; 1
7390; 2
7409; 1
7411; 2
7423; 1
7425; 2
7445; 1
7447; 2
7531; 1
7533; 2
7631; 1
7633; 2
7649; 1
7651; 2
7663; 1
7665; 2
7679; 1
7681; 2
7754; 1
7756; 2
7770; 1
7772; 2
7774; 1
7776; 2
7803; 1
7805; 2
7808; 1
7810; 2
7898; 1
7900; 2
7919; 1
7921; 2
7921; 1
7923; 2
7938; 1
7940; 2
7943; 1
7945; 2
7950; 1
7952; 2
7968; 1
7970; 2
7969; 1
7971; 2
7971; 1
7973; 2
8001; 1
8003; 2
8016; 1
8018; 2
8056; 1
8058; 2
8132; 1
8134; 2
8134; 1
8136; 2
8138; 1
8140; 2
8162; 1
8164; 2
8217; 1
8219; 2
8258; 1
8260; 2
8321; 1
8323; 2
8368; 1
8370; 2
8392; 1
8394; 2
8441; 1
8443; 2
8474; 1
8476; 2
8474; 1
8476; 2
8480; 1
8482; 2
8489; 1
8491; 2
8501; 1
8503; 2
8512; 1
8514; 2
8517; 1
8519; 2
8531; 1
8533; 2
8539; 1
8541; 2
8542; 1
8544; 2
8565; 1
8567; 2
8573; 1
8575; 2
8613; 1
8615; 2
8628; 1
8630; 2
8632; 1
8634; 2
8655; 1
8657; 2
8661; 1
8663; 2
8675; 1
8677; 2
8678; 1
8680; 2
8729; 1
8731; 2
8781; 1
8783; 2
8814; 1
8816; 2
8822; 1
8824; 2
8829; 1
8831; 2
8837; 1
8839; 2
8848; 1
8850; 2
8936; 1
8938; 2
8944; 1
8946; 2
8962; 1
8964; 2
8988; 1
8990; 2
8991; 1
8993; 2
9031; 1
9033; 2
9057; 1
9059; 2
9067; 1
9069; 2
9101; 1
9103; 2
9112; 1
9114; 2
9129; 1
9131; 2
9141; 1
9143; 2
9160; 1
9162; 2
9178; 1
9180; 2
9182; 1
9184; 2
9289; 1
9291; 2
9296; 1
9298; 2
9305; 1
9307; 2
9314; 1
9316; 2
9326; 1
9328; 2
9342; 1
9344; 2
9342; 1
9344; 2
9353; 1
9355; 2
9363; 1
9365; 2
9422; 1
9424; 2
9443; 1
9445; 2
9447; 1
9449; 2
9453; 1
9455; 2
9467; 1
9469; 2
9571; 1
9573; 2
9573; 1
9575; 2
9606; 1
9608; 2
9685; 1
9687; 2
9699; 1
9701; 2
9710; 1
9712; 2
9732; 1
9734; 2
9733; 1
9735; 2
9759; 1
9761; 2
9773; 1
9775; 2
9787; 1
9789; 2
9796; 1
9798; 2
9798; 1
9800; 2
9800; 1
9802; 2
9816; 1
9818; 2
9842; 1
9844; 2
9842; 1
9844; 2
9866; 1
9868; 2
9870; 1
9872; 2
9902; 1
9904; 2
9916; 1
9918; 2
9925; 1
9927; 2
9953; 1
9955; 2
9969; 1
9971; 2
