Sequence of timestamped events V1.0
Stream 0
Id =0
Name = Camera_0
Tbegin = 0
Tend = 10000
Count = 500
19; 1
21; 2
94; 1
96; 2
103; 1
105; 2
109; 1
111; 2
114; 1
116; 2
138; 1
140; 2
141; 1
143; 2
144; 1
146; 2
171; 1
173; 2
191; 1
193; 2
204; 1
206; 2
208; 1
210; 2
271; 1
273; 2
283; 1
285; 2
287; 1
289; 2
304; 1
306; 2
321; 1
323; 2
325; 1
327; 2
357; 1
359; 2
372; 1
374; 2
387; 1
389; 2
392; 1
394; 2
405; 1
407; 2
421; 1
423; 2
428; 1
430; 2
445; 1
447; 2
452; 1
454; 2
460; 1
462; 2
462; 1
464; 2
479; 1
481; 2
488; 1
490; 2
503; 1
505; 2
512; 1
514; 2
527; 1
529; 2
537; 1
539; 2
540; 1
542; 2
553; 1
555; 2
564; 1
566; 2
613; 1
615; 2
617; 1
619; 2
660; 1
662; 2
683; 1
685; 2
686; 1
688; 2
764; 1
766; 2
771; 1
773; 2
785; 1
787; 2
806; 1
808; 2
814; 1
816; 2
817; 1
819; 2
849; 1
851; 2
883; 1
885; 2
916; 1
918; 2
923; 1
925; 2
941; 1
943; 2
962; 1
964; 2
976; 1
978; 2
1011; 1
1013; 2
1017; 1
1019; 2
1029; 1
1031; 2
1045; 1
1047; 2
1078; 1
1080; 2
1082; 1
1084; 2
1102; 1
1104; 2
1114; 1
1116; 2
1152; 1
1154; 2
1161; 1
1163; 2
1175; 1
1177; 2
1184; 1
1186; 2
1192; 1
1194; 2
1199; 1
1201; 2
1212; 1
1214; 2
1247; 1
1249; 2
1250; 1
1252; 2
1282; 1
1284; 2
1323; 1
1325; 2
1327; 1
1329; 2
1332; 1
1334; 2
1337; 1
1339; 2
1340; 1
1342; 2
1348; 1
1350; 2
1350; 1
1352; 2
1356; 1
1358; 2
1358; 1
1360; 2
1376; 1
1378; 2
1380; 1
1382; 2
1395; 1
1397; 2
1428; 1
1430; 2
1437; 1
1439; 2
1470; 1
1472; 2
1483; 1
1485; 2
1498; 1
1500; 2
1506; 1
1508; 2
1553; 1
1555; 2
1616; 1
1618; 2
1631; 1
1633; 2
1636; 1
1638; 2
1668; 1
1670; 2
1713; 1
1715; 2
1739; 1
1741; 2
1784; 1
1786; 2
1792; 1
1794; 2
1793; 1
1795; 2
1816; 1
1818; 2
1883; 1
1885; 2
1888; 1
1890; 2
1898; 1
1900; 2
1922; 1
1924; 2
1985; 1
1987; 2
1991; 1
1993; 2
2032; 1
2034; 2
2058; 1
2060; 2
2059; 1
2061; 2
2079; 1
2081; 2
2093; 1
2095; 2
2152; 1
2154; 2
2177; 1
2179; 2
2178; 1
2180; 2
2187; 1
2189; 2
2192; 1
2194; 2
2205; 1
2207; 2
2279; 1
2281; 2
2353; 1
2355; 2
2362; 1
2364; 2
2365; 1
2367; 2
2374; 1
2376; 2
2407; 1
2409; 2
2411; 1
2413; 2
2426; 1
2428; 2
2434; 1
2436; 2
2439; 1
2441; 2
2466; 1
2468; 2
2467; 1
2469; 2
2478; 1
2480; 2
2478; 1
2480; 2
2534; 1
2536; 2
2536; 1
2538; 2
2571; 1
2573; 2
2573; 1
2575; 2
2617; 1
2619; 2
2627; 1
2629; 2
2639; 1
2641; 2
2664; 1
2666; 2
2670; 1
2672; 2
2713; 1
2715; 2
2715; 1
2717; 2
2754; 1
2756; 2
2773; 1
2775; 2
2866; 1
2868; 2
2890; 1
2892; 2
2898; 1
2900; 2
2910; 1
2912; 2
2955; 1
2957; 2
2962; 1
2964; 2
2973; 1
2975; 2
2994; 1
2996; 2
2998; 1
3000; 2
3009; 1
3011; 2
3014; 1
3016; 2
3042; 1
3044; 2
3043; 1
3045; 2
3054; 1
3056; 2
3071; 1
3073; 2
3073; 1
3075; 2
3082; 1
3084; 2
3087; 1
3089; 2
3088; 1
3090; 2
3089; 1
3091; 2
3119; 1
3121; 2
3131; 1
3133; 2
3140; 1
3142; 2
3141; 1
3143; 2
3142; 1
3144; 2
3150; 1
3152; 2
3161; 1
3163; 2
3175; 1
3177; 2
3190; 1
3192; 2
3197; 1
3199; 2
3201; 1
3203; 2
3234; 1
3236; 2
3235; 1
3237; 2
3275; 1
3277; 2
3286; 1
3288; 2
3300; 1
3302; 2
3312; 1
3314; 2
3370; 1
3372; 2
3417; 1
3419; 2
3434; 1
3436; 2
3438; 1
3440; 2
3447; 1
3449; 2
3456; 1
3458; 2
3479; 1
3481; 2
3495; 1
3497; 2
3498; 1
3500; 2
3517; 1
3519; 2
3526; 1
3528; 2
3535; 1
3537; 2
3549; 1
3551; 2
3580; 1
3582; 2
3613; 1
3615; 2
3649; 1
3651; 2
3654; 1
3656; 2
3655; 1
3657; 2
3658; 1
3660; 2
3676; 1
3678; 2
3727; 1
3729; 2
3731; 1
3733; 2
3743; 1
3745; 2
3810; 1
3812; 2
3816; 1
3818; 2
3818; 1
3820; 2
3821; 1
3823; 2
3843; 1
3845; 2
3845; 1
3847; 2
3886; 1
3888; 2
3889; 1
3891; 2
3892; 1
3894; 2
3905; 1
3907; 2
3939; 1
3941; 2
3957; 1
3959; 2
4001; 1
4003; 2
4021; 1
4023; 2
4031; 1
4033; 2
4047; 1
4049; 2
4097; 1
4099; 2
4106; 1
4108; 2
4108; 1
4110; 2
4153; 1
4155; 2
4164; 1
4166; 2
4170; 1
4172; 2
4179; 1
4181; 2
4198; 1
4200; 2
4220; 1
4222; 2
4266; 1
4268; 2
4285; 1
4287; 2
4293; 1
4295; 2
4334; 1
4336; 2
4349; 1
4351; 2
4354; 1
4356; 2
4376; 1
4378; 2
4381; 1
4383; 2
4384; 1
4386; 2
4398; 1
4400; 2
4503; 1
4505; 2
4528; 1
4530; 2
4544; 1
4546; 2
4545; 1
4547; 2
4558; 1
4560; 2
4561; 1
4563; 2
4592; 1
4594; 2
4638; 1
4640; 2
4641; 1
4643; 2
4651; 1
4653; 2
4658; 1
4660; 2
4673; 1
4675; 2
4675; 1
4677; 2
4686; 1
4688; 2
4688; 1
4690; 2
4711; 1
4713; 2
4719; 1
4721; 2
4758; 1
4760; 2
4761; 1
4763; 2
4793; 1
4795; 2
4793; 1
4795; 2
4794; 1
4796; 2
4808; 1
4810; 2
4811; 1
4813; 2
4833; 1
4835; 2
4849; 1
4851; 2
4871; 1
4873; 2
4874; 1
4876; 2
4896; 1
4898; 2
4936; 1
4938; 2
4942; 1
4944; 2
4968; 1
4970; 2
5008; 1
5010; 2
5017; 1
5019; 2
5073; 1
5075; 2
5099; 1
5101; 2
5112; 1
5114; 2
5136; 1
5138; 2
5159; 1
5161; 2
5180; 1
5182; 2
5192; 1
5194; 2
5200; 1
5202; 2
5247; 1
5249; 2
5254; 1
5256; 2
5262; 1
5264; 2
5268; 1
5270; 2
5276; 1
5278; 2
5279; 1
5281; 2
5347; 1
5349; 2
5355; 1
5357; 2
5356; 1
5358; 2
5400; 1
5402; 2
5412; 1
5414; 2
5451; 1
5453; 2
5461; 1
5463; 2
5465; 1
5467; 2
5534; 1
5536; 2
5558; 1
5560; 2
5560; 1
5562; 2
5614; 1
5616; 2
5702; 1
5704; 2
5704; 1
5706; 2
5704; 1
5706; 2
5721; 1
5723; 2
5729; 1
5731; 2
5760; 1
5762; 2
5819; 1
5821; 2
5853; 1
5855; 2
5865; 1
5867; 2
5894; 1
5896; 2
5898; 1
5900; 2
5952; 1
5954; 2
5983; 1
5985; 2
6024; 1
6026; 2
6058; 1
6060; 2
6077; 1
6079; 2
6115; 1
6117; 2
6131; 1
6133; 2
6197; 1
6199; 2
6198; 1
6200; 2
6216; 1
6218; 2
6227; 1
6229; 2
6255; 1
6257; 2
6268; 1
6270; 2
6270; 1
6272; 2
6284; 1
6286; 2
6289; 1
6291; 2
6317; 1
6319; 2
6321; 1
6323; 2
6340; 1
6342; 2
6368; 1
6370; 2
6389; 1
6391; 2
6390; 1
6392; 2
6423; 1
6425; 2
6455; 1
6457; 2
6460; 1
6462; 2
6501; 1
6503; 2
6508; 1
6510; 2
6511; 1
6513; 2
6562; 1
6564; 2
6585; 1
6587; 2
6648; 1
6650; 2
6660; 1
6662; 2
6674; 1
6676; 2
6711; 1
6713; 2
6712; 1
6714; 2
6727; 1
6729; 2
6760; 1
6762; 2
6771; 1
6773; 2
6772; 1
6774; 2
6781; 1
6783; 2
6781; 1
6783; 2
6822; 1
6824; 2
6825; 1
6827; 2
6870; 1
6872; 2
6927; 1
6929; 2
6947; 1
6949; 2
6961; 1
6963; 2
6969; 1
6971; 2
6973; 1
6975; 2
6975; 1
6977; 2
6997; 1
6999; 2
7002; 1
7004; 2
7002; 1
7004; 2
7030; 1
7032; 2
7035; 1
7037; 2
7058; 1
7060; 2
7079; 1
7081; 2
7080; 1
7082; 2
7090; 1
7092; 2
7125; 1
7127; 2
7138; 1
7140; 2
7182; 1
7184; 2
7203; 1
7205; 2
7215; 1
7217; 2
7229; 1
7231; 2
7245; 1
7247; 2
7250; 1
7252; 2
7291; 1
7293; 2
7298; 1
7300; 2
7313; 1
7315; 2
7338; 1
7340; 2
7364; 1
7366; 2
7366; 1
7368; 2
7387; 1
7389; 2
7401; 1
7403; 2
7423; 1
7425; 2
7509; 1
7511; 2
7609; 1
7611; 2
7627; 1
7629; 2
7641; 1
7643; 2
7657; 1
7659; 2
7732; 1
7734; 2
7748; 1
7750; 2
7752; 1
7754; 2
7781; 1
7783; 2
7786; 1
7788; 2
7876; 1
7878; 2
7897; 1
7899; 2
7899; 1
7901; 2
7916; 1
7918; 2
7921; 1
7923; 2
7928; 1
7930; 2
7946; 1
7948; 2
7947; 1
7949; 2
7949; 1
7951; 2
7979; 1
7981; 2
7994; 1
7996; 2
8034; 1
8036; 2
8110; 1
8112; 2
8112; 1
8114; 2
8116; 1
8118; 2
8140; 1
8142; 2
8195; 1
8197; 2
8236; 1
8238; 2
8299; 1
8301; 2
8346; 1
8348; 2
8370; 1
8372; 2
8419; 1
8421; 2
8452; 1
8454; 2
8452; 1
8454; 2
8458; 1
8460; 2
8467; 1
8469; 2
8479; 1
8481; 2
8490; 1
8492; 2
8495; 1
8497; 2
8509; 1
8511; 2
8517; 1
8519; 2
8520; 1
8522; 2
8543; 1
8545; 2
8551; 1
8553; 2
8591; 1
8593; 2
8606; 1
8608; 2
8610; 1
8612; 2
8633; 1
8635; 2
8639; 1
8641; 2
8653; 1
8655; 2
8656; 1
8658; 2
8707; 1
8709; 2
8759; 1
8761; 2
8792; 1
8794; 2
8800; 1
8802; 2
8807; 1
8809; 2
8815; 1
8817; 2
8826; 1
8828; 2
8914; 1
8916; 2
8922; 1
8924; 2
8940; 1
8942; 2
8966; 1
8968; 2
8969; 1
8971; 2
9009; 1
9011; 2
9035; 1
9037; 2
9045; 1
9047; 2
9079; 1
9081; 2
9090; 1
9092; 2
9107; 1
9109; 2
9119; 1
9121; 2
9138; 1
9140; 2
9156; 1
9158; 2
9160; 1
9162; 2
9267; 1
9269; 2
9274; 1
9276; 2
9283; 1
9285; 2
9292; 1
9294; 2
9304; 1
9306; 2
9320; 1
9322; 2
9320; 1
9322; 2
9331; 1
9333; 2
9341; 1
9343; 2
9400; 1
9402; 2
9421; 1
9423; 2
9425; 1
9427; 2
9431; 1
9433; 2
9445; 1
9447; 2
9549; 1
9551; 2
9551; 1
9553; 2
9584; 1
9586; 2
9663; 1
9665; 2
9677; 1
9679; 2
9688; 1
9690; 2
9710; 1
9712; 2
9711; 1
9713; 2
9737; 1
9739; 2
9751; 1
9753; 2
9765; 1
9767; 2
9774; 1
9776; 2
9776; 1
9778; 2
9778; 1
9780; 2
9794; 1
9796; 2
9820; 1
9822; 2
9820; 1
9822; 2
9844; 1
9846; 2
9848; 1
9850; 2
9880; 1
9882; 2
9894; 1
9896; 2
9903; 1
9905; 2
9931; 1
9933; 2
9947; 1
9949; 2
