Sequence of timestamped events V1.0
Stream 9
Id =9
Name = Camera_9
Tbegin = 0
Tend = 10000
Count = 500
128; 1
135; 2
171; 1
178; 2
201; 1
208; 2
202; 1
209; 2
221; 1
228; 2
246; 1
253; 2
288; 1
295; 2
303; 1
310; 2
326; 1
333; 2
329; 1
336; 2
330; 1
337; 2
352; 1
359; 2
376; 1
383; 2
406; 1
413; 2
407; 1
414; 2
436; 1
443; 2
449; 1
456; 2
450; 1
457; 2
471; 1
478; 2
483; 1
490; 2
491; 1
498; 2
517; 1
524; 2
519; 1
526; 2
520; 1
527; 2
526; 1
533; 2
545; 1
552; 2
599; 1
606; 2
604; 1
611; 2
610; 1
617; 2
621; 1
628; 2
635; 1
642; 2
675; 1
682; 2
703; 1
710; 2
720; 1
727; 2
731; 1
738; 2
755; 1
762; 2
759; 1
766; 2
778; 1
785; 2
794; 1
801; 2
800; 1
807; 2
829; 1
836; 2
849; 1
856; 2
861; 1
868; 2
864; 1
871; 2
866; 1
873; 2
894; 1
901; 2
903; 1
910; 2
962; 1
969; 2
998; 1
1005; 2
1018; 1
1025; 2
1037; 1
1044; 2
1038; 1
1045; 2
1043; 1
1050; 2
1050; 1
1057; 2
1071; 1
1078; 2
1074; 1
1081; 2
1094; 1
1101; 2
1113; 1
1120; 2
1127; 1
1134; 2
1135; 1
1142; 2
1148; 1
1155; 2
1167; 1
1174; 2
1245; 1
1252; 2
1266; 1
1273; 2
1317; 1
1324; 2
1397; 1
1404; 2
1413; 1
1420; 2
1435; 1
1442; 2
1447; 1
1454; 2
1450; 1
1457; 2
1455; 1
1462; 2
1460; 1
1467; 2
1464; 1
1471; 2
1468; 1
1475; 2
1509; 1
1516; 2
1547; 1
1554; 2
1562; 1
1569; 2
1620; 1
1627; 2
1624; 1
1631; 2
1624; 1
1631; 2
1632; 1
1639; 2
1632; 1
1639; 2
1639; 1
1646; 2
1653; 1
1660; 2
1656; 1
1663; 2
1713; 1
1720; 2
1733; 1
1740; 2
1897; 1
1904; 2
1905; 1
1912; 2
1920; 1
1927; 2
1949; 1
1956; 2
1972; 1
1979; 2
1988; 1
1995; 2
2030; 1
2037; 2
2034; 1
2041; 2
2044; 1
2051; 2
2100; 1
2107; 2
2158; 1
2165; 2
2165; 1
2172; 2
2171; 1
2178; 2
2228; 1
2235; 2
2264; 1
2271; 2
2270; 1
2277; 2
2282; 1
2289; 2
2296; 1
2303; 2
2305; 1
2312; 2
2321; 1
2328; 2
2323; 1
2330; 2
2331; 1
2338; 2
2340; 1
2347; 2
2377; 1
2384; 2
2380; 1
2387; 2
2430; 1
2437; 2
2434; 1
2441; 2
2470; 1
2477; 2
2471; 1
2478; 2
2471; 1
2478; 2
2500; 1
2507; 2
2502; 1
2509; 2
2511; 1
2518; 2
2516; 1
2523; 2
2547; 1
2554; 2
2562; 1
2569; 2
2563; 1
2570; 2
2564; 1
2571; 2
2593; 1
2600; 2
2614; 1
2621; 2
2620; 1
2627; 2
2639; 1
2646; 2
2640; 1
2647; 2
2699; 1
2706; 2
2716; 1
2723; 2
2720; 1
2727; 2
2834; 1
2841; 2
2874; 1
2881; 2
2876; 1
2883; 2
2876; 1
2883; 2
2904; 1
2911; 2
2937; 1
2944; 2
2939; 1
2946; 2
2977; 1
2984; 2
2984; 1
2991; 2
2985; 1
2992; 2
2992; 1
2999; 2
3033; 1
3040; 2
3074; 1
3081; 2
3094; 1
3101; 2
3102; 1
3109; 2
3104; 1
3111; 2
3194; 1
3201; 2
3217; 1
3224; 2
3299; 1
3306; 2
3301; 1
3308; 2
3349; 1
3356; 2
3359; 1
3366; 2
3364; 1
3371; 2
3365; 1
3372; 2
3378; 1
3385; 2
3381; 1
3388; 2
3384; 1
3391; 2
3397; 1
3404; 2
3398; 1
3405; 2
3422; 1
3429; 2
3486; 1
3493; 2
3486; 1
3493; 2
3516; 1
3523; 2
3517; 1
3524; 2
3522; 1
3529; 2
3543; 1
3550; 2
3546; 1
3553; 2
3549; 1
3556; 2
3575; 1
3582; 2
3617; 1
3624; 2
3635; 1
3642; 2
3640; 1
3647; 2
3684; 1
3691; 2
3702; 1
3709; 2
3715; 1
3722; 2
3720; 1
3727; 2
3755; 1
3762; 2
3781; 1
3788; 2
3801; 1
3808; 2
3820; 1
3827; 2
3866; 1
3873; 2
3869; 1
3876; 2
3883; 1
3890; 2
3976; 1
3983; 2
3978; 1
3985; 2
3994; 1
4001; 2
4023; 1
4030; 2
4036; 1
4043; 2
4102; 1
4109; 2
4150; 1
4157; 2
4151; 1
4158; 2
4156; 1
4163; 2
4179; 1
4186; 2
4185; 1
4192; 2
4206; 1
4213; 2
4235; 1
4242; 2
4238; 1
4245; 2
4264; 1
4271; 2
4280; 1
4287; 2
4291; 1
4298; 2
4306; 1
4313; 2
4315; 1
4322; 2
4323; 1
4330; 2
4337; 1
4344; 2
4347; 1
4354; 2
4357; 1
4364; 2
4408; 1
4415; 2
4439; 1
4446; 2
4473; 1
4480; 2
4510; 1
4517; 2
4519; 1
4526; 2
4533; 1
4540; 2
4536; 1
4543; 2
4548; 1
4555; 2
4552; 1
4559; 2
4573; 1
4580; 2
4599; 1
4606; 2
4630; 1
4637; 2
4654; 1
4661; 2
4662; 1
4669; 2
4663; 1
4670; 2
4668; 1
4675; 2
4680; 1
4687; 2
4683; 1
4690; 2
4696; 1
4703; 2
4698; 1
4705; 2
4746; 1
4753; 2
4762; 1
4769; 2
4816; 1
4823; 2
4833; 1
4840; 2
4877; 1
4884; 2
4880; 1
4887; 2
4908; 1
4915; 2
4945; 1
4952; 2
4950; 1
4957; 2
4957; 1
4964; 2
4969; 1
4976; 2
4971; 1
4978; 2
5002; 1
5009; 2
5004; 1
5011; 2
5027; 1
5034; 2
5041; 1
5048; 2
5059; 1
5066; 2
5071; 1
5078; 2
5082; 1
5089; 2
5092; 1
5099; 2
5129; 1
5136; 2
5189; 1
5196; 2
5196; 1
5203; 2
5220; 1
5227; 2
5235; 1
5242; 2
5239; 1
5246; 2
5244; 1
5251; 2
5258; 1
5265; 2
5299; 1
5306; 2
5346; 1
5353; 2
5380; 1
5387; 2
5410; 1
5417; 2
5420; 1
5427; 2
5435; 1
5442; 2
5451; 1
5458; 2
5464; 1
5471; 2
5488; 1
5495; 2
5544; 1
5551; 2
5571; 1
5578; 2
5573; 1
5580; 2
5627; 1
5634; 2
5649; 1
5656; 2
5662; 1
5669; 2
5679; 1
5686; 2
5686; 1
5693; 2
5702; 1
5709; 2
5708; 1
5715; 2
5711; 1
5718; 2
5720; 1
5727; 2
5725; 1
5732; 2
5736; 1
5743; 2
5747; 1
5754; 2
5765; 1
5772; 2
5802; 1
5809; 2
5824; 1
5831; 2
5824; 1
5831; 2
5860; 1
5867; 2
5865; 1
5872; 2
5919; 1
5926; 2
5924; 1
5931; 2
5955; 1
5962; 2
5958; 1
5965; 2
5962; 1
5969; 2
5981; 1
5988; 2
5996; 1
6003; 2
6003; 1
6010; 2
6003; 1
6010; 2
6015; 1
6022; 2
6051; 1
6058; 2
6064; 1
6071; 2
6096; 1
6103; 2
6133; 1
6140; 2
6146; 1
6153; 2
6160; 1
6167; 2
6167; 1
6174; 2
6215; 1
6222; 2
6235; 1
6242; 2
6295; 1
6302; 2
6299; 1
6306; 2
6319; 1
6326; 2
6335; 1
6342; 2
6362; 1
6369; 2
6370; 1
6377; 2
6410; 1
6417; 2
6443; 1
6450; 2
6444; 1
6451; 2
6478; 1
6485; 2
6506; 1
6513; 2
6509; 1
6516; 2
6531; 1
6538; 2
6565; 1
6572; 2
6571; 1
6578; 2
6629; 1
6636; 2
6637; 1
6644; 2
6660; 1
6667; 2
6666; 1
6673; 2
6679; 1
6686; 2
6682; 1
6689; 2
6687; 1
6694; 2
6687; 1
6694; 2
6693; 1
6700; 2
6717; 1
6724; 2
6775; 1
6782; 2
6801; 1
6808; 2
6822; 1
6829; 2
6842; 1
6849; 2
6848; 1
6855; 2
6862; 1
6869; 2
6862; 1
6869; 2
6896; 1
6903; 2
6914; 1
6921; 2
6930; 1
6937; 2
6936; 1
6943; 2
6951; 1
6958; 2
6966; 1
6973; 2
6980; 1
6987; 2
6985; 1
6992; 2
6995; 1
7002; 2
7038; 1
7045; 2
7046; 1
7053; 2
7065; 1
7072; 2
7072; 1
7079; 2
7095; 1
7102; 2
7113; 1
7120; 2
7145; 1
7152; 2
7147; 1
7154; 2
7167; 1
7174; 2
7186; 1
7193; 2
7195; 1
7202; 2
7199; 1
7206; 2
7200; 1
7207; 2
7208; 1
7215; 2
7256; 1
7263; 2
7269; 1
7276; 2
7320; 1
7327; 2
7330; 1
7337; 2
7344; 1
7351; 2
7389; 1
7396; 2
7391; 1
7398; 2
7392; 1
7399; 2
7395; 1
7402; 2
7411; 1
7418; 2
7423; 1
7430; 2
7430; 1
7437; 2
7462; 1
7469; 2
7542; 1
7549; 2
7564; 1
7571; 2
7616; 1
7623; 2
7649; 1
7656; 2
7651; 1
7658; 2
7677; 1
7684; 2
7695; 1
7702; 2
7723; 1
7730; 2
7726; 1
7733; 2
7726; 1
7733; 2
7730; 1
7737; 2
7738; 1
7745; 2
7750; 1
7757; 2
7754; 1
7761; 2
7765; 1
7772; 2
7769; 1
7776; 2
7769; 1
7776; 2
7783; 1
7790; 2
7808; 1
7815; 2
7811; 1
7818; 2
7861; 1
7868; 2
7873; 1
7880; 2
7895; 1
7902; 2
7898; 1
7905; 2
7907; 1
7914; 2
7920; 1
7927; 2
7933; 1
7940; 2
7945; 1
7952; 2
7953; 1
7960; 2
7997; 1
8004; 2
7999; 1
8006; 2
8000; 1
8007; 2
8001; 1
8008; 2
8013; 1
8020; 2
8020; 1
8027; 2
8034; 1
8041; 2
8039; 1
8046; 2
8069; 1
8076; 2
8071; 1
8078; 2
8081; 1
8088; 2
8096; 1
8103; 2
8099; 1
8106; 2
8103; 1
8110; 2
8176; 1
8183; 2
8189; 1
8196; 2
8197; 1
8204; 2
8275; 1
8282; 2
8285; 1
8292; 2
8316; 1
8323; 2
8325; 1
8332; 2
8329; 1
8336; 2
8342; 1
8349; 2
8357; 1
8364; 2
8469; 1
8476; 2
8502; 1
8509; 2
8522; 1
8529; 2
8590; 1
8597; 2
8591; 1
8598; 2
8596; 1
8603; 2
8600; 1
8607; 2
8613; 1
8620; 2
8631; 1
8638; 2
8651; 1
8658; 2
8689; 1
8696; 2
8730; 1
8737; 2
8741; 1
8748; 2
8748; 1
8755; 2
8804; 1
8811; 2
8834; 1
8841; 2
8843; 1
8850; 2
8859; 1
8866; 2
8860; 1
8867; 2
8937; 1
8944; 2
8960; 1
8967; 2
8988; 1
8995; 2
8995; 1
9002; 2
8996; 1
9003; 2
9044; 1
9051; 2
9050; 1
9057; 2
9058; 1
9065; 2
9070; 1
9077; 2
9077; 1
9084; 2
9078; 1
9085; 2
9082; 1
9089; 2
9127; 1
9134; 2
9139; 1
9146; 2
9171; 1
9178; 2
9174; 1
9181; 2
9178; 1
9185; 2
9183; 1
9190; 2
9189; 1
9196; 2
9210; 1
9217; 2
9211; 1
9218; 2
9212; 1
9219; 2
9231; 1
9238; 2
9238; 1
9245; 2
9274; 1
9281; 2
9290; 1
9297; 2
9303; 1
9310; 2
9340; 1
9347; 2
9366; 1
9373; 2
9387; 1
9394; 2
9389; 1
9396; 2
9390; 1
9397; 2
9391; 1
9398; 2
9416; 1
9423; 2
9422; 1
9429; 2
9427; 1
9434; 2
9429; 1
9436; 2
9431; 1
9438; 2
9533; 1
9540; 2
9623; 1
9630; 2
9758; 1
9765; 2
9761; 1
9768; 2
9800; 1
9807; 2
9807; 1
9814; 2
9810; 1
9817; 2
9842; 1
9849; 2
9872; 1
9879; 2
9969; 1
9976; 2
9989; 1
9996; 2
10026; 1
10033; 2
10036; 1
10043; 2
10045; 1
10052; 2
10061; 1
10068; 2
10079; 1
10086; 2
