Sequence of timestamped events V1.0
Stream 0
Id =0
Name = Camera_0
Tbegin = 0
Tend = 10000
Count = 500
26; 1
31; 2
69; 1
74; 2
99; 1
104; 2
100; 1
105; 2
119; 1
124; 2
144; 1
149; 2
186; 1
191; 2
201; 1
206; 2
224; 1
229; 2
227; 1
232; 2
228; 1
233; 2
250; 1
255; 2
274; 1
279; 2
304; 1
309; 2
305; 1
310; 2
334; 1
339; 2
347; 1
352; 2
348; 1
353; 2
369; 1
374; 2
381; 1
386; 2
389; 1
394; 2
415; 1
420; 2
417; 1
422; 2
418; 1
423; 2
424; 1
429; 2
443; 1
448; 2
497; 1
502; 2
502; 1
507; 2
508; 1
513; 2
519; 1
524; 2
533; 1
538; 2
573; 1
578; 2
601; 1
606; 2
618; 1
623; 2
629; 1
634; 2
653; 1
658; 2
657; 1
662; 2
676; 1
681; 2
692; 1
697; 2
698; 1
703; 2
727; 1
732; 2
747; 1
752; 2
759; 1
764; 2
762; 1
767; 2
764; 1
769; 2
792; 1
797; 2
801; 1
806; 2
860; 1
865; 2
896; 1
901; 2
916; 1
921; 2
935; 1
940; 2
936; 1
941; 2
941; 1
946; 2
948; 1
953; 2
969; 1
974; 2
972; 1
977; 2
992; 1
997; 2
1011; 1
1016; 2
1025; 1
1030; 2
1033; 1
1038; 2
1046; 1
1051; 2
1065; 1
1070; 2
1143; 1
1148; 2
1164; 1
1169; 2
1215; 1
1220; 2
1295; 1
1300; 2
1311; 1
1316; 2
1333; 1
1338; 2
1345; 1
1350; 2
1348; 1
1353; 2
1353; 1
1358; 2
1358; 1
1363; 2
1362; 1
1367; 2
1366; 1
1371; 2
1407; 1
1412; 2
1445; 1
1450; 2
1460; 1
1465; 2
1518; 1
1523; 2
1522; 1
1527; 2
1522; 1
1527; 2
1530; 1
1535; 2
1530; 1
1535; 2
1537; 1
1542; 2
1551; 1
1556; 2
1554; 1
1559; 2
1611; 1
1616; 2
1631; 1
1636; 2
1795; 1
1800; 2
1803; 1
1808; 2
1818; 1
1823; 2
1847; 1
1852; 2
1870; 1
1875; 2
1886; 1
1891; 2
1928; 1
1933; 2
1932; 1
1937; 2
1942; 1
1947; 2
1998; 1
2003; 2
2056; 1
2061; 2
2063; 1
2068; 2
2069; 1
2074; 2
2126; 1
2131; 2
2162; 1
2167; 2
2168; 1
2173; 2
2180; 1
2185; 2
2194; 1
2199; 2
2203; 1
2208; 2
2219; 1
2224; 2
2221; 1
2226; 2
2229; 1
2234; 2
2238; 1
2243; 2
2275; 1
2280; 2
2278; 1
2283; 2
2328; 1
2333; 2
2332; 1
2337; 2
2368; 1
2373; 2
2369; 1
2374; 2
2369; 1
2374; 2
2398; 1
2403; 2
2400; 1
2405; 2
2409; 1
2414; 2
2414; 1
2419; 2
2445; 1
2450; 2
2460; 1
2465; 2
2461; 1
2466; 2
2462; 1
2467; 2
2491; 1
2496; 2
2512; 1
2517; 2
2518; 1
2523; 2
2537; 1
2542; 2
2538; 1
2543; 2
2597; 1
2602; 2
2614; 1
2619; 2
2618; 1
2623; 2
2732; 1
2737; 2
2772; 1
2777; 2
2774; 1
2779; 2
2774; 1
2779; 2
2802; 1
2807; 2
2835; 1
2840; 2
2837; 1
2842; 2
2875; 1
2880; 2
2882; 1
2887; 2
2883; 1
2888; 2
2890; 1
2895; 2
2931; 1
2936; 2
2972; 1
2977; 2
2992; 1
2997; 2
3000; 1
3005; 2
3002; 1
3007; 2
3092; 1
3097; 2
3115; 1
3120; 2
3197; 1
3202; 2
3199; 1
3204; 2
3247; 1
3252; 2
3257; 1
3262; 2
3262; 1
3267; 2
3263; 1
3268; 2
3276; 1
3281; 2
3279; 1
3284; 2
3282; 1
3287; 2
3295; 1
3300; 2
3296; 1
3301; 2
3320; 1
3325; 2
3384; 1
3389; 2
3384; 1
3389; 2
3414; 1
3419; 2
3415; 1
3420; 2
3420; 1
3425; 2
3441; 1
3446; 2
3444; 1
3449; 2
3447; 1
3452; 2
3473; 1
3478; 2
3515; 1
3520; 2
3533; 1
3538; 2
3538; 1
3543; 2
3582; 1
3587; 2
3600; 1
3605; 2
3613; 1
3618; 2
3618; 1
3623; 2
3653; 1
3658; 2
3679; 1
3684; 2
3699; 1
3704; 2
3718; 1
3723; 2
3764; 1
3769; 2
3767; 1
3772; 2
3781; 1
3786; 2
3874; 1
3879; 2
3876; 1
3881; 2
3892; 1
3897; 2
3921; 1
3926; 2
3934; 1
3939; 2
4000; 1
4005; 2
4048; 1
4053; 2
4049; 1
4054; 2
4054; 1
4059; 2
4077; 1
4082; 2
4083; 1
4088; 2
4104; 1
4109; 2
4133; 1
4138; 2
4136; 1
4141; 2
4162; 1
4167; 2
4178; 1
4183; 2
4189; 1
4194; 2
4204; 1
4209; 2
4213; 1
4218; 2
4221; 1
4226; 2
4235; 1
4240; 2
4245; 1
4250; 2
4255; 1
4260; 2
4306; 1
4311; 2
4337; 1
4342; 2
4371; 1
4376; 2
4408; 1
4413; 2
4417; 1
4422; 2
4431; 1
4436; 2
4434; 1
4439; 2
4446; 1
4451; 2
4450; 1
4455; 2
4471; 1
4476; 2
4497; 1
4502; 2
4528; 1
4533; 2
4552; 1
4557; 2
4560; 1
4565; 2
4561; 1
4566; 2
4566; 1
4571; 2
4578; 1
4583; 2
4581; 1
4586; 2
4594; 1
4599; 2
4596; 1
4601; 2
4644; 1
4649; 2
4660; 1
4665; 2
4714; 1
4719; 2
4731; 1
4736; 2
4775; 1
4780; 2
4778; 1
4783; 2
4806; 1
4811; 2
4843; 1
4848; 2
4848; 1
4853; 2
4855; 1
4860; 2
4867; 1
4872; 2
4869; 1
4874; 2
4900; 1
4905; 2
4902; 1
4907; 2
4925; 1
4930; 2
4939; 1
4944; 2
4957; 1
4962; 2
4969; 1
4974; 2
4980; 1
4985; 2
4990; 1
4995; 2
5027; 1
5032; 2
5087; 1
5092; 2
5094; 1
5099; 2
5118; 1
5123; 2
5133; 1
5138; 2
5137; 1
5142; 2
5142; 1
5147; 2
5156; 1
5161; 2
5197; 1
5202; 2
5244; 1
5249; 2
5278; 1
5283; 2
5308; 1
5313; 2
5318; 1
5323; 2
5333; 1
5338; 2
5349; 1
5354; 2
5362; 1
5367; 2
5386; 1
5391; 2
5442; 1
5447; 2
5469; 1
5474; 2
5471; 1
5476; 2
5525; 1
5530; 2
5547; 1
5552; 2
5560; 1
5565; 2
5577; 1
5582; 2
5584; 1
5589; 2
5600; 1
5605; 2
5606; 1
5611; 2
5609; 1
5614; 2
5618; 1
5623; 2
5623; 1
5628; 2
5634; 1
5639; 2
5645; 1
5650; 2
5663; 1
5668; 2
5700; 1
5705; 2
5722; 1
5727; 2
5722; 1
5727; 2
5758; 1
5763; 2
5763; 1
5768; 2
5817; 1
5822; 2
5822; 1
5827; 2
5853; 1
5858; 2
5856; 1
5861; 2
5860; 1
5865; 2
5879; 1
5884; 2
5894; 1
5899; 2
5901; 1
5906; 2
5901; 1
5906; 2
5913; 1
5918; 2
5949; 1
5954; 2
5962; 1
5967; 2
5994; 1
5999; 2
6031; 1
6036; 2
6044; 1
6049; 2
6058; 1
6063; 2
6065; 1
6070; 2
6113; 1
6118; 2
6133; 1
6138; 2
6193; 1
6198; 2
6197; 1
6202; 2
6217; 1
6222; 2
6233; 1
6238; 2
6260; 1
6265; 2
6268; 1
6273; 2
6308; 1
6313; 2
6341; 1
6346; 2
6342; 1
6347; 2
6376; 1
6381; 2
6404; 1
6409; 2
6407; 1
6412; 2
6429; 1
6434; 2
6463; 1
6468; 2
6469; 1
6474; 2
6527; 1
6532; 2
6535; 1
6540; 2
6558; 1
6563; 2
6564; 1
6569; 2
6577; 1
6582; 2
6580; 1
6585; 2
6585; 1
6590; 2
6585; 1
6590; 2
6591; 1
6596; 2
6615; 1
6620; 2
6673; 1
6678; 2
6699; 1
6704; 2
6720; 1
6725; 2
6740; 1
6745; 2
6746; 1
6751; 2
6760; 1
6765; 2
6760; 1
6765; 2
6794; 1
6799; 2
6812; 1
6817; 2
6828; 1
6833; 2
6834; 1
6839; 2
6849; 1
6854; 2
6864; 1
6869; 2
6878; 1
6883; 2
6883; 1
6888; 2
6893; 1
6898; 2
6936; 1
6941; 2
6944; 1
6949; 2
6963; 1
6968; 2
6970; 1
6975; 2
6993; 1
6998; 2
7011; 1
7016; 2
7043; 1
7048; 2
7045; 1
7050; 2
7065; 1
7070; 2
7084; 1
7089; 2
7093; 1
7098; 2
7097; 1
7102; 2
7098; 1
7103; 2
7106; 1
7111; 2
7154; 1
7159; 2
7167; 1
7172; 2
7218; 1
7223; 2
7228; 1
7233; 2
7242; 1
7247; 2
7287; 1
7292; 2
7289; 1
7294; 2
7290; 1
7295; 2
7293; 1
7298; 2
7309; 1
7314; 2
7321; 1
7326; 2
7328; 1
7333; 2
7360; 1
7365; 2
7440; 1
7445; 2
7462; 1
7467; 2
7514; 1
7519; 2
7547; 1
7552; 2
7549; 1
7554; 2
7575; 1
7580; 2
7593; 1
7598; 2
7621; 1
7626; 2
7624; 1
7629; 2
7624; 1
7629; 2
7628; 1
7633; 2
7636; 1
7641; 2
7648; 1
7653; 2
7652; 1
7657; 2
7663; 1
7668; 2
7667; 1
7672; 2
7667; 1
7672; 2
7681; 1
7686; 2
7706; 1
7711; 2
7709; 1
7714; 2
7759; 1
7764; 2
7771; 1
7776; 2
7793; 1
7798; 2
7796; 1
7801; 2
7805; 1
7810; 2
7818; 1
7823; 2
7831; 1
7836; 2
7843; 1
7848; 2
7851; 1
7856; 2
7895; 1
7900; 2
7897; 1
7902; 2
7898; 1
7903; 2
7899; 1
7904; 2
7911; 1
7916; 2
7918; 1
7923; 2
7932; 1
7937; 2
7937; 1
7942; 2
7967; 1
7972; 2
7969; 1
7974; 2
7979; 1
7984; 2
7994; 1
7999; 2
7997; 1
8002; 2
8001; 1
8006; 2
8074; 1
8079; 2
8087; 1
8092; 2
8095; 1
8100; 2
8173; 1
8178; 2
8183; 1
8188; 2
8214; 1
8219; 2
8223; 1
8228; 2
8227; 1
8232; 2
8240; 1
8245; 2
8255; 1
8260; 2
8367; 1
8372; 2
8400; 1
8405; 2
8420; 1
8425; 2
8488; 1
8493; 2
8489; 1
8494; 2
8494; 1
8499; 2
8498; 1
8503; 2
8511; 1
8516; 2
8529; 1
8534; 2
8549; 1
8554; 2
8587; 1
8592; 2
8628; 1
8633; 2
8639; 1
8644; 2
8646; 1
8651; 2
8702; 1
8707; 2
8732; 1
8737; 2
8741; 1
8746; 2
8757; 1
8762; 2
8758; 1
8763; 2
8835; 1
8840; 2
8858; 1
8863; 2
8886; 1
8891; 2
8893; 1
8898; 2
8894; 1
8899; 2
8942; 1
8947; 2
8948; 1
8953; 2
8956; 1
8961; 2
8968; 1
8973; 2
8975; 1
8980; 2
8976; 1
8981; 2
8980; 1
8985; 2
9025; 1
9030; 2
9037; 1
9042; 2
9069; 1
9074; 2
9072; 1
9077; 2
9076; 1
9081; 2
9081; 1
9086; 2
9087; 1
9092; 2
9108; 1
9113; 2
9109; 1
9114; 2
9110; 1
9115; 2
9129; 1
9134; 2
9136; 1
9141; 2
9172; 1
9177; 2
9188; 1
9193; 2
9201; 1
9206; 2
9238; 1
9243; 2
9264; 1
9269; 2
9285; 1
9290; 2
9287; 1
9292; 2
9288; 1
9293; 2
9289; 1
9294; 2
9314; 1
9319; 2
9320; 1
9325; 2
9325; 1
9330; 2
9327; 1
9332; 2
9329; 1
9334; 2
9431; 1
9436; 2
9521; 1
9526; 2
9656; 1
9661; 2
9659; 1
9664; 2
9698; 1
9703; 2
9705; 1
9710; 2
9708; 1
9713; 2
9740; 1
9745; 2
9770; 1
9775; 2
9867; 1
9872; 2
9887; 1
9892; 2
9924; 1
9929; 2
9934; 1
9939; 2
9943; 1
9948; 2
9959; 1
9964; 2
9977; 1
9982; 2
