Sequence of timestamped events V1.0
Stream 5
Id =5
Name = Camera_5
Tbegin = 0
Tend = 10000
Count = 500
83; 1
89; 2
126; 1
132; 2
156; 1
162; 2
157; 1
163; 2
176; 1
182; 2
201; 1
207; 2
243; 1
249; 2
258; 1
264; 2
281; 1
287; 2
284; 1
290; 2
285; 1
291; 2
307; 1
313; 2
331; 1
337; 2
361; 1
367; 2
362; 1
368; 2
391; 1
397; 2
404; 1
410; 2
405; 1
411; 2
426; 1
432; 2
438; 1
444; 2
446; 1
452; 2
472; 1
478; 2
474; 1
480; 2
475; 1
481; 2
481; 1
487; 2
500; 1
506; 2
554; 1
560; 2
559; 1
565; 2
565; 1
571; 2
576; 1
582; 2
590; 1
596; 2
630; 1
636; 2
658; 1
664; 2
675; 1
681; 2
686; 1
692; 2
710; 1
716; 2
714; 1
720; 2
733; 1
739; 2
749; 1
755; 2
755; 1
761; 2
784; 1
790; 2
804; 1
810; 2
816; 1
822; 2
819; 1
825; 2
821; 1
827; 2
849; 1
855; 2
858; 1
864; 2
917; 1
923; 2
953; 1
959; 2
973; 1
979; 2
992; 1
998; 2
993; 1
999; 2
998; 1
1004; 2
1005; 1
1011; 2
1026; 1
1032; 2
1029; 1
1035; 2
1049; 1
1055; 2
1068; 1
1074; 2
1082; 1
1088; 2
1090; 1
1096; 2
1103; 1
1109; 2
1122; 1
1128; 2
1200; 1
1206; 2
1221; 1
1227; 2
1272; 1
1278; 2
1352; 1
1358; 2
1368; 1
1374; 2
1390; 1
1396; 2
1402; 1
1408; 2
1405; 1
1411; 2
1410; 1
1416; 2
1415; 1
1421; 2
1419; 1
1425; 2
1423; 1
1429; 2
1464; 1
1470; 2
1502; 1
1508; 2
1517; 1
1523; 2
1575; 1
1581; 2
1579; 1
1585; 2
1579; 1
1585; 2
1587; 1
1593; 2
1587; 1
1593; 2
1594; 1
1600; 2
1608; 1
1614; 2
1611; 1
1617; 2
1668; 1
1674; 2
1688; 1
1694; 2
1852; 1
1858; 2
1860; 1
1866; 2
1875; 1
1881; 2
1904; 1
1910; 2
1927; 1
1933; 2
1943; 1
1949; 2
1985; 1
1991; 2
1989; 1
1995; 2
1999; 1
2005; 2
2055; 1
2061; 2
2113; 1
2119; 2
2120; 1
2126; 2
2126; 1
2132; 2
2183; 1
2189; 2
2219; 1
2225; 2
2225; 1
2231; 2
2237; 1
2243; 2
2251; 1
2257; 2
2260; 1
2266; 2
2276; 1
2282; 2
2278; 1
2284; 2
2286; 1
2292; 2
2295; 1
2301; 2
2332; 1
2338; 2
2335; 1
2341; 2
2385; 1
2391; 2
2389; 1
2395; 2
2425; 1
2431; 2
2426; 1
2432; 2
2426; 1
2432; 2
2455; 1
2461; 2
2457; 1
2463; 2
2466; 1
2472; 2
2471; 1
2477; 2
2502; 1
2508; 2
2517; 1
2523; 2
2518; 1
2524; 2
2519; 1
2525; 2
2548; 1
2554; 2
2569; 1
2575; 2
2575; 1
2581; 2
2594; 1
2600; 2
2595; 1
2601; 2
2654; 1
2660; 2
2671; 1
2677; 2
2675; 1
2681; 2
2789; 1
2795; 2
2829; 1
2835; 2
2831; 1
2837; 2
2831; 1
2837; 2
2859; 1
2865; 2
2892; 1
2898; 2
2894; 1
2900; 2
2932; 1
2938; 2
2939; 1
2945; 2
2940; 1
2946; 2
2947; 1
2953; 2
2988; 1
2994; 2
3029; 1
3035; 2
3049; 1
3055; 2
3057; 1
3063; 2
3059; 1
3065; 2
3149; 1
3155; 2
3172; 1
3178; 2
3254; 1
3260; 2
3256; 1
3262; 2
3304; 1
3310; 2
3314; 1
3320; 2
3319; 1
3325; 2
3320; 1
3326; 2
3333; 1
3339; 2
3336; 1
3342; 2
3339; 1
3345; 2
3352; 1
3358; 2
3353; 1
3359; 2
3377; 1
3383; 2
3441; 1
3447; 2
3441; 1
3447; 2
3471; 1
3477; 2
3472; 1
3478; 2
3477; 1
3483; 2
3498; 1
3504; 2
3501; 1
3507; 2
3504; 1
3510; 2
3530; 1
3536; 2
3572; 1
3578; 2
3590; 1
3596; 2
3595; 1
3601; 2
3639; 1
3645; 2
3657; 1
3663; 2
3670; 1
3676; 2
3675; 1
3681; 2
3710; 1
3716; 2
3736; 1
3742; 2
3756; 1
3762; 2
3775; 1
3781; 2
3821; 1
3827; 2
3824; 1
3830; 2
3838; 1
3844; 2
3931; 1
3937; 2
3933; 1
3939; 2
3949; 1
3955; 2
3978; 1
3984; 2
3991; 1
3997; 2
4057; 1
4063; 2
4105; 1
4111; 2
4106; 1
4112; 2
4111; 1
4117; 2
4134; 1
4140; 2
4140; 1
4146; 2
4161; 1
4167; 2
4190; 1
4196; 2
4193; 1
4199; 2
4219; 1
4225; 2
4235; 1
4241; 2
4246; 1
4252; 2
4261; 1
4267; 2
4270; 1
4276; 2
4278; 1
4284; 2
4292; 1
4298; 2
4302; 1
4308; 2
4312; 1
4318; 2
4363; 1
4369; 2
4394; 1
4400; 2
4428; 1
4434; 2
4465; 1
4471; 2
4474; 1
4480; 2
4488; 1
4494; 2
4491; 1
4497; 2
4503; 1
4509; 2
4507; 1
4513; 2
4528; 1
4534; 2
4554; 1
4560; 2
4585; 1
4591; 2
4609; 1
4615; 2
4617; 1
4623; 2
4618; 1
4624; 2
4623; 1
4629; 2
4635; 1
4641; 2
4638; 1
4644; 2
4651; 1
4657; 2
4653; 1
4659; 2
4701; 1
4707; 2
4717; 1
4723; 2
4771; 1
4777; 2
4788; 1
4794; 2
4832; 1
4838; 2
4835; 1
4841; 2
4863; 1
4869; 2
4900; 1
4906; 2
4905; 1
4911; 2
4912; 1
4918; 2
4924; 1
4930; 2
4926; 1
4932; 2
4957; 1
4963; 2
4959; 1
4965; 2
4982; 1
4988; 2
4996; 1
5002; 2
5014; 1
5020; 2
5026; 1
5032; 2
5037; 1
5043; 2
5047; 1
5053; 2
5084; 1
5090; 2
5144; 1
5150; 2
5151; 1
5157; 2
5175; 1
5181; 2
5190; 1
5196; 2
5194; 1
5200; 2
5199; 1
5205; 2
5213; 1
5219; 2
5254; 1
5260; 2
5301; 1
5307; 2
5335; 1
5341; 2
5365; 1
5371; 2
5375; 1
5381; 2
5390; 1
5396; 2
5406; 1
5412; 2
5419; 1
5425; 2
5443; 1
5449; 2
5499; 1
5505; 2
5526; 1
5532; 2
5528; 1
5534; 2
5582; 1
5588; 2
5604; 1
5610; 2
5617; 1
5623; 2
5634; 1
5640; 2
5641; 1
5647; 2
5657; 1
5663; 2
5663; 1
5669; 2
5666; 1
5672; 2
5675; 1
5681; 2
5680; 1
5686; 2
5691; 1
5697; 2
5702; 1
5708; 2
5720; 1
5726; 2
5757; 1
5763; 2
5779; 1
5785; 2
5779; 1
5785; 2
5815; 1
5821; 2
5820; 1
5826; 2
5874; 1
5880; 2
5879; 1
5885; 2
5910; 1
5916; 2
5913; 1
5919; 2
5917; 1
5923; 2
5936; 1
5942; 2
5951; 1
5957; 2
5958; 1
5964; 2
5958; 1
5964; 2
5970; 1
5976; 2
6006; 1
6012; 2
6019; 1
6025; 2
6051; 1
6057; 2
6088; 1
6094; 2
6101; 1
6107; 2
6115; 1
6121; 2
6122; 1
6128; 2
6170; 1
6176; 2
6190; 1
6196; 2
6250; 1
6256; 2
6254; 1
6260; 2
6274; 1
6280; 2
6290; 1
6296; 2
6317; 1
6323; 2
6325; 1
6331; 2
6365; 1
6371; 2
6398; 1
6404; 2
6399; 1
6405; 2
6433; 1
6439; 2
6461; 1
6467; 2
6464; 1
6470; 2
6486; 1
6492; 2
6520; 1
6526; 2
6526; 1
6532; 2
6584; 1
6590; 2
6592; 1
6598; 2
6615; 1
6621; 2
6621; 1
6627; 2
6634; 1
6640; 2
6637; 1
6643; 2
6642; 1
6648; 2
6642; 1
6648; 2
6648; 1
6654; 2
6672; 1
6678; 2
6730; 1
6736; 2
6756; 1
6762; 2
6777; 1
6783; 2
6797; 1
6803; 2
6803; 1
6809; 2
6817; 1
6823; 2
6817; 1
6823; 2
6851; 1
6857; 2
6869; 1
6875; 2
6885; 1
6891; 2
6891; 1
6897; 2
6906; 1
6912; 2
6921; 1
6927; 2
6935; 1
6941; 2
6940; 1
6946; 2
6950; 1
6956; 2
6993; 1
6999; 2
7001; 1
7007; 2
7020; 1
7026; 2
7027; 1
7033; 2
7050; 1
7056; 2
7068; 1
7074; 2
7100; 1
7106; 2
7102; 1
7108; 2
7122; 1
7128; 2
7141; 1
7147; 2
7150; 1
7156; 2
7154; 1
7160; 2
7155; 1
7161; 2
7163; 1
7169; 2
7211; 1
7217; 2
7224; 1
7230; 2
7275; 1
7281; 2
7285; 1
7291; 2
7299; 1
7305; 2
7344; 1
7350; 2
7346; 1
7352; 2
7347; 1
7353; 2
7350; 1
7356; 2
7366; 1
7372; 2
7378; 1
7384; 2
7385; 1
7391; 2
7417; 1
7423; 2
7497; 1
7503; 2
7519; 1
7525; 2
7571; 1
7577; 2
7604; 1
7610; 2
7606; 1
7612; 2
7632; 1
7638; 2
7650; 1
7656; 2
7678; 1
7684; 2
7681; 1
7687; 2
7681; 1
7687; 2
7685; 1
7691; 2
7693; 1
7699; 2
7705; 1
7711; 2
7709; 1
7715; 2
7720; 1
7726; 2
7724; 1
7730; 2
7724; 1
7730; 2
7738; 1
7744; 2
7763; 1
7769; 2
7766; 1
7772; 2
7816; 1
7822; 2
7828; 1
7834; 2
7850; 1
7856; 2
7853; 1
7859; 2
7862; 1
7868; 2
7875; 1
7881; 2
7888; 1
7894; 2
7900; 1
7906; 2
7908; 1
7914; 2
7952; 1
7958; 2
7954; 1
7960; 2
7955; 1
7961; 2
7956; 1
7962; 2
7968; 1
7974; 2
7975; 1
7981; 2
7989; 1
7995; 2
7994; 1
8000; 2
8024; 1
8030; 2
8026; 1
8032; 2
8036; 1
8042; 2
8051; 1
8057; 2
8054; 1
8060; 2
8058; 1
8064; 2
8131; 1
8137; 2
8144; 1
8150; 2
8152; 1
8158; 2
8230; 1
8236; 2
8240; 1
8246; 2
8271; 1
8277; 2
8280; 1
8286; 2
8284; 1
8290; 2
8297; 1
8303; 2
8312; 1
8318; 2
8424; 1
8430; 2
8457; 1
8463; 2
8477; 1
8483; 2
8545; 1
8551; 2
8546; 1
8552; 2
8551; 1
8557; 2
8555; 1
8561; 2
8568; 1
8574; 2
8586; 1
8592; 2
8606; 1
8612; 2
8644; 1
8650; 2
8685; 1
8691; 2
8696; 1
8702; 2
8703; 1
8709; 2
8759; 1
8765; 2
8789; 1
8795; 2
8798; 1
8804; 2
8814; 1
8820; 2
8815; 1
8821; 2
8892; 1
8898; 2
8915; 1
8921; 2
8943; 1
8949; 2
8950; 1
8956; 2
8951; 1
8957; 2
8999; 1
9005; 2
9005; 1
9011; 2
9013; 1
9019; 2
9025; 1
9031; 2
9032; 1
9038; 2
9033; 1
9039; 2
9037; 1
9043; 2
9082; 1
9088; 2
9094; 1
9100; 2
9126; 1
9132; 2
9129; 1
9135; 2
9133; 1
9139; 2
9138; 1
9144; 2
9144; 1
9150; 2
9165; 1
9171; 2
9166; 1
9172; 2
9167; 1
9173; 2
9186; 1
9192; 2
9193; 1
9199; 2
9229; 1
9235; 2
9245; 1
9251; 2
9258; 1
9264; 2
9295; 1
9301; 2
9321; 1
9327; 2
9342; 1
9348; 2
9344; 1
9350; 2
9345; 1
9351; 2
9346; 1
9352; 2
9371; 1
9377; 2
9377; 1
9383; 2
9382; 1
9388; 2
9384; 1
9390; 2
9386; 1
9392; 2
9488; 1
9494; 2
9578; 1
9584; 2
9713; 1
9719; 2
9716; 1
9722; 2
9755; 1
9761; 2
9762; 1
9768; 2
9765; 1
9771; 2
9797; 1
9803; 2
9827; 1
9833; 2
9924; 1
9930; 2
9944; 1
9950; 2
9981; 1
9987; 2
9991; 1
9997; 2
10000; 1
10006; 2
10016; 1
10022; 2
10034; 1
10040; 2
