Sequence of timestamped events V1.0
Stream 4
Id =4
Name = Camera_4
Tbegin = 0
Tend = 10000
Count = 500
70; 1
77; 2
113; 1
120; 2
143; 1
150; 2
144; 1
151; 2
163; 1
170; 2
188; 1
195; 2
230; 1
237; 2
245; 1
252; 2
268; 1
275; 2
271; 1
278; 2
272; 1
279; 2
294; 1
301; 2
318; 1
325; 2
348; 1
355; 2
349; 1
356; 2
378; 1
385; 2
391; 1
398; 2
392; 1
399; 2
413; 1
420; 2
425; 1
432; 2
433; 1
440; 2
459; 1
466; 2
461; 1
468; 2
462; 1
469; 2
468; 1
475; 2
487; 1
494; 2
541; 1
548; 2
546; 1
553; 2
552; 1
559; 2
563; 1
570; 2
577; 1
584; 2
617; 1
624; 2
645; 1
652; 2
662; 1
669; 2
673; 1
680; 2
697; 1
704; 2
701; 1
708; 2
720; 1
727; 2
736; 1
743; 2
742; 1
749; 2
771; 1
778; 2
791; 1
798; 2
803; 1
810; 2
806; 1
813; 2
808; 1
815; 2
836; 1
843; 2
845; 1
852; 2
904; 1
911; 2
940; 1
947; 2
960; 1
967; 2
979; 1
986; 2
980; 1
987; 2
985; 1
992; 2
992; 1
999; 2
1013; 1
1020; 2
1016; 1
1023; 2
1036; 1
1043; 2
1055; 1
1062; 2
1069; 1
1076; 2
1077; 1
1084; 2
1090; 1
1097; 2
1109; 1
1116; 2
1187; 1
1194; 2
1208; 1
1215; 2
1259; 1
1266; 2
1339; 1
1346; 2
1355; 1
1362; 2
1377; 1
1384; 2
1389; 1
1396; 2
1392; 1
1399; 2
1397; 1
1404; 2
1402; 1
1409; 2
1406; 1
1413; 2
1410; 1
1417; 2
1451; 1
1458; 2
1489; 1
1496; 2
1504; 1
1511; 2
1562; 1
1569; 2
1566; 1
1573; 2
1566; 1
1573; 2
1574; 1
1581; 2
1574; 1
1581; 2
1581; 1
1588; 2
1595; 1
1602; 2
1598; 1
1605; 2
1655; 1
1662; 2
1675; 1
1682; 2
1839; 1
1846; 2
1847; 1
1854; 2
1862; 1
1869; 2
1891; 1
1898; 2
1914; 1
1921; 2
1930; 1
1937; 2
1972; 1
1979; 2
1976; 1
1983; 2
1986; 1
1993; 2
2042; 1
2049; 2
2100; 1
2107; 2
2107; 1
2114; 2
2113; 1
2120; 2
2170; 1
2177; 2
2206; 1
2213; 2
2212; 1
2219; 2
2224; 1
2231; 2
2238; 1
2245; 2
2247; 1
2254; 2
2263; 1
2270; 2
2265; 1
2272; 2
2273; 1
2280; 2
2282; 1
2289; 2
2319; 1
2326; 2
2322; 1
2329; 2
2372; 1
2379; 2
2376; 1
2383; 2
2412; 1
2419; 2
2413; 1
2420; 2
2413; 1
2420; 2
2442; 1
2449; 2
2444; 1
2451; 2
2453; 1
2460; 2
2458; 1
2465; 2
2489; 1
2496; 2
2504; 1
2511; 2
2505; 1
2512; 2
2506; 1
2513; 2
2535; 1
2542; 2
2556; 1
2563; 2
2562; 1
2569; 2
2581; 1
2588; 2
2582; 1
2589; 2
2641; 1
2648; 2
2658; 1
2665; 2
2662; 1
2669; 2
2776; 1
2783; 2
2816; 1
2823; 2
2818; 1
2825; 2
2818; 1
2825; 2
2846; 1
2853; 2
2879; 1
2886; 2
2881; 1
2888; 2
2919; 1
2926; 2
2926; 1
2933; 2
2927; 1
2934; 2
2934; 1
2941; 2
2975; 1
2982; 2
3016; 1
3023; 2
3036; 1
3043; 2
3044; 1
3051; 2
3046; 1
3053; 2
3136; 1
3143; 2
3159; 1
3166; 2
3241; 1
3248; 2
3243; 1
3250; 2
3291; 1
3298; 2
3301; 1
3308; 2
3306; 1
3313; 2
3307; 1
3314; 2
3320; 1
3327; 2
3323; 1
3330; 2
3326; 1
3333; 2
3339; 1
3346; 2
3340; 1
3347; 2
3364; 1
3371; 2
3428; 1
3435; 2
3428; 1
3435; 2
3458; 1
3465; 2
3459; 1
3466; 2
3464; 1
3471; 2
3485; 1
3492; 2
3488; 1
3495; 2
3491; 1
3498; 2
3517; 1
3524; 2
3559; 1
3566; 2
3577; 1
3584; 2
3582; 1
3589; 2
3626; 1
3633; 2
3644; 1
3651; 2
3657; 1
3664; 2
3662; 1
3669; 2
3697; 1
3704; 2
3723; 1
3730; 2
3743; 1
3750; 2
3762; 1
3769; 2
3808; 1
3815; 2
3811; 1
3818; 2
3825; 1
3832; 2
3918; 1
3925; 2
3920; 1
3927; 2
3936; 1
3943; 2
3965; 1
3972; 2
3978; 1
3985; 2
4044; 1
4051; 2
4092; 1
4099; 2
4093; 1
4100; 2
4098; 1
4105; 2
4121; 1
4128; 2
4127; 1
4134; 2
4148; 1
4155; 2
4177; 1
4184; 2
4180; 1
4187; 2
4206; 1
4213; 2
4222; 1
4229; 2
4233; 1
4240; 2
4248; 1
4255; 2
4257; 1
4264; 2
4265; 1
4272; 2
4279; 1
4286; 2
4289; 1
4296; 2
4299; 1
4306; 2
4350; 1
4357; 2
4381; 1
4388; 2
4415; 1
4422; 2
4452; 1
4459; 2
4461; 1
4468; 2
4475; 1
4482; 2
4478; 1
4485; 2
4490; 1
4497; 2
4494; 1
4501; 2
4515; 1
4522; 2
4541; 1
4548; 2
4572; 1
4579; 2
4596; 1
4603; 2
4604; 1
4611; 2
4605; 1
4612; 2
4610; 1
4617; 2
4622; 1
4629; 2
4625; 1
4632; 2
4638; 1
4645; 2
4640; 1
4647; 2
4688; 1
4695; 2
4704; 1
4711; 2
4758; 1
4765; 2
4775; 1
4782; 2
4819; 1
4826; 2
4822; 1
4829; 2
4850; 1
4857; 2
4887; 1
4894; 2
4892; 1
4899; 2
4899; 1
4906; 2
4911; 1
4918; 2
4913; 1
4920; 2
4944; 1
4951; 2
4946; 1
4953; 2
4969; 1
4976; 2
4983; 1
4990; 2
5001; 1
5008; 2
5013; 1
5020; 2
5024; 1
5031; 2
5034; 1
5041; 2
5071; 1
5078; 2
5131; 1
5138; 2
5138; 1
5145; 2
5162; 1
5169; 2
5177; 1
5184; 2
5181; 1
5188; 2
5186; 1
5193; 2
5200; 1
5207; 2
5241; 1
5248; 2
5288; 1
5295; 2
5322; 1
5329; 2
5352; 1
5359; 2
5362; 1
5369; 2
5377; 1
5384; 2
5393; 1
5400; 2
5406; 1
5413; 2
5430; 1
5437; 2
5486; 1
5493; 2
5513; 1
5520; 2
5515; 1
5522; 2
5569; 1
5576; 2
5591; 1
5598; 2
5604; 1
5611; 2
5621; 1
5628; 2
5628; 1
5635; 2
5644; 1
5651; 2
5650; 1
5657; 2
5653; 1
5660; 2
5662; 1
5669; 2
5667; 1
5674; 2
5678; 1
5685; 2
5689; 1
5696; 2
5707; 1
5714; 2
5744; 1
5751; 2
5766; 1
5773; 2
5766; 1
5773; 2
5802; 1
5809; 2
5807; 1
5814; 2
5861; 1
5868; 2
5866; 1
5873; 2
5897; 1
5904; 2
5900; 1
5907; 2
5904; 1
5911; 2
5923; 1
5930; 2
5938; 1
5945; 2
5945; 1
5952; 2
5945; 1
5952; 2
5957; 1
5964; 2
5993; 1
6000; 2
6006; 1
6013; 2
6038; 1
6045; 2
6075; 1
6082; 2
6088; 1
6095; 2
6102; 1
6109; 2
6109; 1
6116; 2
6157; 1
6164; 2
6177; 1
6184; 2
6237; 1
6244; 2
6241; 1
6248; 2
6261; 1
6268; 2
6277; 1
6284; 2
6304; 1
6311; 2
6312; 1
6319; 2
6352; 1
6359; 2
6385; 1
6392; 2
6386; 1
6393; 2
6420; 1
6427; 2
6448; 1
6455; 2
6451; 1
6458; 2
6473; 1
6480; 2
6507; 1
6514; 2
6513; 1
6520; 2
6571; 1
6578; 2
6579; 1
6586; 2
6602; 1
6609; 2
6608; 1
6615; 2
6621; 1
6628; 2
6624; 1
6631; 2
6629; 1
6636; 2
6629; 1
6636; 2
6635; 1
6642; 2
6659; 1
6666; 2
6717; 1
6724; 2
6743; 1
6750; 2
6764; 1
6771; 2
6784; 1
6791; 2
6790; 1
6797; 2
6804; 1
6811; 2
6804; 1
6811; 2
6838; 1
6845; 2
6856; 1
6863; 2
6872; 1
6879; 2
6878; 1
6885; 2
6893; 1
6900; 2
6908; 1
6915; 2
6922; 1
6929; 2
6927; 1
6934; 2
6937; 1
6944; 2
6980; 1
6987; 2
6988; 1
6995; 2
7007; 1
7014; 2
7014; 1
7021; 2
7037; 1
7044; 2
7055; 1
7062; 2
7087; 1
7094; 2
7089; 1
7096; 2
7109; 1
7116; 2
7128; 1
7135; 2
7137; 1
7144; 2
7141; 1
7148; 2
7142; 1
7149; 2
7150; 1
7157; 2
7198; 1
7205; 2
7211; 1
7218; 2
7262; 1
7269; 2
7272; 1
7279; 2
7286; 1
7293; 2
7331; 1
7338; 2
7333; 1
7340; 2
7334; 1
7341; 2
7337; 1
7344; 2
7353; 1
7360; 2
7365; 1
7372; 2
7372; 1
7379; 2
7404; 1
7411; 2
7484; 1
7491; 2
7506; 1
7513; 2
7558; 1
7565; 2
7591; 1
7598; 2
7593; 1
7600; 2
7619; 1
7626; 2
7637; 1
7644; 2
7665; 1
7672; 2
7668; 1
7675; 2
7668; 1
7675; 2
7672; 1
7679; 2
7680; 1
7687; 2
7692; 1
7699; 2
7696; 1
7703; 2
7707; 1
7714; 2
7711; 1
7718; 2
7711; 1
7718; 2
7725; 1
7732; 2
7750; 1
7757; 2
7753; 1
7760; 2
7803; 1
7810; 2
7815; 1
7822; 2
7837; 1
7844; 2
7840; 1
7847; 2
7849; 1
7856; 2
7862; 1
7869; 2
7875; 1
7882; 2
7887; 1
7894; 2
7895; 1
7902; 2
7939; 1
7946; 2
7941; 1
7948; 2
7942; 1
7949; 2
7943; 1
7950; 2
7955; 1
7962; 2
7962; 1
7969; 2
7976; 1
7983; 2
7981; 1
7988; 2
8011; 1
8018; 2
8013; 1
8020; 2
8023; 1
8030; 2
8038; 1
8045; 2
8041; 1
8048; 2
8045; 1
8052; 2
8118; 1
8125; 2
8131; 1
8138; 2
8139; 1
8146; 2
8217; 1
8224; 2
8227; 1
8234; 2
8258; 1
8265; 2
8267; 1
8274; 2
8271; 1
8278; 2
8284; 1
8291; 2
8299; 1
8306; 2
8411; 1
8418; 2
8444; 1
8451; 2
8464; 1
8471; 2
8532; 1
8539; 2
8533; 1
8540; 2
8538; 1
8545; 2
8542; 1
8549; 2
8555; 1
8562; 2
8573; 1
8580; 2
8593; 1
8600; 2
8631; 1
8638; 2
8672; 1
8679; 2
8683; 1
8690; 2
8690; 1
8697; 2
8746; 1
8753; 2
8776; 1
8783; 2
8785; 1
8792; 2
8801; 1
8808; 2
8802; 1
8809; 2
8879; 1
8886; 2
8902; 1
8909; 2
8930; 1
8937; 2
8937; 1
8944; 2
8938; 1
8945; 2
8986; 1
8993; 2
8992; 1
8999; 2
9000; 1
9007; 2
9012; 1
9019; 2
9019; 1
9026; 2
9020; 1
9027; 2
9024; 1
9031; 2
9069; 1
9076; 2
9081; 1
9088; 2
9113; 1
9120; 2
9116; 1
9123; 2
9120; 1
9127; 2
9125; 1
9132; 2
9131; 1
9138; 2
9152; 1
9159; 2
9153; 1
9160; 2
9154; 1
9161; 2
9173; 1
9180; 2
9180; 1
9187; 2
9216; 1
9223; 2
9232; 1
9239; 2
9245; 1
9252; 2
9282; 1
9289; 2
9308; 1
9315; 2
9329; 1
9336; 2
9331; 1
9338; 2
9332; 1
9339; 2
9333; 1
9340; 2
9358; 1
9365; 2
9364; 1
9371; 2
9369; 1
9376; 2
9371; 1
9378; 2
9373; 1
9380; 2
9475; 1
9482; 2
9565; 1
9572; 2
9700; 1
9707; 2
9703; 1
9710; 2
9742; 1
9749; 2
9749; 1
9756; 2
9752; 1
9759; 2
9784; 1
9791; 2
9814; 1
9821; 2
9911; 1
9918; 2
9931; 1
9938; 2
9968; 1
9975; 2
9978; 1
9985; 2
9987; 1
9994; 2
10003; 1
10010; 2
10021; 1
10028; 2
