Sequence of timestamped events V1.0
Stream 7
Id =7
Name = Camera_7
Tbegin = 0
Tend = 10000
Count = 500
106; 1
111; 2
149; 1
154; 2
179; 1
184; 2
180; 1
185; 2
199; 1
204; 2
224; 1
229; 2
266; 1
271; 2
281; 1
286; 2
304; 1
309; 2
307; 1
312; 2
308; 1
313; 2
330; 1
335; 2
354; 1
359; 2
384; 1
389; 2
385; 1
390; 2
414; 1
419; 2
427; 1
432; 2
428; 1
433; 2
449; 1
454; 2
461; 1
466; 2
469; 1
474; 2
495; 1
500; 2
497; 1
502; 2
498; 1
503; 2
504; 1
509; 2
523; 1
528; 2
577; 1
582; 2
582; 1
587; 2
588; 1
593; 2
599; 1
604; 2
613; 1
618; 2
653; 1
658; 2
681; 1
686; 2
698; 1
703; 2
709; 1
714; 2
733; 1
738; 2
737; 1
742; 2
756; 1
761; 2
772; 1
777; 2
778; 1
783; 2
807; 1
812; 2
827; 1
832; 2
839; 1
844; 2
842; 1
847; 2
844; 1
849; 2
872; 1
877; 2
881; 1
886; 2
940; 1
945; 2
976; 1
981; 2
996; 1
1001; 2
1015; 1
1020; 2
1016; 1
1021; 2
1021; 1
1026; 2
1028; 1
1033; 2
1049; 1
1054; 2
1052; 1
1057; 2
1072; 1
1077; 2
1091; 1
1096; 2
1105; 1
1110; 2
1113; 1
1118; 2
1126; 1
1131; 2
1145; 1
1150; 2
1223; 1
1228; 2
1244; 1
1249; 2
1295; 1
1300; 2
1375; 1
1380; 2
1391; 1
1396; 2
1413; 1
1418; 2
1425; 1
1430; 2
1428; 1
1433; 2
1433; 1
1438; 2
1438; 1
1443; 2
1442; 1
1447; 2
1446; 1
1451; 2
1487; 1
1492; 2
1525; 1
1530; 2
1540; 1
1545; 2
1598; 1
1603; 2
1602; 1
1607; 2
1602; 1
1607; 2
1610; 1
1615; 2
1610; 1
1615; 2
1617; 1
1622; 2
1631; 1
1636; 2
1634; 1
1639; 2
1691; 1
1696; 2
1711; 1
1716; 2
1875; 1
1880; 2
1883; 1
1888; 2
1898; 1
1903; 2
1927; 1
1932; 2
1950; 1
1955; 2
1966; 1
1971; 2
2008; 1
2013; 2
2012; 1
2017; 2
2022; 1
2027; 2
2078; 1
2083; 2
2136; 1
2141; 2
2143; 1
2148; 2
2149; 1
2154; 2
2206; 1
2211; 2
2242; 1
2247; 2
2248; 1
2253; 2
2260; 1
2265; 2
2274; 1
2279; 2
2283; 1
2288; 2
2299; 1
2304; 2
2301; 1
2306; 2
2309; 1
2314; 2
2318; 1
2323; 2
2355; 1
2360; 2
2358; 1
2363; 2
2408; 1
2413; 2
2412; 1
2417; 2
2448; 1
2453; 2
2449; 1
2454; 2
2449; 1
2454; 2
2478; 1
2483; 2
2480; 1
2485; 2
2489; 1
2494; 2
2494; 1
2499; 2
2525; 1
2530; 2
2540; 1
2545; 2
2541; 1
2546; 2
2542; 1
2547; 2
2571; 1
2576; 2
2592; 1
2597; 2
2598; 1
2603; 2
2617; 1
2622; 2
2618; 1
2623; 2
2677; 1
2682; 2
2694; 1
2699; 2
2698; 1
2703; 2
2812; 1
2817; 2
2852; 1
2857; 2
2854; 1
2859; 2
2854; 1
2859; 2
2882; 1
2887; 2
2915; 1
2920; 2
2917; 1
2922; 2
2955; 1
2960; 2
2962; 1
2967; 2
2963; 1
2968; 2
2970; 1
2975; 2
3011; 1
3016; 2
3052; 1
3057; 2
3072; 1
3077; 2
3080; 1
3085; 2
3082; 1
3087; 2
3172; 1
3177; 2
3195; 1
3200; 2
3277; 1
3282; 2
3279; 1
3284; 2
3327; 1
3332; 2
3337; 1
3342; 2
3342; 1
3347; 2
3343; 1
3348; 2
3356; 1
3361; 2
3359; 1
3364; 2
3362; 1
3367; 2
3375; 1
3380; 2
3376; 1
3381; 2
3400; 1
3405; 2
3464; 1
3469; 2
3464; 1
3469; 2
3494; 1
3499; 2
3495; 1
3500; 2
3500; 1
3505; 2
3521; 1
3526; 2
3524; 1
3529; 2
3527; 1
3532; 2
3553; 1
3558; 2
3595; 1
3600; 2
3613; 1
3618; 2
3618; 1
3623; 2
3662; 1
3667; 2
3680; 1
3685; 2
3693; 1
3698; 2
3698; 1
3703; 2
3733; 1
3738; 2
3759; 1
3764; 2
3779; 1
3784; 2
3798; 1
3803; 2
3844; 1
3849; 2
3847; 1
3852; 2
3861; 1
3866; 2
3954; 1
3959; 2
3956; 1
3961; 2
3972; 1
3977; 2
4001; 1
4006; 2
4014; 1
4019; 2
4080; 1
4085; 2
4128; 1
4133; 2
4129; 1
4134; 2
4134; 1
4139; 2
4157; 1
4162; 2
4163; 1
4168; 2
4184; 1
4189; 2
4213; 1
4218; 2
4216; 1
4221; 2
4242; 1
4247; 2
4258; 1
4263; 2
4269; 1
4274; 2
4284; 1
4289; 2
4293; 1
4298; 2
4301; 1
4306; 2
4315; 1
4320; 2
4325; 1
4330; 2
4335; 1
4340; 2
4386; 1
4391; 2
4417; 1
4422; 2
4451; 1
4456; 2
4488; 1
4493; 2
4497; 1
4502; 2
4511; 1
4516; 2
4514; 1
4519; 2
4526; 1
4531; 2
4530; 1
4535; 2
4551; 1
4556; 2
4577; 1
4582; 2
4608; 1
4613; 2
4632; 1
4637; 2
4640; 1
4645; 2
4641; 1
4646; 2
4646; 1
4651; 2
4658; 1
4663; 2
4661; 1
4666; 2
4674; 1
4679; 2
4676; 1
4681; 2
4724; 1
4729; 2
4740; 1
4745; 2
4794; 1
4799; 2
4811; 1
4816; 2
4855; 1
4860; 2
4858; 1
4863; 2
4886; 1
4891; 2
4923; 1
4928; 2
4928; 1
4933; 2
4935; 1
4940; 2
4947; 1
4952; 2
4949; 1
4954; 2
4980; 1
4985; 2
4982; 1
4987; 2
5005; 1
5010; 2
5019; 1
5024; 2
5037; 1
5042; 2
5049; 1
5054; 2
5060; 1
5065; 2
5070; 1
5075; 2
5107; 1
5112; 2
5167; 1
5172; 2
5174; 1
5179; 2
5198; 1
5203; 2
5213; 1
5218; 2
5217; 1
5222; 2
5222; 1
5227; 2
5236; 1
5241; 2
5277; 1
5282; 2
5324; 1
5329; 2
5358; 1
5363; 2
5388; 1
5393; 2
5398; 1
5403; 2
5413; 1
5418; 2
5429; 1
5434; 2
5442; 1
5447; 2
5466; 1
5471; 2
5522; 1
5527; 2
5549; 1
5554; 2
5551; 1
5556; 2
5605; 1
5610; 2
5627; 1
5632; 2
5640; 1
5645; 2
5657; 1
5662; 2
5664; 1
5669; 2
5680; 1
5685; 2
5686; 1
5691; 2
5689; 1
5694; 2
5698; 1
5703; 2
5703; 1
5708; 2
5714; 1
5719; 2
5725; 1
5730; 2
5743; 1
5748; 2
5780; 1
5785; 2
5802; 1
5807; 2
5802; 1
5807; 2
5838; 1
5843; 2
5843; 1
5848; 2
5897; 1
5902; 2
5902; 1
5907; 2
5933; 1
5938; 2
5936; 1
5941; 2
5940; 1
5945; 2
5959; 1
5964; 2
5974; 1
5979; 2
5981; 1
5986; 2
5981; 1
5986; 2
5993; 1
5998; 2
6029; 1
6034; 2
6042; 1
6047; 2
6074; 1
6079; 2
6111; 1
6116; 2
6124; 1
6129; 2
6138; 1
6143; 2
6145; 1
6150; 2
6193; 1
6198; 2
6213; 1
6218; 2
6273; 1
6278; 2
6277; 1
6282; 2
6297; 1
6302; 2
6313; 1
6318; 2
6340; 1
6345; 2
6348; 1
6353; 2
6388; 1
6393; 2
6421; 1
6426; 2
6422; 1
6427; 2
6456; 1
6461; 2
6484; 1
6489; 2
6487; 1
6492; 2
6509; 1
6514; 2
6543; 1
6548; 2
6549; 1
6554; 2
6607; 1
6612; 2
6615; 1
6620; 2
6638; 1
6643; 2
6644; 1
6649; 2
6657; 1
6662; 2
6660; 1
6665; 2
6665; 1
6670; 2
6665; 1
6670; 2
6671; 1
6676; 2
6695; 1
6700; 2
6753; 1
6758; 2
6779; 1
6784; 2
6800; 1
6805; 2
6820; 1
6825; 2
6826; 1
6831; 2
6840; 1
6845; 2
6840; 1
6845; 2
6874; 1
6879; 2
6892; 1
6897; 2
6908; 1
6913; 2
6914; 1
6919; 2
6929; 1
6934; 2
6944; 1
6949; 2
6958; 1
6963; 2
6963; 1
6968; 2
6973; 1
6978; 2
7016; 1
7021; 2
7024; 1
7029; 2
7043; 1
7048; 2
7050; 1
7055; 2
7073; 1
7078; 2
7091; 1
7096; 2
7123; 1
7128; 2
7125; 1
7130; 2
7145; 1
7150; 2
7164; 1
7169; 2
7173; 1
7178; 2
7177; 1
7182; 2
7178; 1
7183; 2
7186; 1
7191; 2
7234; 1
7239; 2
7247; 1
7252; 2
7298; 1
7303; 2
7308; 1
7313; 2
7322; 1
7327; 2
7367; 1
7372; 2
7369; 1
7374; 2
7370; 1
7375; 2
7373; 1
7378; 2
7389; 1
7394; 2
7401; 1
7406; 2
7408; 1
7413; 2
7440; 1
7445; 2
7520; 1
7525; 2
7542; 1
7547; 2
7594; 1
7599; 2
7627; 1
7632; 2
7629; 1
7634; 2
7655; 1
7660; 2
7673; 1
7678; 2
7701; 1
7706; 2
7704; 1
7709; 2
7704; 1
7709; 2
7708; 1
7713; 2
7716; 1
7721; 2
7728; 1
7733; 2
7732; 1
7737; 2
7743; 1
7748; 2
7747; 1
7752; 2
7747; 1
7752; 2
7761; 1
7766; 2
7786; 1
7791; 2
7789; 1
7794; 2
7839; 1
7844; 2
7851; 1
7856; 2
7873; 1
7878; 2
7876; 1
7881; 2
7885; 1
7890; 2
7898; 1
7903; 2
7911; 1
7916; 2
7923; 1
7928; 2
7931; 1
7936; 2
7975; 1
7980; 2
7977; 1
7982; 2
7978; 1
7983; 2
7979; 1
7984; 2
7991; 1
7996; 2
7998; 1
8003; 2
8012; 1
8017; 2
8017; 1
8022; 2
8047; 1
8052; 2
8049; 1
8054; 2
8059; 1
8064; 2
8074; 1
8079; 2
8077; 1
8082; 2
8081; 1
8086; 2
8154; 1
8159; 2
8167; 1
8172; 2
8175; 1
8180; 2
8253; 1
8258; 2
8263; 1
8268; 2
8294; 1
8299; 2
8303; 1
8308; 2
8307; 1
8312; 2
8320; 1
8325; 2
8335; 1
8340; 2
8447; 1
8452; 2
8480; 1
8485; 2
8500; 1
8505; 2
8568; 1
8573; 2
8569; 1
8574; 2
8574; 1
8579; 2
8578; 1
8583; 2
8591; 1
8596; 2
8609; 1
8614; 2
8629; 1
8634; 2
8667; 1
8672; 2
8708; 1
8713; 2
8719; 1
8724; 2
8726; 1
8731; 2
8782; 1
8787; 2
8812; 1
8817; 2
8821; 1
8826; 2
8837; 1
8842; 2
8838; 1
8843; 2
8915; 1
8920; 2
8938; 1
8943; 2
8966; 1
8971; 2
8973; 1
8978; 2
8974; 1
8979; 2
9022; 1
9027; 2
9028; 1
9033; 2
9036; 1
9041; 2
9048; 1
9053; 2
9055; 1
9060; 2
9056; 1
9061; 2
9060; 1
9065; 2
9105; 1
9110; 2
9117; 1
9122; 2
9149; 1
9154; 2
9152; 1
9157; 2
9156; 1
9161; 2
9161; 1
9166; 2
9167; 1
9172; 2
9188; 1
9193; 2
9189; 1
9194; 2
9190; 1
9195; 2
9209; 1
9214; 2
9216; 1
9221; 2
9252; 1
9257; 2
9268; 1
9273; 2
9281; 1
9286; 2
9318; 1
9323; 2
9344; 1
9349; 2
9365; 1
9370; 2
9367; 1
9372; 2
9368; 1
9373; 2
9369; 1
9374; 2
9394; 1
9399; 2
9400; 1
9405; 2
9405; 1
9410; 2
9407; 1
9412; 2
9409; 1
9414; 2
9511; 1
9516; 2
9601; 1
9606; 2
9736; 1
9741; 2
9739; 1
9744; 2
9778; 1
9783; 2
9785; 1
9790; 2
9788; 1
9793; 2
9820; 1
9825; 2
9850; 1
9855; 2
9947; 1
9952; 2
9967; 1
9972; 2
10004; 1
10009; 2
10014; 1
10019; 2
10023; 1
10028; 2
10039; 1
10044; 2
10057; 1
10062; 2
