Sequence of timestamped events V1.0
Stream 7
Id =7
Name = Camera_7
Tbegin = 0
Tend = 10000
Count = 500
104; 1
109; 2
111; 1
116; 2
168; 1
175; 2
177; 1
184; 2
183; 1
191; 2
196; 1
201; 2
209; 1
216; 2
240; 1
247; 2
264; 1
271; 2
275; 1
279; 2
285; 1
290; 2
301; 1
306; 2
348; 1
353; 2
359; 1
364; 2
362; 1
366; 2
375; 1
382; 2
397; 1
402; 2
400; 1
407; 2
410; 1
417; 2
464; 1
469; 2
482; 1
489; 2
484; 1
489; 2
489; 1
494; 2
542; 1
549; 2
636; 1
641; 2
652; 1
659; 2
696; 1
703; 2
709; 1
716; 2
718; 1
723; 2
753; 1
760; 2
814; 1
819; 2
839; 1
844; 2
845; 1
850; 2
879; 1
883; 2
885; 1
892; 2
946; 1
950; 2
966; 1
971; 2
970; 1
975; 2
975; 1
980; 2
976; 1
981; 2
994; 1
999; 2
1014; 1
1019; 2
1016; 1
1023; 2
1023; 1
1027; 2
1121; 1
1126; 2
1146; 1
1150; 2
1149; 1
1153; 2
1172; 1
1177; 2
1173; 1
1178; 2
1182; 1
1187; 2
1243; 1
1248; 2
1277; 1
1282; 2
1278; 1
1283; 2
1285; 1
1290; 2
1290; 1
1297; 2
1311; 1
1316; 2
1316; 1
1321; 2
1317; 1
1322; 2
1334; 1
1339; 2
1422; 1
1427; 2
1428; 1
1433; 2
1431; 1
1436; 2
1432; 1
1436; 2
1516; 1
1521; 2
1529; 1
1534; 2
1555; 1
1559; 2
1558; 1
1563; 2
1564; 1
1569; 2
1582; 1
1589; 2
1584; 1
1591; 2
1600; 1
1605; 2
1617; 1
1622; 2
1619; 1
1626; 2
1623; 1
1628; 2
1658; 1
1663; 2
1691; 1
1698; 2
1695; 1
1702; 2
1707; 1
1712; 2
1746; 1
1751; 2
1755; 1
1760; 2
1782; 1
1787; 2
1789; 1
1796; 2
1817; 1
1822; 2
1823; 1
1828; 2
1829; 1
1834; 2
1833; 1
1838; 2
1836; 1
1843; 2
1842; 1
1849; 2
1848; 1
1855; 2
1852; 1
1857; 2
1875; 1
1880; 2
1890; 1
1895; 2
1891; 1
1896; 2
1896; 1
1903; 2
1926; 1
1931; 2
1950; 1
1955; 2
1959; 1
1964; 2
1980; 1
1985; 2
1980; 1
1987; 2
1988; 1
1993; 2
1997; 1
2002; 2
2059; 1
2063; 2
2114; 1
2118; 2
2120; 1
2125; 2
2146; 1
2151; 2
2183; 1
2190; 2
2191; 1
2201; 2
2227; 1
2232; 2
2236; 1
2244; 2
2306; 1
2311; 2
2355; 1
2362; 2
2359; 1
2370; 2
2370; 1
2380; 2
2415; 1
2420; 2
2415; 1
2420; 2
2455; 1
2460; 2
2479; 1
2484; 2
2480; 1
2487; 2
2510; 1
2515; 2
2518; 1
2526; 2
2524; 1
2529; 2
2536; 1
2541; 2
2550; 1
2555; 2
2557; 1
2564; 2
2579; 1
2586; 2
2611; 1
2618; 2
2654; 1
2658; 2
2685; 1
2690; 2
2750; 1
2755; 2
2789; 1
2793; 2
2861; 1
2866; 2
2862; 1
2866; 2
2865; 1
2872; 2
2881; 1
2885; 2
2881; 1
2886; 2
2901; 1
2906; 2
2909; 1
2914; 2
2916; 1
2926; 2
2930; 1
2937; 2
2943; 1
2950; 2
2948; 1
2952; 2
2949; 1
2954; 2
2956; 1
2963; 2
2964; 1
2969; 2
2978; 1
2983; 2
2982; 1
2989; 2
2989; 1
2994; 2
3005; 1
3010; 2
3013; 1
3020; 2
3038; 1
3045; 2
3055; 1
3059; 2
3066; 1
3071; 2
3090; 1
3097; 2
3162; 1
3169; 2
3168; 1
3173; 2
3209; 1
3214; 2
3225; 1
3230; 2
3250; 1
3255; 2
3288; 1
3293; 2
3341; 1
3348; 2
3357; 1
3365; 2
3379; 1
3384; 2
3390; 1
3395; 2
3395; 1
3405; 2
3402; 1
3409; 2
3407; 1
3412; 2
3410; 1
3418; 2
3413; 1
3418; 2
3475; 1
3479; 2
3484; 1
3489; 2
3507; 1
3512; 2
3508; 1
3513; 2
3511; 1
3516; 2
3527; 1
3532; 2
3529; 1
3534; 2
3589; 1
3597; 2
3590; 1
3597; 2
3627; 1
3632; 2
3628; 1
3633; 2
3638; 1
3645; 2
3673; 1
3680; 2
3718; 1
3725; 2
3758; 1
3763; 2
3760; 1
3765; 2
3763; 1
3767; 2
3771; 1
3776; 2
3796; 1
3807; 2
3804; 1
3811; 2
3806; 1
3811; 2
3812; 1
3816; 2
3814; 1
3821; 2
3831; 1
3838; 2
3833; 1
3840; 2
3835; 1
3840; 2
3836; 1
3843; 2
3855; 1
3860; 2
3858; 1
3865; 2
3862; 1
3869; 2
3862; 1
3870; 2
3867; 1
3872; 2
3888; 1
3893; 2
3897; 1
3901; 2
3904; 1
3909; 2
3945; 1
3952; 2
3951; 1
3956; 2
3993; 1
3998; 2
3994; 1
3999; 2
4014; 1
4019; 2
4037; 1
4047; 2
4076; 1
4081; 2
4076; 1
4083; 2
4129; 1
4133; 2
4188; 1
4192; 2
4189; 1
4194; 2
4191; 1
4196; 2
4202; 1
4207; 2
4208; 1
4213; 2
4222; 1
4227; 2
4240; 1
4247; 2
4259; 1
4266; 2
4260; 1
4265; 2
4295; 1
4300; 2
4312; 1
4319; 2
4316; 1
4321; 2
4328; 1
4335; 2
4360; 1
4367; 2
4371; 1
4376; 2
4407; 1
4412; 2
4408; 1
4415; 2
4438; 1
4443; 2
4442; 1
4449; 2
4512; 1
4519; 2
4528; 1
4533; 2
4534; 1
4541; 2
4565; 1
4570; 2
4586; 1
4593; 2
4634; 1
4639; 2
4643; 1
4648; 2
4666; 1
4673; 2
4699; 1
4709; 2
4716; 1
4721; 2
4741; 1
4749; 2
4745; 1
4752; 2
4758; 1
4765; 2
4826; 1
4834; 2
4847; 1
4854; 2
4861; 1
4868; 2
4911; 1
4916; 2
4926; 1
4933; 2
4941; 1
4946; 2
4958; 1
4965; 2
4982; 1
4987; 2
4985; 1
4989; 2
4999; 1
5004; 2
5006; 1
5010; 2
5023; 1
5030; 2
5055; 1
5060; 2
5055; 1
5062; 2
5057; 1
5062; 2
5087; 1
5092; 2
5092; 1
5096; 2
5099; 1
5104; 2
5129; 1
5136; 2
5149; 1
5156; 2
5151; 1
5158; 2
5184; 1
5188; 2
5185; 1
5190; 2
5206; 1
5211; 2
5216; 1
5224; 2
5277; 1
5284; 2
5300; 1
5305; 2
5314; 1
5321; 2
5329; 1
5334; 2
5332; 1
5336; 2
5355; 1
5360; 2
5369; 1
5374; 2
5388; 1
5393; 2
5395; 1
5402; 2
5404; 1
5411; 2
5431; 1
5438; 2
5453; 1
5460; 2
5467; 1
5472; 2
5478; 1
5483; 2
5492; 1
5497; 2
5520; 1
5527; 2
5536; 1
5543; 2
5557; 1
5564; 2
5561; 1
5568; 2
5567; 1
5572; 2
5604; 1
5609; 2
5668; 1
5673; 2
5688; 1
5692; 2
5692; 1
5697; 2
5703; 1
5711; 2
5704; 1
5712; 2
5725; 1
5732; 2
5747; 1
5754; 2
5764; 1
5771; 2
5778; 1
5783; 2
5788; 1
5795; 2
5792; 1
5797; 2
5794; 1
5801; 2
5805; 1
5812; 2
5812; 1
5819; 2
5849; 1
5854; 2
5854; 1
5861; 2
5865; 1
5872; 2
5871; 1
5876; 2
5872; 1
5877; 2
5918; 1
5928; 2
5931; 1
5938; 2
5953; 1
5963; 2
5977; 1
5982; 2
5985; 1
5990; 2
5994; 1
5999; 2
6015; 1
6020; 2
6029; 1
6034; 2
6049; 1
6054; 2
6054; 1
6059; 2
6062; 1
6066; 2
6062; 1
6069; 2
6071; 1
6078; 2
6088; 1
6093; 2
6137; 1
6142; 2
6138; 1
6142; 2
6139; 1
6143; 2
6152; 1
6159; 2
6194; 1
6205; 2
6197; 1
6208; 2
6210; 1
6217; 2
6210; 1
6217; 2
6216; 1
6221; 2
6217; 1
6224; 2
6221; 1
6235; 2
6250; 1
6257; 2
6264; 1
6271; 2
6269; 1
6276; 2
6277; 1
6282; 2
6293; 1
6298; 2
6320; 1
6324; 2
6348; 1
6353; 2
6392; 1
6399; 2
6398; 1
6403; 2
6457; 1
6464; 2
6473; 1
6478; 2
6475; 1
6480; 2
6484; 1
6489; 2
6486; 1
6493; 2
6500; 1
6505; 2
6500; 1
6505; 2
6504; 1
6511; 2
6536; 1
6541; 2
6539; 1
6544; 2
6581; 1
6586; 2
6585; 1
6592; 2
6619; 1
6626; 2
6626; 1
6633; 2
6639; 1
6643; 2
6644; 1
6649; 2
6669; 1
6677; 2
6686; 1
6691; 2
6706; 1
6711; 2
6709; 1
6713; 2
6754; 1
6759; 2
6760; 1
6767; 2
6781; 1
6786; 2
6784; 1
6792; 2
6807; 1
6812; 2
6824; 1
6829; 2
6873; 1
6880; 2
6934; 1
6941; 2
6996; 1
7003; 2
7054; 1
7059; 2
7098; 1
7102; 2
7104; 1
7109; 2
7123; 1
7131; 2
7193; 1
7200; 2
7242; 1
7247; 2
7281; 1
7288; 2
7285; 1
7290; 2
7293; 1
7298; 2
7307; 1
7312; 2
7313; 1
7318; 2
7319; 1
7323; 2
7351; 1
7358; 2
7399; 1
7404; 2
7400; 1
7407; 2
7414; 1
7424; 2
7435; 1
7440; 2
7438; 1
7443; 2
7476; 1
7481; 2
7497; 1
7502; 2
7498; 1
7503; 2
7515; 1
7520; 2
7520; 1
7525; 2
7577; 1
7582; 2
7606; 1
7611; 2
7625; 1
7630; 2
7637; 1
7642; 2
7668; 1
7675; 2
7728; 1
7735; 2
7737; 1
7742; 2
7785; 1
7789; 2
7806; 1
7811; 2
7806; 1
7813; 2
7814; 1
7819; 2
7844; 1
7851; 2
7864; 1
7868; 2
7882; 1
7889; 2
7892; 1
7899; 2
7900; 1
7907; 2
7902; 1
7909; 2
7930; 1
7935; 2
7979; 1
7986; 2
7999; 1
8003; 2
8037; 1
8044; 2
8077; 1
8084; 2
8090; 1
8098; 2
8091; 1
8095; 2
8094; 1
8099; 2
8098; 1
8106; 2
8144; 1
8151; 2
8160; 1
8167; 2
8164; 1
8171; 2
8210; 1
8217; 2
8228; 1
8235; 2
8272; 1
8277; 2
8277; 1
8282; 2
8332; 1
8336; 2
8333; 1
8340; 2
8364; 1
8369; 2
8431; 1
8436; 2
8506; 1
8513; 2
8520; 1
8525; 2
8530; 1
8535; 2
8557; 1
8561; 2
8567; 1
8572; 2
8569; 1
8574; 2
8572; 1
8579; 2
8613; 1
8620; 2
8637; 1
8644; 2
8781; 1
8786; 2
8782; 1
8787; 2
8798; 1
8803; 2
8836; 1
8843; 2
8858; 1
8863; 2
8891; 1
8898; 2
8910; 1
8915; 2
8979; 1
8984; 2
9003; 1
9010; 2
9053; 1
9060; 2
9054; 1
9059; 2
9080; 1
9084; 2
9093; 1
9100; 2
9111; 1
9118; 2
9126; 1
9133; 2
9173; 1
9178; 2
9182; 1
9187; 2
9193; 1
9198; 2
9262; 1
9266; 2
9341; 1
9346; 2
9342; 1
9347; 2
9344; 1
9355; 2
9353; 1
9358; 2
9386; 1
9391; 2
9424; 1
9429; 2
9424; 1
9435; 2
9440; 1
9448; 2
9508; 1
9518; 2
9538; 1
9543; 2
9553; 1
9560; 2
9564; 1
9569; 2
9573; 1
9584; 2
9579; 1
9584; 2
9591; 1
9595; 2
9612; 1
9617; 2
9612; 1
9619; 2
9643; 1
9648; 2
9643; 1
9650; 2
9645; 1
9649; 2
9646; 1
9653; 2
9679; 1
9686; 2
9728; 1
9735; 2
9780; 1
9788; 2
9800; 1
9807; 2
9804; 1
9812; 2
9823; 1
9828; 2
9827; 1
9832; 2
9863; 1
9868; 2
9885; 1
9889; 2
9912; 1
9917; 2
9917; 1
9922; 2
9921; 1
9926; 2
9925; 1
9930; 2
9949; 1
9956; 2
9960; 1
9965; 2
9985; 1
9990; 2
10048; 1
10052; 2
10064; 1
10069; 2
10084; 1
10089; 2
