Sequence of timestamped events V1.0
Stream 6
Id =6
Name = Camera_6
Tbegin = 0
Tend = 10000
Count = 500
95; 1
100; 2
102; 1
107; 2
156; 1
162; 2
165; 1
171; 2
167; 1
175; 2
187; 1
192; 2
195; 1
202; 2
228; 1
234; 2
252; 1
258; 2
266; 1
271; 2
275; 1
280; 2
292; 1
297; 2
339; 1
344; 2
347; 1
353; 2
353; 1
358; 2
361; 1
368; 2
387; 1
392; 2
388; 1
394; 2
398; 1
404; 2
454; 1
459; 2
470; 1
476; 2
474; 1
479; 2
477; 1
483; 2
528; 1
535; 2
627; 1
632; 2
638; 1
645; 2
684; 1
690; 2
695; 1
702; 2
708; 1
713; 2
741; 1
747; 2
804; 1
809; 2
830; 1
835; 2
833; 1
839; 2
870; 1
875; 2
871; 1
878; 2
937; 1
942; 2
957; 1
962; 2
961; 1
966; 2
965; 1
970; 2
966; 1
971; 2
982; 1
988; 2
1004; 1
1010; 2
1005; 1
1010; 2
1014; 1
1019; 2
1111; 1
1116; 2
1137; 1
1142; 2
1140; 1
1145; 2
1161; 1
1167; 2
1162; 1
1167; 2
1170; 1
1176; 2
1234; 1
1239; 2
1266; 1
1272; 2
1267; 1
1272; 2
1276; 1
1281; 2
1276; 1
1283; 2
1299; 1
1305; 2
1304; 1
1310; 2
1307; 1
1312; 2
1322; 1
1328; 2
1410; 1
1416; 2
1419; 1
1424; 2
1421; 1
1426; 2
1423; 1
1428; 2
1507; 1
1512; 2
1520; 1
1525; 2
1546; 1
1551; 2
1548; 1
1553; 2
1555; 1
1560; 2
1570; 1
1576; 2
1572; 1
1578; 2
1590; 1
1595; 2
1605; 1
1612; 2
1607; 1
1612; 2
1614; 1
1619; 2
1649; 1
1654; 2
1679; 1
1685; 2
1683; 1
1689; 2
1698; 1
1703; 2
1736; 1
1741; 2
1743; 1
1749; 2
1770; 1
1776; 2
1777; 1
1783; 2
1808; 1
1813; 2
1814; 1
1819; 2
1820; 1
1825; 2
1824; 1
1829; 2
1824; 1
1830; 2
1828; 1
1835; 2
1834; 1
1841; 2
1842; 1
1847; 2
1863; 1
1869; 2
1878; 1
1884; 2
1882; 1
1887; 2
1882; 1
1889; 2
1916; 1
1921; 2
1938; 1
1944; 2
1949; 1
1954; 2
1966; 1
1973; 2
1971; 1
1976; 2
1976; 1
1982; 2
1987; 1
1992; 2
2051; 1
2055; 2
2105; 1
2110; 2
2110; 1
2115; 2
2136; 1
2141; 2
2169; 1
2176; 2
2173; 1
2182; 2
2218; 1
2223; 2
2220; 1
2228; 2
2294; 1
2300; 2
2336; 1
2348; 2
2343; 1
2349; 2
2352; 1
2361; 2
2403; 1
2409; 2
2405; 1
2410; 2
2446; 1
2451; 2
2466; 1
2473; 2
2467; 1
2473; 2
2500; 1
2505; 2
2502; 1
2510; 2
2512; 1
2518; 2
2526; 1
2531; 2
2540; 1
2545; 2
2543; 1
2550; 2
2567; 1
2573; 2
2599; 1
2605; 2
2645; 1
2650; 2
2675; 1
2680; 2
2738; 1
2744; 2
2780; 1
2785; 2
2849; 1
2855; 2
2851; 1
2858; 2
2854; 1
2858; 2
2869; 1
2875; 2
2875; 1
2878; 2
2889; 1
2895; 2
2897; 1
2903; 2
2898; 1
2907; 2
2916; 1
2923; 2
2931; 1
2937; 2
2937; 1
2943; 2
2939; 1
2944; 2
2944; 1
2950; 2
2954; 1
2959; 2
2968; 1
2973; 2
2968; 1
2975; 2
2979; 1
2984; 2
2993; 1
2999; 2
3001; 1
3007; 2
3024; 1
3031; 2
3047; 1
3051; 2
3057; 1
3062; 2
3076; 1
3083; 2
3150; 1
3156; 2
3156; 1
3162; 2
3197; 1
3203; 2
3216; 1
3221; 2
3241; 1
3246; 2
3279; 1
3284; 2
3329; 1
3335; 2
3341; 1
3349; 2
3367; 1
3373; 2
3377; 1
3386; 2
3381; 1
3386; 2
3390; 1
3396; 2
3394; 1
3402; 2
3397; 1
3402; 2
3401; 1
3407; 2
3466; 1
3471; 2
3472; 1
3478; 2
3496; 1
3502; 2
3497; 1
3502; 2
3501; 1
3506; 2
3515; 1
3521; 2
3517; 1
3523; 2
3573; 1
3581; 2
3578; 1
3584; 2
3616; 1
3622; 2
3617; 1
3622; 2
3626; 1
3632; 2
3661; 1
3667; 2
3706; 1
3712; 2
3748; 1
3753; 2
3751; 1
3756; 2
3755; 1
3759; 2
3762; 1
3767; 2
3773; 1
3785; 2
3790; 1
3797; 2
3794; 1
3800; 2
3802; 1
3808; 2
3804; 1
3808; 2
3819; 1
3825; 2
3819; 1
3826; 2
3824; 1
3830; 2
3825; 1
3830; 2
3843; 1
3849; 2
3844; 1
3851; 2
3846; 1
3854; 2
3850; 1
3856; 2
3858; 1
3863; 2
3876; 1
3882; 2
3890; 1
3894; 2
3894; 1
3899; 2
3933; 1
3939; 2
3941; 1
3946; 2
3981; 1
3987; 2
3982; 1
3988; 2
4004; 1
4009; 2
4019; 1
4028; 2
4062; 1
4069; 2
4066; 1
4071; 2
4120; 1
4125; 2
4177; 1
4183; 2
4179; 1
4184; 2
4179; 1
4185; 2
4192; 1
4197; 2
4196; 1
4202; 2
4212; 1
4217; 2
4228; 1
4234; 2
4247; 1
4253; 2
4248; 1
4254; 2
4283; 1
4289; 2
4300; 1
4306; 2
4304; 1
4310; 2
4316; 1
4322; 2
4348; 1
4354; 2
4359; 1
4365; 2
4396; 1
4402; 2
4397; 1
4402; 2
4426; 1
4432; 2
4428; 1
4435; 2
4500; 1
4506; 2
4518; 1
4523; 2
4520; 1
4527; 2
4553; 1
4559; 2
4572; 1
4579; 2
4624; 1
4629; 2
4633; 1
4638; 2
4652; 1
4659; 2
4681; 1
4690; 2
4707; 1
4712; 2
4725; 1
4733; 2
4733; 1
4739; 2
4746; 1
4752; 2
4810; 1
4818; 2
4833; 1
4840; 2
4849; 1
4855; 2
4902; 1
4907; 2
4914; 1
4920; 2
4929; 1
4935; 2
4946; 1
4952; 2
4972; 1
4977; 2
4977; 1
4981; 2
4987; 1
4993; 2
4999; 1
5003; 2
5011; 1
5017; 2
5041; 1
5048; 2
5046; 1
5051; 2
5048; 1
5053; 2
5077; 1
5082; 2
5084; 1
5088; 2
5087; 1
5093; 2
5117; 1
5123; 2
5135; 1
5142; 2
5139; 1
5145; 2
5175; 1
5180; 2
5176; 1
5181; 2
5196; 1
5201; 2
5200; 1
5208; 2
5265; 1
5271; 2
5288; 1
5294; 2
5302; 1
5308; 2
5319; 1
5324; 2
5323; 1
5328; 2
5345; 1
5350; 2
5359; 1
5364; 2
5376; 1
5382; 2
5383; 1
5389; 2
5392; 1
5398; 2
5419; 1
5425; 2
5439; 1
5446; 2
5457; 1
5462; 2
5466; 1
5472; 2
5483; 1
5488; 2
5508; 1
5514; 2
5524; 1
5530; 2
5543; 1
5550; 2
5549; 1
5555; 2
5557; 1
5562; 2
5592; 1
5598; 2
5658; 1
5663; 2
5679; 1
5684; 2
5682; 1
5687; 2
5687; 1
5695; 2
5688; 1
5696; 2
5713; 1
5719; 2
5735; 1
5741; 2
5752; 1
5758; 2
5768; 1
5773; 2
5776; 1
5782; 2
5780; 1
5787; 2
5783; 1
5788; 2
5793; 1
5799; 2
5800; 1
5806; 2
5840; 1
5845; 2
5840; 1
5847; 2
5853; 1
5859; 2
5859; 1
5865; 2
5860; 1
5866; 2
5900; 1
5909; 2
5919; 1
5925; 2
5935; 1
5944; 2
5967; 1
5972; 2
5973; 1
5979; 2
5985; 1
5990; 2
6003; 1
6009; 2
6019; 1
6024; 2
6037; 1
6043; 2
6044; 1
6049; 2
6048; 1
6055; 2
6053; 1
6058; 2
6057; 1
6064; 2
6079; 1
6084; 2
6125; 1
6131; 2
6129; 1
6134; 2
6130; 1
6135; 2
6140; 1
6146; 2
6171; 1
6183; 2
6174; 1
6186; 2
6193; 1
6207; 2
6198; 1
6204; 2
6198; 1
6204; 2
6203; 1
6210; 2
6206; 1
6211; 2
6238; 1
6244; 2
6250; 1
6257; 2
6255; 1
6262; 2
6265; 1
6271; 2
6283; 1
6288; 2
6311; 1
6316; 2
6336; 1
6342; 2
6378; 1
6385; 2
6389; 1
6394; 2
6443; 1
6450; 2
6463; 1
6468; 2
6463; 1
6469; 2
6472; 1
6478; 2
6474; 1
6480; 2
6488; 1
6494; 2
6488; 1
6494; 2
6492; 1
6498; 2
6527; 1
6532; 2
6529; 1
6534; 2
6569; 1
6575; 2
6573; 1
6579; 2
6605; 1
6612; 2
6614; 1
6620; 2
6632; 1
6636; 2
6632; 1
6638; 2
6653; 1
6661; 2
6676; 1
6681; 2
6696; 1
6701; 2
6700; 1
6705; 2
6744; 1
6749; 2
6746; 1
6753; 2
6768; 1
6776; 2
6772; 1
6777; 2
6795; 1
6801; 2
6814; 1
6819; 2
6861; 1
6867; 2
6922; 1
6928; 2
6982; 1
6989; 2
7042; 1
7048; 2
7089; 1
7094; 2
7092; 1
7098; 2
7107; 1
7115; 2
7181; 1
7187; 2
7233; 1
7238; 2
7269; 1
7275; 2
7273; 1
7279; 2
7281; 1
7287; 2
7295; 1
7301; 2
7301; 1
7307; 2
7311; 1
7315; 2
7339; 1
7345; 2
7387; 1
7393; 2
7388; 1
7394; 2
7396; 1
7405; 2
7425; 1
7430; 2
7429; 1
7434; 2
7467; 1
7472; 2
7488; 1
7493; 2
7488; 1
7493; 2
7505; 1
7510; 2
7511; 1
7516; 2
7567; 1
7572; 2
7594; 1
7600; 2
7616; 1
7621; 2
7627; 1
7632; 2
7654; 1
7661; 2
7714; 1
7721; 2
7727; 1
7732; 2
7776; 1
7781; 2
7794; 1
7800; 2
7794; 1
7800; 2
7805; 1
7810; 2
7832; 1
7838; 2
7855; 1
7860; 2
7868; 1
7875; 2
7880; 1
7886; 2
7886; 1
7893; 2
7890; 1
7896; 2
7918; 1
7924; 2
7965; 1
7972; 2
7990; 1
7995; 2
8025; 1
8031; 2
8063; 1
8070; 2
8074; 1
8082; 2
8082; 1
8087; 2
8082; 1
8088; 2
8082; 1
8090; 2
8132; 1
8138; 2
8148; 1
8154; 2
8152; 1
8158; 2
8196; 1
8203; 2
8216; 1
8222; 2
8260; 1
8266; 2
8267; 1
8272; 2
8319; 1
8326; 2
8323; 1
8328; 2
8355; 1
8360; 2
8419; 1
8425; 2
8492; 1
8499; 2
8508; 1
8514; 2
8521; 1
8526; 2
8548; 1
8553; 2
8555; 1
8561; 2
8560; 1
8565; 2
8560; 1
8566; 2
8599; 1
8606; 2
8623; 1
8630; 2
8770; 1
8776; 2
8771; 1
8776; 2
8788; 1
8793; 2
8824; 1
8830; 2
8848; 1
8853; 2
8879; 1
8885; 2
8901; 1
8906; 2
8967; 1
8973; 2
8991; 1
8997; 2
9041; 1
9047; 2
9044; 1
9049; 2
9071; 1
9076; 2
9079; 1
9086; 2
9099; 1
9105; 2
9112; 1
9119; 2
9163; 1
9168; 2
9173; 1
9178; 2
9181; 1
9187; 2
9254; 1
9258; 2
9321; 1
9333; 2
9331; 1
9336; 2
9332; 1
9337; 2
9341; 1
9347; 2
9377; 1
9382; 2
9401; 1
9413; 2
9412; 1
9418; 2
9424; 1
9432; 2
9490; 1
9499; 2
9528; 1
9533; 2
9539; 1
9546; 2
9550; 1
9562; 2
9554; 1
9559; 2
9567; 1
9573; 2
9583; 1
9587; 2
9598; 1
9605; 2
9602; 1
9607; 2
9631; 1
9637; 2
9631; 1
9637; 2
9634; 1
9640; 2
9636; 1
9641; 2
9667; 1
9673; 2
9714; 1
9721; 2
9764; 1
9772; 2
9788; 1
9794; 2
9788; 1
9796; 2
9811; 1
9817; 2
9815; 1
9821; 2
9851; 1
9857; 2
9877; 1
9881; 2
9902; 1
9907; 2
9907; 1
9912; 2
9909; 1
9915; 2
9916; 1
9921; 2
9937; 1
9943; 2
9948; 1
9954; 2
9975; 1
9980; 2
10040; 1
10044; 2
10055; 1
10060; 2
10072; 1
10078; 2
