Sequence of timestamped events V1.0
Stream 2
Id =2
Name = Camera_2
Tbegin = 0
Tend = 10000
Count = 500
99; 1
105; 2
107; 1
113; 2
112; 1
118; 2
118; 1
124; 2
119; 1
125; 2
119; 1
126; 2
148; 1
153; 2
152; 1
158; 2
160; 1
165; 2
189; 1
193; 2
220; 1
226; 2
248; 1
253; 2
327; 1
331; 2
365; 1
371; 2
370; 1
376; 2
383; 1
391; 2
431; 1
437; 2
463; 1
469; 2
479; 1
483; 2
491; 1
497; 2
497; 1
503; 2
559; 1
565; 2
570; 1
576; 2
576; 1
582; 2
591; 1
596; 2
616; 1
622; 2
627; 1
634; 2
643; 1
648; 2
651; 1
657; 2
654; 1
660; 2
687; 1
693; 2
698; 1
704; 2
792; 1
798; 2
812; 1
818; 2
818; 1
824; 2
830; 1
835; 2
872; 1
877; 2
904; 1
911; 2
914; 1
919; 2
921; 1
926; 2
926; 1
930; 2
945; 1
951; 2
956; 1
962; 2
963; 1
969; 2
993; 1
999; 2
997; 1
1003; 2
997; 1
1004; 2
1070; 1
1076; 2
1139; 1
1143; 2
1159; 1
1165; 2
1195; 1
1201; 2
1206; 1
1210; 2
1209; 1
1215; 2
1224; 1
1230; 2
1227; 1
1232; 2
1234; 1
1239; 2
1259; 1
1265; 2
1271; 1
1277; 2
1383; 1
1388; 2
1397; 1
1402; 2
1407; 1
1414; 2
1411; 1
1417; 2
1424; 1
1430; 2
1430; 1
1436; 2
1447; 1
1452; 2
1450; 1
1456; 2
1474; 1
1478; 2
1502; 1
1509; 2
1506; 1
1512; 2
1517; 1
1523; 2
1535; 1
1540; 2
1555; 1
1561; 2
1562; 1
1568; 2
1615; 1
1622; 2
1621; 1
1627; 2
1628; 1
1633; 2
1658; 1
1663; 2
1664; 1
1670; 2
1702; 1
1708; 2
1709; 1
1713; 2
1713; 1
1719; 2
1738; 1
1745; 2
1742; 1
1748; 2
1798; 1
1804; 2
1816; 1
1820; 2
1821; 1
1825; 2
1824; 1
1831; 2
1838; 1
1844; 2
1871; 1
1877; 2
1896; 1
1901; 2
1919; 1
1925; 2
1926; 1
1932; 2
1970; 1
1974; 2
1991; 1
1997; 2
2005; 1
2010; 2
2076; 1
2082; 2
2089; 1
2095; 2
2099; 1
2105; 2
2101; 1
2107; 2
2108; 1
2113; 2
2124; 1
2128; 2
2128; 1
2133; 2
2128; 1
2134; 2
2148; 1
2154; 2
2161; 1
2168; 2
2167; 1
2172; 2
2183; 1
2189; 2
2208; 1
2214; 2
2234; 1
2239; 2
2240; 1
2247; 2
2265; 1
2269; 2
2349; 1
2355; 2
2398; 1
2402; 2
2402; 1
2406; 2
2456; 1
2462; 2
2673; 1
2679; 2
2678; 1
2683; 2
2683; 1
2689; 2
2695; 1
2700; 2
2720; 1
2726; 2
2722; 1
2727; 2
2731; 1
2737; 2
2753; 1
2759; 2
2754; 1
2760; 2
2760; 1
2766; 2
2767; 1
2773; 2
2776; 1
2782; 2
2783; 1
2788; 2
2803; 1
2808; 2
2808; 1
2813; 2
2825; 1
2832; 2
2837; 1
2843; 2
2848; 1
2854; 2
2859; 1
2865; 2
2872; 1
2878; 2
2876; 1
2881; 2
2885; 1
2891; 2
2890; 1
2896; 2
2914; 1
2919; 2
2961; 1
2967; 2
3027; 1
3033; 2
3034; 1
3040; 2
3066; 1
3070; 2
3094; 1
3100; 2
3101; 1
3106; 2
3120; 1
3126; 2
3127; 1
3133; 2
3148; 1
3154; 2
3219; 1
3224; 2
3241; 1
3248; 2
3278; 1
3284; 2
3294; 1
3300; 2
3319; 1
3325; 2
3330; 1
3335; 2
3336; 1
3343; 2
3341; 1
3346; 2
3369; 1
3375; 2
3408; 1
3413; 2
3463; 1
3469; 2
3464; 1
3470; 2
3476; 1
3481; 2
3488; 1
3493; 2
3511; 1
3515; 2
3519; 1
3525; 2
3531; 1
3535; 2
3538; 1
3544; 2
3548; 1
3554; 2
3558; 1
3564; 2
3578; 1
3584; 2
3603; 1
3610; 2
3611; 1
3616; 2
3621; 1
3625; 2
3629; 1
3635; 2
3646; 1
3652; 2
3658; 1
3665; 2
3699; 1
3706; 2
3704; 1
3710; 2
3711; 1
3717; 2
3720; 1
3726; 2
3778; 1
3784; 2
3795; 1
3801; 2
3805; 1
3811; 2
3840; 1
3845; 2
3842; 1
3846; 2
3848; 1
3853; 2
3874; 1
3878; 2
3884; 1
3890; 2
3903; 1
3908; 2
3933; 1
3939; 2
3937; 1
3943; 2
3958; 1
3964; 2
4034; 1
4040; 2
4035; 1
4041; 2
4040; 1
4047; 2
4046; 1
4052; 2
4053; 1
4058; 2
4103; 1
4110; 2
4117; 1
4123; 2
4143; 1
4148; 2
4169; 1
4175; 2
4173; 1
4180; 2
4175; 1
4181; 2
4223; 1
4228; 2
4234; 1
4240; 2
4271; 1
4277; 2
4278; 1
4284; 2
4337; 1
4343; 2
4397; 1
4403; 2
4406; 1
4412; 2
4427; 1
4433; 2
4446; 1
4451; 2
4447; 1
4452; 2
4452; 1
4458; 2
4453; 1
4459; 2
4470; 1
4476; 2
4479; 1
4484; 2
4497; 1
4503; 2
4502; 1
4508; 2
4502; 1
4508; 2
4514; 1
4520; 2
4561; 1
4567; 2
4575; 1
4582; 2
4590; 1
4596; 2
4594; 1
4598; 2
4595; 1
4600; 2
4601; 1
4608; 2
4636; 1
4641; 2
4709; 1
4713; 2
4748; 1
4754; 2
4751; 1
4756; 2
4753; 1
4757; 2
4766; 1
4772; 2
4800; 1
4806; 2
4806; 1
4812; 2
4811; 1
4817; 2
4832; 1
4838; 2
4845; 1
4850; 2
4864; 1
4870; 2
4875; 1
4881; 2
4877; 1
4883; 2
4943; 1
4948; 2
4987; 1
4993; 2
5016; 1
5021; 2
5022; 1
5027; 2
5035; 1
5039; 2
5059; 1
5064; 2
5080; 1
5086; 2
5099; 1
5105; 2
5165; 1
5170; 2
5193; 1
5198; 2
5210; 1
5218; 2
5243; 1
5249; 2
5251; 1
5257; 2
5260; 1
5266; 2
5279; 1
5287; 2
5325; 1
5330; 2
5335; 1
5341; 2
5352; 1
5358; 2
5354; 1
5360; 2
5392; 1
5399; 2
5397; 1
5402; 2
5410; 1
5416; 2
5423; 1
5429; 2
5429; 1
5433; 2
5450; 1
5454; 2
5451; 1
5455; 2
5482; 1
5489; 2
5495; 1
5501; 2
5597; 1
5603; 2
5615; 1
5619; 2
5618; 1
5624; 2
5674; 1
5680; 2
5682; 1
5686; 2
5720; 1
5726; 2
5741; 1
5747; 2
5744; 1
5750; 2
5769; 1
5775; 2
5776; 1
5781; 2
5780; 1
5786; 2
5810; 1
5816; 2
5832; 1
5837; 2
5843; 1
5849; 2
5850; 1
5855; 2
5863; 1
5868; 2
5874; 1
5878; 2
5903; 1
5909; 2
5937; 1
5942; 2
5944; 1
5950; 2
5960; 1
5966; 2
5963; 1
5970; 2
5994; 1
6000; 2
6016; 1
6022; 2
6043; 1
6048; 2
6053; 1
6059; 2
6058; 1
6064; 2
6074; 1
6079; 2
6077; 1
6083; 2
6126; 1
6132; 2
6146; 1
6152; 2
6153; 1
6159; 2
6189; 1
6195; 2
6202; 1
6207; 2
6244; 1
6250; 2
6266; 1
6271; 2
6305; 1
6311; 2
6336; 1
6341; 2
6366; 1
6370; 2
6370; 1
6377; 2
6380; 1
6386; 2
6390; 1
6396; 2
6406; 1
6410; 2
6409; 1
6415; 2
6429; 1
6434; 2
6434; 1
6439; 2
6436; 1
6441; 2
6446; 1
6452; 2
6452; 1
6458; 2
6503; 1
6508; 2
6507; 1
6512; 2
6537; 1
6542; 2
6550; 1
6554; 2
6575; 1
6579; 2
6603; 1
6609; 2
6649; 1
6655; 2
6654; 1
6658; 2
6671; 1
6676; 2
6698; 1
6704; 2
6723; 1
6729; 2
6728; 1
6732; 2
6755; 1
6761; 2
6766; 1
6773; 2
6783; 1
6788; 2
6806; 1
6813; 2
6808; 1
6814; 2
6814; 1
6821; 2
6824; 1
6832; 2
6851; 1
6856; 2
6855; 1
6859; 2
6878; 1
6883; 2
6885; 1
6891; 2
6917; 1
6923; 2
6921; 1
6926; 2
6930; 1
6935; 2
6985; 1
6991; 2
7018; 1
7024; 2
7023; 1
7030; 2
7029; 1
7035; 2
7035; 1
7041; 2
7040; 1
7046; 2
7043; 1
7049; 2
7061; 1
7065; 2
7095; 1
7101; 2
7151; 1
7157; 2
7158; 1
7162; 2
7166; 1
7172; 2
7196; 1
7201; 2
7237; 1
7241; 2
7243; 1
7249; 2
7266; 1
7271; 2
7281; 1
7287; 2
7316; 1
7321; 2
7336; 1
7342; 2
7353; 1
7359; 2
7387; 1
7391; 2
7403; 1
7409; 2
7411; 1
7416; 2
7414; 1
7419; 2
7421; 1
7427; 2
7438; 1
7444; 2
7472; 1
7478; 2
7493; 1
7498; 2
7501; 1
7507; 2
7506; 1
7512; 2
7512; 1
7518; 2
7527; 1
7531; 2
7547; 1
7553; 2
7548; 1
7554; 2
7566; 1
7572; 2
7586; 1
7592; 2
7591; 1
7595; 2
7603; 1
7609; 2
7618; 1
7624; 2
7652; 1
7658; 2
7660; 1
7666; 2
7698; 1
7704; 2
7723; 1
7729; 2
7756; 1
7762; 2
7802; 1
7807; 2
7813; 1
7819; 2
7814; 1
7819; 2
7844; 1
7850; 2
7851; 1
7857; 2
7859; 1
7863; 2
7905; 1
7911; 2
7923; 1
7928; 2
7943; 1
7949; 2
7966; 1
7971; 2
7980; 1
7985; 2
7981; 1
7985; 2
8070; 1
8076; 2
8083; 1
8089; 2
8110; 1
8115; 2
8146; 1
8152; 2
8159; 1
8165; 2
8166; 1
8170; 2
8175; 1
8180; 2
8180; 1
8185; 2
8184; 1
8190; 2
8190; 1
8196; 2
8200; 1
8205; 2
8225; 1
8230; 2
8263; 1
8269; 2
8276; 1
8282; 2
8281; 1
8287; 2
8291; 1
8295; 2
8302; 1
8308; 2
8323; 1
8328; 2
8356; 1
8361; 2
8358; 1
8364; 2
8375; 1
8381; 2
8394; 1
8400; 2
8404; 1
8409; 2
8441; 1
8446; 2
8443; 1
8449; 2
8452; 1
8458; 2
8455; 1
8461; 2
8476; 1
8481; 2
8477; 1
8483; 2
8478; 1
8483; 2
8488; 1
8494; 2
8499; 1
8505; 2
8512; 1
8516; 2
8526; 1
8531; 2
8527; 1
8533; 2
8565; 1
8570; 2
8588; 1
8594; 2
8589; 1
8595; 2
8625; 1
8631; 2
8642; 1
8647; 2
8661; 1
8666; 2
8667; 1
8673; 2
8712; 1
8718; 2
8740; 1
8746; 2
8753; 1
8759; 2
8761; 1
8767; 2
8812; 1
8818; 2
8842; 1
8848; 2
8893; 1
8899; 2
8924; 1
8929; 2
8956; 1
8962; 2
8973; 1
8979; 2
8998; 1
9004; 2
9012; 1
9017; 2
9013; 1
9018; 2
9015; 1
9020; 2
9031; 1
9037; 2
9040; 1
9045; 2
9056; 1
9062; 2
9056; 1
9062; 2
9068; 1
9074; 2
9198; 1
9203; 2
9206; 1
9214; 2
9212; 1
9218; 2
9324; 1
9329; 2
9336; 1
9341; 2
9337; 1
9342; 2
9364; 1
9370; 2
9400; 1
9407; 2
9424; 1
9430; 2
9440; 1
9446; 2
9452; 1
9457; 2
9453; 1
9459; 2
9476; 1
9482; 2
9492; 1
9497; 2
9499; 1
9505; 2
9524; 1
9530; 2
9537; 1
9543; 2
9547; 1
9552; 2
9547; 1
9553; 2
9575; 1
9581; 2
9576; 1
9582; 2
9607; 1
9613; 2
9667; 1
9673; 2
9731; 1
9737; 2
9753; 1
9760; 2
9791; 1
9795; 2
9804; 1
9810; 2
9808; 1
9814; 2
9828; 1
9833; 2
9837; 1
9842; 2
9849; 1
9853; 2
9855; 1
9860; 2
9891; 1
9895; 2
9892; 1
9898; 2
9902; 1
9906; 2
9963; 1
9967; 2
9969; 1
9975; 2
9979; 1
9984; 2
9988; 1
9994; 2
10014; 1
10020; 2
