Sequence of timestamped events V1.0
Stream 0
Id =0
Name = Camera_0
Tbegin = 0
Tend = 10000
Count = 500
77; 1
82; 2
85; 1
90; 2
87; 1
93; 2
91; 1
98; 2
93; 1
99; 2
94; 1
100; 2
127; 1
132; 2
127; 1
133; 2
139; 1
144; 2
170; 1
175; 2
198; 1
203; 2
227; 1
232; 2
308; 1
313; 2
340; 1
346; 2
345; 1
351; 2
351; 1
359; 2
406; 1
412; 2
441; 1
446; 2
462; 1
466; 2
466; 1
472; 2
472; 1
478; 2
537; 1
542; 2
548; 1
553; 2
554; 1
559; 2
570; 1
575; 2
591; 1
597; 2
599; 1
606; 2
622; 1
627; 2
626; 1
632; 2
629; 1
635; 2
665; 1
670; 2
676; 1
681; 2
770; 1
775; 2
790; 1
795; 2
793; 1
799; 2
809; 1
814; 2
851; 1
856; 2
876; 1
883; 2
893; 1
898; 2
900; 1
905; 2
907; 1
912; 2
923; 1
928; 2
934; 1
939; 2
941; 1
946; 2
969; 1
976; 2
971; 1
976; 2
972; 1
978; 2
1048; 1
1053; 2
1120; 1
1125; 2
1137; 1
1142; 2
1173; 1
1178; 2
1187; 1
1192; 2
1187; 1
1192; 2
1202; 1
1207; 2
1206; 1
1211; 2
1213; 1
1218; 2
1234; 1
1240; 2
1249; 1
1254; 2
1362; 1
1367; 2
1376; 1
1381; 2
1379; 1
1386; 2
1386; 1
1392; 2
1402; 1
1407; 2
1405; 1
1411; 2
1425; 1
1431; 2
1426; 1
1431; 2
1457; 1
1461; 2
1474; 1
1481; 2
1484; 1
1489; 2
1495; 1
1500; 2
1514; 1
1519; 2
1533; 1
1538; 2
1537; 1
1543; 2
1587; 1
1594; 2
1596; 1
1602; 2
1607; 1
1612; 2
1637; 1
1642; 2
1639; 1
1645; 2
1680; 1
1685; 2
1691; 1
1696; 2
1692; 1
1696; 2
1710; 1
1717; 2
1720; 1
1725; 2
1773; 1
1779; 2
1796; 1
1803; 2
1797; 1
1802; 2
1802; 1
1807; 2
1816; 1
1821; 2
1849; 1
1854; 2
1875; 1
1880; 2
1897; 1
1902; 2
1901; 1
1907; 2
1951; 1
1956; 2
1966; 1
1972; 2
1984; 1
1989; 2
2051; 1
2057; 2
2067; 1
2072; 2
2076; 1
2082; 2
2077; 1
2082; 2
2087; 1
2092; 2
2103; 1
2109; 2
2105; 1
2110; 2
2107; 1
2112; 2
2126; 1
2131; 2
2133; 1
2140; 2
2146; 1
2151; 2
2161; 1
2166; 2
2186; 1
2191; 2
2212; 1
2219; 2
2213; 1
2218; 2
2246; 1
2251; 2
2327; 1
2332; 2
2379; 1
2384; 2
2383; 1
2388; 2
2434; 1
2439; 2
2651; 1
2656; 2
2657; 1
2662; 2
2661; 1
2666; 2
2674; 1
2679; 2
2698; 1
2703; 2
2701; 1
2706; 2
2706; 1
2712; 2
2731; 1
2736; 2
2732; 1
2737; 2
2738; 1
2743; 2
2742; 1
2748; 2
2754; 1
2759; 2
2762; 1
2767; 2
2782; 1
2787; 2
2787; 1
2792; 2
2797; 1
2804; 2
2815; 1
2820; 2
2826; 1
2831; 2
2837; 1
2842; 2
2847; 1
2853; 2
2855; 1
2860; 2
2860; 1
2866; 2
2868; 1
2873; 2
2893; 1
2898; 2
2939; 1
2944; 2
3005; 1
3010; 2
3012; 1
3017; 2
3047; 1
3052; 2
3069; 1
3075; 2
3080; 1
3085; 2
3095; 1
3101; 2
3105; 1
3110; 2
3123; 1
3129; 2
3198; 1
3203; 2
3213; 1
3220; 2
3256; 1
3261; 2
3272; 1
3277; 2
3297; 1
3302; 2
3308; 1
3315; 2
3309; 1
3314; 2
3320; 1
3325; 2
3347; 1
3352; 2
3387; 1
3392; 2
3438; 1
3444; 2
3442; 1
3447; 2
3455; 1
3460; 2
3467; 1
3472; 2
3492; 1
3497; 2
3494; 1
3500; 2
3512; 1
3517; 2
3513; 1
3519; 2
3523; 1
3529; 2
3533; 1
3539; 2
3556; 1
3561; 2
3575; 1
3582; 2
3590; 1
3595; 2
3602; 1
3607; 2
3607; 1
3612; 2
3621; 1
3627; 2
3630; 1
3637; 2
3671; 1
3678; 2
3682; 1
3687; 2
3689; 1
3694; 2
3698; 1
3703; 2
3753; 1
3759; 2
3773; 1
3778; 2
3783; 1
3788; 2
3819; 1
3824; 2
3823; 1
3828; 2
3827; 1
3832; 2
3855; 1
3860; 2
3862; 1
3867; 2
3882; 1
3887; 2
3908; 1
3914; 2
3915; 1
3920; 2
3936; 1
3941; 2
4010; 1
4016; 2
4012; 1
4017; 2
4012; 1
4019; 2
4024; 1
4029; 2
4032; 1
4037; 2
4075; 1
4082; 2
4092; 1
4098; 2
4122; 1
4127; 2
4145; 1
4152; 2
4147; 1
4152; 2
4153; 1
4158; 2
4202; 1
4207; 2
4212; 1
4217; 2
4246; 1
4252; 2
4253; 1
4259; 2
4315; 1
4320; 2
4375; 1
4380; 2
4384; 1
4389; 2
4402; 1
4408; 2
4425; 1
4430; 2
4426; 1
4431; 2
4430; 1
4435; 2
4431; 1
4436; 2
4448; 1
4453; 2
4458; 1
4463; 2
4475; 1
4480; 2
4480; 1
4485; 2
4480; 1
4485; 2
4492; 1
4497; 2
4539; 1
4544; 2
4547; 1
4554; 2
4568; 1
4573; 2
4573; 1
4580; 2
4574; 1
4579; 2
4575; 1
4580; 2
4615; 1
4620; 2
4690; 1
4695; 2
4726; 1
4731; 2
4730; 1
4735; 2
4736; 1
4740; 2
4741; 1
4747; 2
4775; 1
4781; 2
4781; 1
4787; 2
4786; 1
4792; 2
4807; 1
4813; 2
4824; 1
4829; 2
4839; 1
4845; 2
4852; 1
4858; 2
4853; 1
4858; 2
4922; 1
4927; 2
4965; 1
4970; 2
4995; 1
5000; 2
5001; 1
5006; 2
5016; 1
5021; 2
5038; 1
5043; 2
5055; 1
5061; 2
5077; 1
5082; 2
5144; 1
5149; 2
5172; 1
5177; 2
5178; 1
5186; 2
5221; 1
5226; 2
5229; 1
5234; 2
5238; 1
5243; 2
5247; 1
5255; 2
5304; 1
5309; 2
5313; 1
5318; 2
5329; 1
5335; 2
5330; 1
5335; 2
5364; 1
5371; 2
5376; 1
5381; 2
5385; 1
5391; 2
5401; 1
5406; 2
5410; 1
5415; 2
5431; 1
5436; 2
5432; 1
5437; 2
5454; 1
5461; 2
5473; 1
5478; 2
5575; 1
5580; 2
5596; 1
5601; 2
5598; 1
5602; 2
5652; 1
5657; 2
5665; 1
5669; 2
5698; 1
5703; 2
5719; 1
5724; 2
5719; 1
5725; 2
5747; 1
5752; 2
5755; 1
5760; 2
5755; 1
5761; 2
5785; 1
5791; 2
5811; 1
5816; 2
5821; 1
5826; 2
5829; 1
5834; 2
5842; 1
5847; 2
5857; 1
5861; 2
5878; 1
5884; 2
5916; 1
5921; 2
5922; 1
5927; 2
5935; 1
5942; 2
5938; 1
5943; 2
5972; 1
5977; 2
5994; 1
5999; 2
6022; 1
6027; 2
6031; 1
6036; 2
6036; 1
6041; 2
6052; 1
6058; 2
6053; 1
6058; 2
6104; 1
6109; 2
6121; 1
6127; 2
6131; 1
6136; 2
6167; 1
6172; 2
6181; 1
6186; 2
6222; 1
6227; 2
6245; 1
6250; 2
6283; 1
6288; 2
6315; 1
6320; 2
6342; 1
6349; 2
6347; 1
6352; 2
6358; 1
6363; 2
6368; 1
6373; 2
6384; 1
6390; 2
6387; 1
6392; 2
6408; 1
6413; 2
6413; 1
6418; 2
6415; 1
6420; 2
6424; 1
6429; 2
6430; 1
6435; 2
6482; 1
6487; 2
6486; 1
6491; 2
6516; 1
6521; 2
6531; 1
6536; 2
6556; 1
6561; 2
6581; 1
6586; 2
6624; 1
6630; 2
6635; 1
6640; 2
6650; 1
6655; 2
6673; 1
6679; 2
6698; 1
6704; 2
6711; 1
6715; 2
6733; 1
6738; 2
6738; 1
6745; 2
6762; 1
6767; 2
6778; 1
6785; 2
6786; 1
6791; 2
6786; 1
6793; 2
6792; 1
6800; 2
6830; 1
6835; 2
6838; 1
6842; 2
6857; 1
6862; 2
6863; 1
6868; 2
6892; 1
6898; 2
6900; 1
6905; 2
6909; 1
6914; 2
6963; 1
6968; 2
6993; 1
6999; 2
6995; 1
7002; 2
7007; 1
7012; 2
7010; 1
7016; 2
7018; 1
7023; 2
7018; 1
7024; 2
7044; 1
7048; 2
7070; 1
7076; 2
7129; 1
7134; 2
7139; 1
7144; 2
7141; 1
7147; 2
7175; 1
7180; 2
7218; 1
7223; 2
7221; 1
7226; 2
7245; 1
7250; 2
7259; 1
7264; 2
7295; 1
7300; 2
7314; 1
7319; 2
7331; 1
7336; 2
7368; 1
7373; 2
7381; 1
7386; 2
7390; 1
7395; 2
7393; 1
7398; 2
7399; 1
7404; 2
7416; 1
7421; 2
7450; 1
7455; 2
7472; 1
7477; 2
7479; 1
7484; 2
7484; 1
7489; 2
7487; 1
7493; 2
7508; 1
7513; 2
7522; 1
7528; 2
7523; 1
7529; 2
7541; 1
7547; 2
7564; 1
7569; 2
7572; 1
7577; 2
7581; 1
7586; 2
7596; 1
7601; 2
7627; 1
7633; 2
7635; 1
7641; 2
7673; 1
7679; 2
7701; 1
7706; 2
7734; 1
7739; 2
7781; 1
7786; 2
7791; 1
7796; 2
7793; 1
7798; 2
7819; 1
7825; 2
7826; 1
7832; 2
7842; 1
7846; 2
7880; 1
7886; 2
7902; 1
7907; 2
7918; 1
7924; 2
7945; 1
7950; 2
7959; 1
7964; 2
7962; 1
7967; 2
8048; 1
8053; 2
8061; 1
8066; 2
8089; 1
8094; 2
8124; 1
8129; 2
8137; 1
8142; 2
8147; 1
8152; 2
8154; 1
8159; 2
8159; 1
8164; 2
8162; 1
8167; 2
8165; 1
8171; 2
8179; 1
8184; 2
8204; 1
8209; 2
8241; 1
8246; 2
8251; 1
8257; 2
8259; 1
8264; 2
8272; 1
8277; 2
8277; 1
8283; 2
8302; 1
8307; 2
8335; 1
8340; 2
8336; 1
8341; 2
8350; 1
8356; 2
8369; 1
8375; 2
8383; 1
8388; 2
8420; 1
8425; 2
8421; 1
8426; 2
8430; 1
8435; 2
8430; 1
8436; 2
8455; 1
8460; 2
8455; 1
8460; 2
8457; 1
8462; 2
8466; 1
8471; 2
8477; 1
8482; 2
8495; 1
8499; 2
8502; 1
8508; 2
8505; 1
8510; 2
8544; 1
8549; 2
8563; 1
8569; 2
8567; 1
8572; 2
8600; 1
8606; 2
8621; 1
8626; 2
8640; 1
8645; 2
8645; 1
8650; 2
8690; 1
8695; 2
8715; 1
8721; 2
8731; 1
8736; 2
8739; 1
8744; 2
8790; 1
8795; 2
8820; 1
8825; 2
8868; 1
8874; 2
8903; 1
8908; 2
8934; 1
8939; 2
8948; 1
8954; 2
8973; 1
8979; 2
8991; 1
8996; 2
8992; 1
8997; 2
8994; 1
8999; 2
9006; 1
9012; 2
9019; 1
9024; 2
9031; 1
9037; 2
9034; 1
9039; 2
9046; 1
9051; 2
9174; 1
9182; 2
9177; 1
9182; 2
9190; 1
9195; 2
9303; 1
9308; 2
9315; 1
9320; 2
9316; 1
9321; 2
9339; 1
9345; 2
9372; 1
9379; 2
9402; 1
9407; 2
9418; 1
9423; 2
9431; 1
9436; 2
9431; 1
9436; 2
9451; 1
9457; 2
9471; 1
9476; 2
9477; 1
9482; 2
9502; 1
9507; 2
9515; 1
9520; 2
9525; 1
9530; 2
9526; 1
9531; 2
9550; 1
9556; 2
9551; 1
9557; 2
9585; 1
9590; 2
9645; 1
9650; 2
9706; 1
9712; 2
9725; 1
9732; 2
9772; 1
9777; 2
9779; 1
9785; 2
9783; 1
9789; 2
9807; 1
9812; 2
9816; 1
9821; 2
9832; 1
9836; 2
9834; 1
9839; 2
9870; 1
9875; 2
9872; 1
9877; 2
9883; 1
9888; 2
9946; 1
9950; 2
9947; 1
9952; 2
9958; 1
9963; 2
9966; 1
9971; 2
9992; 1
9997; 2
