Sequence of timestamped events V1.0
Stream 8
Id =8
Name = Camera_8
Tbegin = 0
Tend = 10000
Count = 4000
35; 1
37; 2
39; 1
41; 2
39; 1
41; 2
40; 1
42; 2
44; 1
46; 2
46; 1
48; 2
48; 1
50; 2
48; 1
50; 2
49; 1
51; 2
49; 1
51; 2
49; 1
51; 2
50; 1
52; 2
51; 1
53; 2
60; 1
62; 2
60; 1
62; 2
63; 1
65; 2
64; 1
66; 2
73; 1
75; 2
73; 1
75; 2
74; 1
76; 2
75; 1
77; 2
78; 1
80; 2
79; 1
81; 2
83; 1
85; 2
91; 1
93; 2
92; 1
94; 2
94; 1
96; 2
95; 1
97; 2
97; 1
99; 2
98; 1
100; 2
100; 1
102; 2
102; 1
104; 2
102; 1
104; 2
102; 1
104; 2
102; 1
104; 2
103; 1
105; 2
105; 1
107; 2
106; 1
108; 2
107; 1
109; 2
110; 1
112; 2
110; 1
112; 2
111; 1
113; 2
115; 1
117; 2
122; 1
124; 2
123; 1
125; 2
125; 1
127; 2
127; 1
129; 2
132; 1
134; 2
136; 1
138; 2
138; 1
140; 2
138; 1
140; 2
138; 1
140; 2
139; 1
141; 2
141; 1
143; 2
143; 1
145; 2
144; 1
146; 2
144; 1
146; 2
145; 1
147; 2
146; 1
148; 2
150; 1
152; 2
154; 1
156; 2
157; 1
159; 2
161; 1
163; 2
163; 1
165; 2
163; 1
165; 2
164; 1
166; 2
166; 1
168; 2
167; 1
169; 2
168; 1
170; 2
168; 1
170; 2
169; 1
171; 2
170; 1
172; 2
173; 1
175; 2
175; 1
177; 2
176; 1
178; 2
179; 1
181; 2
179; 1
181; 2
181; 1
183; 2
182; 1
184; 2
187; 1
189; 2
190; 1
192; 2
198; 1
200; 2
199; 1
201; 2
200; 1
202; 2
204; 1
206; 2
205; 1
207; 2
206; 1
208; 2
207; 1
209; 2
212; 1
214; 2
214; 1
216; 2
216; 1
218; 2
220; 1
222; 2
220; 1
222; 2
220; 1
222; 2
221; 1
223; 2
225; 1
227; 2
231; 1
233; 2
233; 1
235; 2
233; 1
235; 2
237; 1
239; 2
241; 1
243; 2
244; 1
246; 2
244; 1
246; 2
247; 1
249; 2
250; 1
252; 2
252; 1
254; 2
254; 1
256; 2
254; 1
256; 2
273; 1
275; 2
275; 1
277; 2
276; 1
278; 2
278; 1
280; 2
278; 1
280; 2
290; 1
292; 2
291; 1
293; 2
292; 1
294; 2
294; 1
296; 2
298; 1
300; 2
300; 1
302; 2
300; 1
302; 2
302; 1
304; 2
303; 1
305; 2
306; 1
308; 2
312; 1
314; 2
316; 1
318; 2
330; 1
332; 2
333; 1
335; 2
333; 1
335; 2
335; 1
337; 2
342; 1
344; 2
350; 1
352; 2
351; 1
353; 2
354; 1
356; 2
354; 1
356; 2
354; 1
356; 2
365; 1
367; 2
368; 1
370; 2
377; 1
379; 2
385; 1
387; 2
386; 1
388; 2
401; 1
403; 2
405; 1
407; 2
407; 1
409; 2
414; 1
416; 2
416; 1
418; 2
418; 1
420; 2
419; 1
421; 2
419; 1
421; 2
420; 1
422; 2
421; 1
423; 2
430; 1
432; 2
433; 1
435; 2
434; 1
436; 2
439; 1
441; 2
440; 1
442; 2
444; 1
446; 2
444; 1
446; 2
445; 1
447; 2
446; 1
448; 2
450; 1
452; 2
450; 1
452; 2
456; 1
458; 2
457; 1
459; 2
458; 1
460; 2
460; 1
462; 2
470; 1
472; 2
470; 1
472; 2
472; 1
474; 2
473; 1
475; 2
474; 1
476; 2
481; 1
483; 2
486; 1
488; 2
487; 1
489; 2
488; 1
490; 2
489; 1
491; 2
489; 1
491; 2
489; 1
491; 2
490; 1
492; 2
491; 1
493; 2
491; 1
493; 2
492; 1
494; 2
497; 1
499; 2
500; 1
502; 2
507; 1
509; 2
508; 1
510; 2
510; 1
512; 2
517; 1
519; 2
519; 1
521; 2
523; 1
525; 2
524; 1
526; 2
525; 1
527; 2
531; 1
533; 2
532; 1
534; 2
536; 1
538; 2
540; 1
542; 2
541; 1
543; 2
545; 1
547; 2
547; 1
549; 2
547; 1
549; 2
548; 1
550; 2
551; 1
553; 2
555; 1
557; 2
555; 1
557; 2
556; 1
558; 2
560; 1
562; 2
566; 1
568; 2
566; 1
568; 2
568; 1
570; 2
569; 1
571; 2
573; 1
575; 2
573; 1
575; 2
574; 1
576; 2
582; 1
584; 2
585; 1
587; 2
586; 1
588; 2
589; 1
591; 2
589; 1
591; 2
593; 1
595; 2
594; 1
596; 2
596; 1
598; 2
603; 1
605; 2
608; 1
610; 2
610; 1
612; 2
615; 1
617; 2
616; 1
618; 2
617; 1
619; 2
618; 1
620; 2
618; 1
620; 2
628; 1
630; 2
628; 1
630; 2
629; 1
631; 2
632; 1
634; 2
638; 1
640; 2
641; 1
643; 2
642; 1
644; 2
642; 1
644; 2
646; 1
648; 2
646; 1
648; 2
649; 1
651; 2
652; 1
654; 2
654; 1
656; 2
658; 1
660; 2
664; 1
666; 2
666; 1
668; 2
667; 1
669; 2
667; 1
669; 2
669; 1
671; 2
671; 1
673; 2
671; 1
673; 2
673; 1
675; 2
675; 1
677; 2
682; 1
684; 2
683; 1
685; 2
684; 1
686; 2
687; 1
689; 2
689; 1
691; 2
689; 1
691; 2
697; 1
699; 2
698; 1
700; 2
700; 1
702; 2
702; 1
704; 2
708; 1
710; 2
710; 1
712; 2
710; 1
712; 2
710; 1
712; 2
712; 1
714; 2
712; 1
714; 2
715; 1
717; 2
718; 1
720; 2
720; 1
722; 2
722; 1
724; 2
727; 1
729; 2
744; 1
746; 2
744; 1
746; 2
746; 1
748; 2
747; 1
749; 2
751; 1
753; 2
752; 1
754; 2
752; 1
754; 2
758; 1
760; 2
760; 1
762; 2
763; 1
765; 2
764; 1
766; 2
768; 1
770; 2
768; 1
770; 2
771; 1
773; 2
776; 1
778; 2
780; 1
782; 2
780; 1
782; 2
782; 1
784; 2
787; 1
789; 2
789; 1
791; 2
791; 1
793; 2
792; 1
794; 2
792; 1
794; 2
793; 1
795; 2
793; 1
795; 2
796; 1
798; 2
800; 1
802; 2
803; 1
805; 2
805; 1
807; 2
805; 1
807; 2
805; 1
807; 2
806; 1
808; 2
806; 1
808; 2
814; 1
816; 2
814; 1
816; 2
816; 1
818; 2
819; 1
821; 2
823; 1
825; 2
829; 1
831; 2
831; 1
833; 2
831; 1
833; 2
833; 1
835; 2
834; 1
836; 2
835; 1
837; 2
836; 1
838; 2
842; 1
844; 2
842; 1
844; 2
843; 1
845; 2
846; 1
848; 2
846; 1
848; 2
846; 1
848; 2
847; 1
849; 2
848; 1
850; 2
850; 1
852; 2
854; 1
856; 2
861; 1
863; 2
863; 1
865; 2
872; 1
874; 2
875; 1
877; 2
877; 1
879; 2
878; 1
880; 2
879; 1
881; 2
883; 1
885; 2
883; 1
885; 2
883; 1
885; 2
892; 1
894; 2
894; 1
896; 2
896; 1
898; 2
898; 1
900; 2
912; 1
914; 2
912; 1
914; 2
912; 1
914; 2
917; 1
919; 2
918; 1
920; 2
922; 1
924; 2
927; 1
929; 2
927; 1
929; 2
934; 1
936; 2
937; 1
939; 2
938; 1
940; 2
939; 1
941; 2
941; 1
943; 2
945; 1
947; 2
947; 1
949; 2
948; 1
950; 2
949; 1
951; 2
950; 1
952; 2
950; 1
952; 2
952; 1
954; 2
952; 1
954; 2
955; 1
957; 2
958; 1
960; 2
961; 1
963; 2
961; 1
963; 2
964; 1
966; 2
970; 1
972; 2
970; 1
972; 2
972; 1
974; 2
972; 1
974; 2
974; 1
976; 2
976; 1
978; 2
979; 1
981; 2
980; 1
982; 2
985; 1
987; 2
986; 1
988; 2
988; 1
990; 2
991; 1
993; 2
994; 1
996; 2
996; 1
998; 2
1005; 1
1007; 2
1005; 1
1007; 2
1012; 1
1014; 2
1015; 1
1017; 2
1018; 1
1020; 2
1020; 1
1022; 2
1020; 1
1022; 2
1022; 1
1024; 2
1023; 1
1025; 2
1024; 1
1026; 2
1029; 1
1031; 2
1033; 1
1035; 2
1035; 1
1037; 2
1039; 1
1041; 2
1040; 1
1042; 2
1042; 1
1044; 2
1045; 1
1047; 2
1046; 1
1048; 2
1051; 1
1053; 2
1055; 1
1057; 2
1058; 1
1060; 2
1058; 1
1060; 2
1065; 1
1067; 2
1067; 1
1069; 2
1072; 1
1074; 2
1074; 1
1076; 2
1082; 1
1084; 2
1085; 1
1087; 2
1085; 1
1087; 2
1090; 1
1092; 2
1097; 1
1099; 2
1098; 1
1100; 2
1107; 1
1109; 2
1108; 1
1110; 2
1109; 1
1111; 2
1111; 1
1113; 2
1111; 1
1113; 2
1114; 1
1116; 2
1114; 1
1116; 2
1114; 1
1116; 2
1118; 1
1120; 2
1119; 1
1121; 2
1120; 1
1122; 2
1124; 1
1126; 2
1125; 1
1127; 2
1131; 1
1133; 2
1136; 1
1138; 2
1142; 1
1144; 2
1143; 1
1145; 2
1145; 1
1147; 2
1147; 1
1149; 2
1153; 1
1155; 2
1156; 1
1158; 2
1167; 1
1169; 2
1167; 1
1169; 2
1168; 1
1170; 2
1175; 1
1177; 2
1177; 1
1179; 2
1179; 1
1181; 2
1180; 1
1182; 2
1181; 1
1183; 2
1181; 1
1183; 2
1183; 1
1185; 2
1187; 1
1189; 2
1187; 1
1189; 2
1190; 1
1192; 2
1192; 1
1194; 2
1194; 1
1196; 2
1194; 1
1196; 2
1195; 1
1197; 2
1195; 1
1197; 2
1197; 1
1199; 2
1199; 1
1201; 2
1204; 1
1206; 2
1204; 1
1206; 2
1209; 1
1211; 2
1211; 1
1213; 2
1212; 1
1214; 2
1213; 1
1215; 2
1218; 1
1220; 2
1218; 1
1220; 2
1221; 1
1223; 2
1222; 1
1224; 2
1225; 1
1227; 2
1226; 1
1228; 2
1228; 1
1230; 2
1228; 1
1230; 2
1229; 1
1231; 2
1230; 1
1232; 2
1241; 1
1243; 2
1245; 1
1247; 2
1252; 1
1254; 2
1254; 1
1256; 2
1256; 1
1258; 2
1261; 1
1263; 2
1265; 1
1267; 2
1266; 1
1268; 2
1266; 1
1268; 2
1266; 1
1268; 2
1268; 1
1270; 2
1269; 1
1271; 2
1269; 1
1271; 2
1273; 1
1275; 2
1274; 1
1276; 2
1276; 1
1278; 2
1279; 1
1281; 2
1279; 1
1281; 2
1280; 1
1282; 2
1280; 1
1282; 2
1281; 1
1283; 2
1281; 1
1283; 2
1283; 1
1285; 2
1284; 1
1286; 2
1284; 1
1286; 2
1288; 1
1290; 2
1290; 1
1292; 2
1293; 1
1295; 2
1294; 1
1296; 2
1297; 1
1299; 2
1298; 1
1300; 2
1303; 1
1305; 2
1308; 1
1310; 2
1308; 1
1310; 2
1311; 1
1313; 2
1313; 1
1315; 2
1317; 1
1319; 2
1318; 1
1320; 2
1320; 1
1322; 2
1321; 1
1323; 2
1324; 1
1326; 2
1326; 1
1328; 2
1328; 1
1330; 2
1333; 1
1335; 2
1333; 1
1335; 2
1337; 1
1339; 2
1340; 1
1342; 2
1341; 1
1343; 2
1342; 1
1344; 2
1343; 1
1345; 2
1344; 1
1346; 2
1346; 1
1348; 2
1347; 1
1349; 2
1348; 1
1350; 2
1349; 1
1351; 2
1350; 1
1352; 2
1351; 1
1353; 2
1351; 1
1353; 2
1352; 1
1354; 2
1353; 1
1355; 2
1356; 1
1358; 2
1361; 1
1363; 2
1365; 1
1367; 2
1366; 1
1368; 2
1366; 1
1368; 2
1367; 1
1369; 2
1367; 1
1369; 2
1367; 1
1369; 2
1369; 1
1371; 2
1369; 1
1371; 2
1370; 1
1372; 2
1376; 1
1378; 2
1377; 1
1379; 2
1379; 1
1381; 2
1379; 1
1381; 2
1380; 1
1382; 2
1380; 1
1382; 2
1382; 1
1384; 2
1383; 1
1385; 2
1384; 1
1386; 2
1385; 1
1387; 2
1387; 1
1389; 2
1390; 1
1392; 2
1390; 1
1392; 2
1393; 1
1395; 2
1398; 1
1400; 2
1399; 1
1401; 2
1399; 1
1401; 2
1403; 1
1405; 2
1405; 1
1407; 2
1407; 1
1409; 2
1409; 1
1411; 2
1414; 1
1416; 2
1414; 1
1416; 2
1416; 1
1418; 2
1417; 1
1419; 2
1419; 1
1421; 2
1420; 1
1422; 2
1422; 1
1424; 2
1424; 1
1426; 2
1427; 1
1429; 2
1430; 1
1432; 2
1437; 1
1439; 2
1440; 1
1442; 2
1450; 1
1452; 2
1452; 1
1454; 2
1457; 1
1459; 2
1460; 1
1462; 2
1462; 1
1464; 2
1463; 1
1465; 2
1465; 1
1467; 2
1465; 1
1467; 2
1466; 1
1468; 2
1470; 1
1472; 2
1471; 1
1473; 2
1477; 1
1479; 2
1478; 1
1480; 2
1478; 1
1480; 2
1479; 1
1481; 2
1480; 1
1482; 2
1481; 1
1483; 2
1486; 1
1488; 2
1494; 1
1496; 2
1498; 1
1500; 2
1499; 1
1501; 2
1499; 1
1501; 2
1502; 1
1504; 2
1502; 1
1504; 2
1504; 1
1506; 2
1505; 1
1507; 2
1508; 1
1510; 2
1512; 1
1514; 2
1513; 1
1515; 2
1513; 1
1515; 2
1515; 1
1517; 2
1516; 1
1518; 2
1520; 1
1522; 2
1521; 1
1523; 2
1521; 1
1523; 2
1523; 1
1525; 2
1527; 1
1529; 2
1530; 1
1532; 2
1535; 1
1537; 2
1535; 1
1537; 2
1536; 1
1538; 2
1538; 1
1540; 2
1542; 1
1544; 2
1549; 1
1551; 2
1550; 1
1552; 2
1552; 1
1554; 2
1552; 1
1554; 2
1555; 1
1557; 2
1575; 1
1577; 2
1579; 1
1581; 2
1580; 1
1582; 2
1582; 1
1584; 2
1582; 1
1584; 2
1583; 1
1585; 2
1594; 1
1596; 2
1595; 1
1597; 2
1596; 1
1598; 2
1600; 1
1602; 2
1604; 1
1606; 2
1605; 1
1607; 2
1608; 1
1610; 2
1608; 1
1610; 2
1608; 1
1610; 2
1609; 1
1611; 2
1611; 1
1613; 2
1614; 1
1616; 2
1615; 1
1617; 2
1617; 1
1619; 2
1617; 1
1619; 2
1619; 1
1621; 2
1619; 1
1621; 2
1620; 1
1622; 2
1623; 1
1625; 2
1628; 1
1630; 2
1628; 1
1630; 2
1633; 1
1635; 2
1634; 1
1636; 2
1639; 1
1641; 2
1641; 1
1643; 2
1641; 1
1643; 2
1642; 1
1644; 2
1643; 1
1645; 2
1645; 1
1647; 2
1645; 1
1647; 2
1651; 1
1653; 2
1657; 1
1659; 2
1658; 1
1660; 2
1659; 1
1661; 2
1660; 1
1662; 2
1663; 1
1665; 2
1663; 1
1665; 2
1665; 1
1667; 2
1665; 1
1667; 2
1673; 1
1675; 2
1674; 1
1676; 2
1674; 1
1676; 2
1676; 1
1678; 2
1676; 1
1678; 2
1677; 1
1679; 2
1679; 1
1681; 2
1679; 1
1681; 2
1680; 1
1682; 2
1680; 1
1682; 2
1683; 1
1685; 2
1685; 1
1687; 2
1686; 1
1688; 2
1686; 1
1688; 2
1688; 1
1690; 2
1689; 1
1691; 2
1690; 1
1692; 2
1691; 1
1693; 2
1692; 1
1694; 2
1697; 1
1699; 2
1702; 1
1704; 2
1707; 1
1709; 2
1711; 1
1713; 2
1717; 1
1719; 2
1721; 1
1723; 2
1721; 1
1723; 2
1723; 1
1725; 2
1723; 1
1725; 2
1726; 1
1728; 2
1730; 1
1732; 2
1737; 1
1739; 2
1738; 1
1740; 2
1738; 1
1740; 2
1739; 1
1741; 2
1740; 1
1742; 2
1742; 1
1744; 2
1742; 1
1744; 2
1743; 1
1745; 2
1745; 1
1747; 2
1746; 1
1748; 2
1747; 1
1749; 2
1750; 1
1752; 2
1753; 1
1755; 2
1753; 1
1755; 2
1754; 1
1756; 2
1755; 1
1757; 2
1756; 1
1758; 2
1764; 1
1766; 2
1767; 1
1769; 2
1768; 1
1770; 2
1768; 1
1770; 2
1786; 1
1788; 2
1790; 1
1792; 2
1793; 1
1795; 2
1794; 1
1796; 2
1795; 1
1797; 2
1796; 1
1798; 2
1801; 1
1803; 2
1802; 1
1804; 2
1802; 1
1804; 2
1805; 1
1807; 2
1806; 1
1808; 2
1810; 1
1812; 2
1813; 1
1815; 2
1818; 1
1820; 2
1820; 1
1822; 2
1820; 1
1822; 2
1821; 1
1823; 2
1822; 1
1824; 2
1828; 1
1830; 2
1832; 1
1834; 2
1842; 1
1844; 2
1845; 1
1847; 2
1846; 1
1848; 2
1855; 1
1857; 2
1861; 1
1863; 2
1863; 1
1865; 2
1867; 1
1869; 2
1867; 1
1869; 2
1869; 1
1871; 2
1870; 1
1872; 2
1872; 1
1874; 2
1873; 1
1875; 2
1875; 1
1877; 2
1876; 1
1878; 2
1880; 1
1882; 2
1883; 1
1885; 2
1884; 1
1886; 2
1890; 1
1892; 2
1893; 1
1895; 2
1895; 1
1897; 2
1898; 1
1900; 2
1898; 1
1900; 2
1901; 1
1903; 2
1902; 1
1904; 2
1903; 1
1905; 2
1905; 1
1907; 2
1906; 1
1908; 2
1912; 1
1914; 2
1913; 1
1915; 2
1916; 1
1918; 2
1917; 1
1919; 2
1917; 1
1919; 2
1919; 1
1921; 2
1921; 1
1923; 2
1923; 1
1925; 2
1926; 1
1928; 2
1927; 1
1929; 2
1931; 1
1933; 2
1934; 1
1936; 2
1935; 1
1937; 2
1935; 1
1937; 2
1936; 1
1938; 2
1936; 1
1938; 2
1939; 1
1941; 2
1939; 1
1941; 2
1940; 1
1942; 2
1941; 1
1943; 2
1945; 1
1947; 2
1947; 1
1949; 2
1951; 1
1953; 2
1963; 1
1965; 2
1964; 1
1966; 2
1970; 1
1972; 2
1970; 1
1972; 2
1975; 1
1977; 2
1980; 1
1982; 2
1988; 1
1990; 2
1990; 1
1992; 2
1991; 1
1993; 2
1991; 1
1993; 2
1993; 1
1995; 2
2004; 1
2006; 2
2004; 1
2006; 2
2012; 1
2014; 2
2014; 1
2016; 2
2014; 1
2016; 2
2018; 1
2020; 2
2018; 1
2020; 2
2019; 1
2021; 2
2020; 1
2022; 2
2020; 1
2022; 2
2027; 1
2029; 2
2027; 1
2029; 2
2027; 1
2029; 2
2037; 1
2039; 2
2039; 1
2041; 2
2040; 1
2042; 2
2040; 1
2042; 2
2040; 1
2042; 2
2045; 1
2047; 2
2049; 1
2051; 2
2052; 1
2054; 2
2053; 1
2055; 2
2056; 1
2058; 2
2058; 1
2060; 2
2059; 1
2061; 2
2061; 1
2063; 2
2061; 1
2063; 2
2062; 1
2064; 2
2064; 1
2066; 2
2068; 1
2070; 2
2069; 1
2071; 2
2072; 1
2074; 2
2076; 1
2078; 2
2077; 1
2079; 2
2078; 1
2080; 2
2078; 1
2080; 2
2080; 1
2082; 2
2081; 1
2083; 2
2084; 1
2086; 2
2086; 1
2088; 2
2087; 1
2089; 2
2088; 1
2090; 2
2090; 1
2092; 2
2091; 1
2093; 2
2092; 1
2094; 2
2100; 1
2102; 2
2103; 1
2105; 2
2104; 1
2106; 2
2107; 1
2109; 2
2108; 1
2110; 2
2108; 1
2110; 2
2113; 1
2115; 2
2122; 1
2124; 2
2127; 1
2129; 2
2137; 1
2139; 2
2138; 1
2140; 2
2142; 1
2144; 2
2142; 1
2144; 2
2146; 1
2148; 2
2147; 1
2149; 2
2151; 1
2153; 2
2151; 1
2153; 2
2152; 1
2154; 2
2155; 1
2157; 2
2155; 1
2157; 2
2156; 1
2158; 2
2167; 1
2169; 2
2171; 1
2173; 2
2172; 1
2174; 2
2172; 1
2174; 2
2172; 1
2174; 2
2173; 1
2175; 2
2177; 1
2179; 2
2181; 1
2183; 2
2181; 1
2183; 2
2183; 1
2185; 2
2183; 1
2185; 2
2184; 1
2186; 2
2185; 1
2187; 2
2195; 1
2197; 2
2200; 1
2202; 2
2200; 1
2202; 2
2203; 1
2205; 2
2203; 1
2205; 2
2203; 1
2205; 2
2206; 1
2208; 2
2207; 1
2209; 2
2210; 1
2212; 2
2216; 1
2218; 2
2218; 1
2220; 2
2218; 1
2220; 2
2218; 1
2220; 2
2220; 1
2222; 2
2221; 1
2223; 2
2221; 1
2223; 2
2230; 1
2232; 2
2231; 1
2233; 2
2234; 1
2236; 2
2236; 1
2238; 2
2238; 1
2240; 2
2243; 1
2245; 2
2245; 1
2247; 2
2246; 1
2248; 2
2249; 1
2251; 2
2250; 1
2252; 2
2251; 1
2253; 2
2262; 1
2264; 2
2267; 1
2269; 2
2268; 1
2270; 2
2270; 1
2272; 2
2271; 1
2273; 2
2275; 1
2277; 2
2277; 1
2279; 2
2278; 1
2280; 2
2279; 1
2281; 2
2281; 1
2283; 2
2283; 1
2285; 2
2284; 1
2286; 2
2284; 1
2286; 2
2288; 1
2290; 2
2290; 1
2292; 2
2291; 1
2293; 2
2291; 1
2293; 2
2291; 1
2293; 2
2292; 1
2294; 2
2292; 1
2294; 2
2294; 1
2296; 2
2295; 1
2297; 2
2295; 1
2297; 2
2297; 1
2299; 2
2298; 1
2300; 2
2299; 1
2301; 2
2299; 1
2301; 2
2300; 1
2302; 2
2301; 1
2303; 2
2306; 1
2308; 2
2308; 1
2310; 2
2309; 1
2311; 2
2311; 1
2313; 2
2321; 1
2323; 2
2322; 1
2324; 2
2323; 1
2325; 2
2324; 1
2326; 2
2328; 1
2330; 2
2329; 1
2331; 2
2329; 1
2331; 2
2331; 1
2333; 2
2333; 1
2335; 2
2336; 1
2338; 2
2338; 1
2340; 2
2341; 1
2343; 2
2341; 1
2343; 2
2343; 1
2345; 2
2348; 1
2350; 2
2353; 1
2355; 2
2354; 1
2356; 2
2356; 1
2358; 2
2363; 1
2365; 2
2365; 1
2367; 2
2367; 1
2369; 2
2370; 1
2372; 2
2380; 1
2382; 2
2382; 1
2384; 2
2384; 1
2386; 2
2384; 1
2386; 2
2386; 1
2388; 2
2391; 1
2393; 2
2394; 1
2396; 2
2402; 1
2404; 2
2403; 1
2405; 2
2404; 1
2406; 2
2407; 1
2409; 2
2408; 1
2410; 2
2411; 1
2413; 2
2413; 1
2415; 2
2415; 1
2417; 2
2416; 1
2418; 2
2423; 1
2425; 2
2429; 1
2431; 2
2431; 1
2433; 2
2432; 1
2434; 2
2436; 1
2438; 2
2436; 1
2438; 2
2440; 1
2442; 2
2443; 1
2445; 2
2449; 1
2451; 2
2451; 1
2453; 2
2452; 1
2454; 2
2453; 1
2455; 2
2455; 1
2457; 2
2458; 1
2460; 2
2459; 1
2461; 2
2463; 1
2465; 2
2463; 1
2465; 2
2468; 1
2470; 2
2473; 1
2475; 2
2475; 1
2477; 2
2475; 1
2477; 2
2479; 1
2481; 2
2482; 1
2484; 2
2484; 1
2486; 2
2488; 1
2490; 2
2495; 1
2497; 2
2496; 1
2498; 2
2496; 1
2498; 2
2496; 1
2498; 2
2498; 1
2500; 2
2499; 1
2501; 2
2499; 1
2501; 2
2500; 1
2502; 2
2501; 1
2503; 2
2507; 1
2509; 2
2507; 1
2509; 2
2510; 1
2512; 2
2510; 1
2512; 2
2512; 1
2514; 2
2517; 1
2519; 2
2520; 1
2522; 2
2520; 1
2522; 2
2524; 1
2526; 2
2528; 1
2530; 2
2530; 1
2532; 2
2532; 1
2534; 2
2532; 1
2534; 2
2535; 1
2537; 2
2535; 1
2537; 2
2537; 1
2539; 2
2540; 1
2542; 2
2541; 1
2543; 2
2542; 1
2544; 2
2544; 1
2546; 2
2545; 1
2547; 2
2554; 1
2556; 2
2557; 1
2559; 2
2557; 1
2559; 2
2559; 1
2561; 2
2563; 1
2565; 2
2565; 1
2567; 2
2567; 1
2569; 2
2572; 1
2574; 2
2573; 1
2575; 2
2576; 1
2578; 2
2577; 1
2579; 2
2584; 1
2586; 2
2589; 1
2591; 2
2592; 1
2594; 2
2593; 1
2595; 2
2594; 1
2596; 2
2595; 1
2597; 2
2596; 1
2598; 2
2596; 1
2598; 2
2600; 1
2602; 2
2602; 1
2604; 2
2602; 1
2604; 2
2604; 1
2606; 2
2605; 1
2607; 2
2610; 1
2612; 2
2619; 1
2621; 2
2622; 1
2624; 2
2623; 1
2625; 2
2632; 1
2634; 2
2634; 1
2636; 2
2636; 1
2638; 2
2636; 1
2638; 2
2637; 1
2639; 2
2640; 1
2642; 2
2641; 1
2643; 2
2646; 1
2648; 2
2648; 1
2650; 2
2648; 1
2650; 2
2655; 1
2657; 2
2656; 1
2658; 2
2664; 1
2666; 2
2665; 1
2667; 2
2665; 1
2667; 2
2668; 1
2670; 2
2674; 1
2676; 2
2675; 1
2677; 2
2691; 1
2693; 2
2692; 1
2694; 2
2693; 1
2695; 2
2699; 1
2701; 2
2700; 1
2702; 2
2700; 1
2702; 2
2707; 1
2709; 2
2708; 1
2710; 2
2713; 1
2715; 2
2716; 1
2718; 2
2727; 1
2729; 2
2732; 1
2734; 2
2733; 1
2735; 2
2734; 1
2736; 2
2737; 1
2739; 2
2742; 1
2744; 2
2744; 1
2746; 2
2745; 1
2747; 2
2745; 1
2747; 2
2747; 1
2749; 2
2750; 1
2752; 2
2752; 1
2754; 2
2753; 1
2755; 2
2755; 1
2757; 2
2755; 1
2757; 2
2766; 1
2768; 2
2770; 1
2772; 2
2770; 1
2772; 2
2771; 1
2773; 2
2771; 1
2773; 2
2776; 1
2778; 2
2779; 1
2781; 2
2783; 1
2785; 2
2785; 1
2787; 2
2790; 1
2792; 2
2794; 1
2796; 2
2798; 1
2800; 2
2802; 1
2804; 2
2802; 1
2804; 2
2807; 1
2809; 2
2808; 1
2810; 2
2817; 1
2819; 2
2817; 1
2819; 2
2819; 1
2821; 2
2820; 1
2822; 2
2821; 1
2823; 2
2822; 1
2824; 2
2825; 1
2827; 2
2827; 1
2829; 2
2828; 1
2830; 2
2830; 1
2832; 2
2831; 1
2833; 2
2835; 1
2837; 2
2839; 1
2841; 2
2842; 1
2844; 2
2842; 1
2844; 2
2843; 1
2845; 2
2843; 1
2845; 2
2844; 1
2846; 2
2847; 1
2849; 2
2847; 1
2849; 2
2849; 1
2851; 2
2853; 1
2855; 2
2857; 1
2859; 2
2861; 1
2863; 2
2861; 1
2863; 2
2862; 1
2864; 2
2862; 1
2864; 2
2864; 1
2866; 2
2865; 1
2867; 2
2866; 1
2868; 2
2869; 1
2871; 2
2872; 1
2874; 2
2874; 1
2876; 2
2875; 1
2877; 2
2876; 1
2878; 2
2877; 1
2879; 2
2881; 1
2883; 2
2883; 1
2885; 2
2884; 1
2886; 2
2884; 1
2886; 2
2884; 1
2886; 2
2886; 1
2888; 2
2887; 1
2889; 2
2890; 1
2892; 2
2895; 1
2897; 2
2896; 1
2898; 2
2898; 1
2900; 2
2902; 1
2904; 2
2908; 1
2910; 2
2908; 1
2910; 2
2912; 1
2914; 2
2919; 1
2921; 2
2922; 1
2924; 2
2925; 1
2927; 2
2925; 1
2927; 2
2926; 1
2928; 2
2927; 1
2929; 2
2927; 1
2929; 2
2929; 1
2931; 2
2931; 1
2933; 2
2931; 1
2933; 2
2933; 1
2935; 2
2934; 1
2936; 2
2936; 1
2938; 2
2938; 1
2940; 2
2939; 1
2941; 2
2940; 1
2942; 2
2950; 1
2952; 2
2950; 1
2952; 2
2954; 1
2956; 2
2954; 1
2956; 2
2968; 1
2970; 2
2971; 1
2973; 2
2972; 1
2974; 2
2974; 1
2976; 2
2974; 1
2976; 2
2984; 1
2986; 2
2984; 1
2986; 2
2987; 1
2989; 2
2991; 1
2993; 2
3002; 1
3004; 2
3005; 1
3007; 2
3011; 1
3013; 2
3012; 1
3014; 2
3018; 1
3020; 2
3023; 1
3025; 2
3023; 1
3025; 2
3027; 1
3029; 2
3029; 1
3031; 2
3034; 1
3036; 2
3038; 1
3040; 2
3040; 1
3042; 2
3041; 1
3043; 2
3042; 1
3044; 2
3043; 1
3045; 2
3049; 1
3051; 2
3053; 1
3055; 2
3061; 1
3063; 2
3067; 1
3069; 2
3068; 1
3070; 2
3070; 1
3072; 2
3070; 1
3072; 2
3071; 1
3073; 2
3071; 1
3073; 2
3072; 1
3074; 2
3077; 1
3079; 2
3080; 1
3082; 2
3083; 1
3085; 2
3087; 1
3089; 2
3092; 1
3094; 2
3096; 1
3098; 2
3099; 1
3101; 2
3100; 1
3102; 2
3100; 1
3102; 2
3101; 1
3103; 2
3102; 1
3104; 2
3102; 1
3104; 2
3104; 1
3106; 2
3106; 1
3108; 2
3108; 1
3110; 2
3111; 1
3113; 2
3116; 1
3118; 2
3116; 1
3118; 2
3117; 1
3119; 2
3118; 1
3120; 2
3129; 1
3131; 2
3129; 1
3131; 2
3131; 1
3133; 2
3134; 1
3136; 2
3136; 1
3138; 2
3137; 1
3139; 2
3138; 1
3140; 2
3139; 1
3141; 2
3140; 1
3142; 2
3141; 1
3143; 2
3142; 1
3144; 2
3143; 1
3145; 2
3146; 1
3148; 2
3148; 1
3150; 2
3151; 1
3153; 2
3152; 1
3154; 2
3153; 1
3155; 2
3154; 1
3156; 2
3160; 1
3162; 2
3160; 1
3162; 2
3163; 1
3165; 2
3164; 1
3166; 2
3164; 1
3166; 2
3168; 1
3170; 2
3169; 1
3171; 2
3170; 1
3172; 2
3170; 1
3172; 2
3170; 1
3172; 2
3170; 1
3172; 2
3171; 1
3173; 2
3171; 1
3173; 2
3172; 1
3174; 2
3179; 1
3181; 2
3184; 1
3186; 2
3186; 1
3188; 2
3186; 1
3188; 2
3187; 1
3189; 2
3189; 1
3191; 2
3190; 1
3192; 2
3193; 1
3195; 2
3194; 1
3196; 2
3199; 1
3201; 2
3200; 1
3202; 2
3201; 1
3203; 2
3202; 1
3204; 2
3203; 1
3205; 2
3204; 1
3206; 2
3207; 1
3209; 2
3207; 1
3209; 2
3208; 1
3210; 2
3209; 1
3211; 2
3213; 1
3215; 2
3219; 1
3221; 2
3226; 1
3228; 2
3226; 1
3228; 2
3230; 1
3232; 2
3231; 1
3233; 2
3238; 1
3240; 2
3241; 1
3243; 2
3246; 1
3248; 2
3248; 1
3250; 2
3252; 1
3254; 2
3253; 1
3255; 2
3254; 1
3256; 2
3255; 1
3257; 2
3256; 1
3258; 2
3256; 1
3258; 2
3258; 1
3260; 2
3260; 1
3262; 2
3260; 1
3262; 2
3262; 1
3264; 2
3263; 1
3265; 2
3264; 1
3266; 2
3265; 1
3267; 2
3265; 1
3267; 2
3269; 1
3271; 2
3270; 1
3272; 2
3273; 1
3275; 2
3274; 1
3276; 2
3274; 1
3276; 2
3277; 1
3279; 2
3279; 1
3281; 2
3288; 1
3290; 2
3293; 1
3295; 2
3294; 1
3296; 2
3296; 1
3298; 2
3299; 1
3301; 2
3302; 1
3304; 2
3302; 1
3304; 2
3304; 1
3306; 2
3304; 1
3306; 2
3306; 1
3308; 2
3307; 1
3309; 2
3310; 1
3312; 2
3313; 1
3315; 2
3315; 1
3317; 2
3319; 1
3321; 2
3321; 1
3323; 2
3323; 1
3325; 2
3323; 1
3325; 2
3324; 1
3326; 2
3325; 1
3327; 2
3326; 1
3328; 2
3329; 1
3331; 2
3338; 1
3340; 2
3341; 1
3343; 2
3343; 1
3345; 2
3343; 1
3345; 2
3346; 1
3348; 2
3349; 1
3351; 2
3349; 1
3351; 2
3350; 1
3352; 2
3352; 1
3354; 2
3352; 1
3354; 2
3354; 1
3356; 2
3356; 1
3358; 2
3358; 1
3360; 2
3359; 1
3361; 2
3361; 1
3363; 2
3361; 1
3363; 2
3372; 1
3374; 2
3373; 1
3375; 2
3374; 1
3376; 2
3376; 1
3378; 2
3376; 1
3378; 2
3383; 1
3385; 2
3384; 1
3386; 2
3386; 1
3388; 2
3388; 1
3390; 2
3388; 1
3390; 2
3390; 1
3392; 2
3391; 1
3393; 2
3392; 1
3394; 2
3394; 1
3396; 2
3395; 1
3397; 2
3397; 1
3399; 2
3399; 1
3401; 2
3405; 1
3407; 2
3413; 1
3415; 2
3414; 1
3416; 2
3418; 1
3420; 2
3418; 1
3420; 2
3423; 1
3425; 2
3428; 1
3430; 2
3428; 1
3430; 2
3431; 1
3433; 2
3432; 1
3434; 2
3438; 1
3440; 2
3445; 1
3447; 2
3446; 1
3448; 2
3446; 1
3448; 2
3447; 1
3449; 2
3449; 1
3451; 2
3451; 1
3453; 2
3453; 1
3455; 2
3458; 1
3460; 2
3458; 1
3460; 2
3461; 1
3463; 2
3463; 1
3465; 2
3464; 1
3466; 2
3464; 1
3466; 2
3467; 1
3469; 2
3467; 1
3469; 2
3476; 1
3478; 2
3485; 1
3487; 2
3485; 1
3487; 2
3490; 1
3492; 2
3493; 1
3495; 2
3495; 1
3497; 2
3498; 1
3500; 2
3501; 1
3503; 2
3503; 1
3505; 2
3504; 1
3506; 2
3505; 1
3507; 2
3506; 1
3508; 2
3507; 1
3509; 2
3507; 1
3509; 2
3508; 1
3510; 2
3508; 1
3510; 2
3514; 1
3516; 2
3514; 1
3516; 2
3520; 1
3522; 2
3524; 1
3526; 2
3524; 1
3526; 2
3526; 1
3528; 2
3527; 1
3529; 2
3527; 1
3529; 2
3530; 1
3532; 2
3534; 1
3536; 2
3535; 1
3537; 2
3537; 1
3539; 2
3539; 1
3541; 2
3540; 1
3542; 2
3543; 1
3545; 2
3543; 1
3545; 2
3546; 1
3548; 2
3553; 1
3555; 2
3555; 1
3557; 2
3555; 1
3557; 2
3557; 1
3559; 2
3559; 1
3561; 2
3561; 1
3563; 2
3563; 1
3565; 2
3564; 1
3566; 2
3568; 1
3570; 2
3572; 1
3574; 2
3576; 1
3578; 2
3578; 1
3580; 2
3578; 1
3580; 2
3588; 1
3590; 2
3588; 1
3590; 2
3589; 1
3591; 2
3600; 1
3602; 2
3602; 1
3604; 2
3602; 1
3604; 2
3604; 1
3606; 2
3606; 1
3608; 2
3607; 1
3609; 2
3609; 1
3611; 2
3610; 1
3612; 2
3617; 1
3619; 2
3618; 1
3620; 2
3619; 1
3621; 2
3622; 1
3624; 2
3625; 1
3627; 2
3628; 1
3630; 2
3628; 1
3630; 2
3631; 1
3633; 2
3635; 1
3637; 2
3635; 1
3637; 2
3636; 1
3638; 2
3641; 1
3643; 2
3642; 1
3644; 2
3642; 1
3644; 2
3645; 1
3647; 2
3647; 1
3649; 2
3648; 1
3650; 2
3649; 1
3651; 2
3650; 1
3652; 2
3653; 1
3655; 2
3655; 1
3657; 2
3665; 1
3667; 2
3669; 1
3671; 2
3676; 1
3678; 2
3678; 1
3680; 2
3683; 1
3685; 2
3684; 1
3686; 2
3687; 1
3689; 2
3690; 1
3692; 2
3692; 1
3694; 2
3704; 1
3706; 2
3705; 1
3707; 2
3709; 1
3711; 2
3709; 1
3711; 2
3710; 1
3712; 2
3710; 1
3712; 2
3711; 1
3713; 2
3714; 1
3716; 2
3721; 1
3723; 2
3724; 1
3726; 2
3734; 1
3736; 2
3743; 1
3745; 2
3743; 1
3745; 2
3744; 1
3746; 2
3753; 1
3755; 2
3753; 1
3755; 2
3755; 1
3757; 2
3756; 1
3758; 2
3757; 1
3759; 2
3758; 1
3760; 2
3758; 1
3760; 2
3760; 1
3762; 2
3762; 1
3764; 2
3766; 1
3768; 2
3769; 1
3771; 2
3772; 1
3774; 2
3779; 1
3781; 2
3784; 1
3786; 2
3784; 1
3786; 2
3787; 1
3789; 2
3791; 1
3793; 2
3792; 1
3794; 2
3794; 1
3796; 2
3811; 1
3813; 2
3814; 1
3816; 2
3815; 1
3817; 2
3818; 1
3820; 2
3819; 1
3821; 2
3820; 1
3822; 2
3820; 1
3822; 2
3828; 1
3830; 2
3836; 1
3838; 2
3836; 1
3838; 2
3839; 1
3841; 2
3842; 1
3844; 2
3842; 1
3844; 2
3845; 1
3847; 2
3847; 1
3849; 2
3849; 1
3851; 2
3850; 1
3852; 2
3851; 1
3853; 2
3855; 1
3857; 2
3859; 1
3861; 2
3862; 1
3864; 2
3864; 1
3866; 2
3866; 1
3868; 2
3868; 1
3870; 2
3870; 1
3872; 2
3872; 1
3874; 2
3874; 1
3876; 2
3878; 1
3880; 2
3881; 1
3883; 2
3881; 1
3883; 2
3882; 1
3884; 2
3885; 1
3887; 2
3889; 1
3891; 2
3890; 1
3892; 2
3891; 1
3893; 2
3891; 1
3893; 2
3893; 1
3895; 2
3897; 1
3899; 2
3900; 1
3902; 2
3904; 1
3906; 2
3905; 1
3907; 2
3906; 1
3908; 2
3909; 1
3911; 2
3912; 1
3914; 2
3914; 1
3916; 2
3915; 1
3917; 2
3915; 1
3917; 2
3918; 1
3920; 2
3920; 1
3922; 2
3921; 1
3923; 2
3921; 1
3923; 2
3921; 1
3923; 2
3926; 1
3928; 2
3934; 1
3936; 2
3934; 1
3936; 2
3935; 1
3937; 2
3940; 1
3942; 2
3941; 1
3943; 2
3943; 1
3945; 2
3943; 1
3945; 2
3944; 1
3946; 2
3948; 1
3950; 2
3949; 1
3951; 2
3953; 1
3955; 2
3954; 1
3956; 2
3955; 1
3957; 2
3957; 1
3959; 2
3961; 1
3963; 2
3963; 1
3965; 2
3966; 1
3968; 2
3968; 1
3970; 2
3975; 1
3977; 2
3977; 1
3979; 2
3982; 1
3984; 2
3983; 1
3985; 2
3985; 1
3987; 2
3986; 1
3988; 2
3989; 1
3991; 2
3995; 1
3997; 2
4003; 1
4005; 2
4006; 1
4008; 2
4010; 1
4012; 2
4014; 1
4016; 2
4020; 1
4022; 2
4021; 1
4023; 2
4021; 1
4023; 2
4023; 1
4025; 2
4024; 1
4026; 2
4025; 1
4027; 2
4026; 1
4028; 2
4027; 1
4029; 2
4030; 1
4032; 2
4045; 1
4047; 2
4048; 1
4050; 2
4050; 1
4052; 2
4050; 1
4052; 2
4051; 1
4053; 2
4051; 1
4053; 2
4060; 1
4062; 2
4060; 1
4062; 2
4061; 1
4063; 2
4063; 1
4065; 2
4067; 1
4069; 2
4068; 1
4070; 2
4070; 1
4072; 2
4071; 1
4073; 2
4076; 1
4078; 2
4086; 1
4088; 2
4087; 1
4089; 2
4091; 1
4093; 2
4092; 1
4094; 2
4096; 1
4098; 2
4096; 1
4098; 2
4096; 1
4098; 2
4097; 1
4099; 2
4099; 1
4101; 2
4103; 1
4105; 2
4104; 1
4106; 2
4106; 1
4108; 2
4107; 1
4109; 2
4112; 1
4114; 2
4118; 1
4120; 2
4119; 1
4121; 2
4126; 1
4128; 2
4126; 1
4128; 2
4130; 1
4132; 2
4134; 1
4136; 2
4135; 1
4137; 2
4136; 1
4138; 2
4137; 1
4139; 2
4137; 1
4139; 2
4140; 1
4142; 2
4145; 1
4147; 2
4150; 1
4152; 2
4155; 1
4157; 2
4164; 1
4166; 2
4166; 1
4168; 2
4173; 1
4175; 2
4178; 1
4180; 2
4182; 1
4184; 2
4184; 1
4186; 2
4189; 1
4191; 2
4189; 1
4191; 2
4190; 1
4192; 2
4190; 1
4192; 2
4193; 1
4195; 2
4196; 1
4198; 2
4199; 1
4201; 2
4199; 1
4201; 2
4200; 1
4202; 2
4204; 1
4206; 2
4208; 1
4210; 2
4208; 1
4210; 2
4211; 1
4213; 2
4212; 1
4214; 2
4220; 1
4222; 2
4223; 1
4225; 2
4225; 1
4227; 2
4227; 1
4229; 2
4228; 1
4230; 2
4230; 1
4232; 2
4235; 1
4237; 2
4238; 1
4240; 2
4239; 1
4241; 2
4242; 1
4244; 2
4249; 1
4251; 2
4250; 1
4252; 2
4252; 1
4254; 2
4255; 1
4257; 2
4255; 1
4257; 2
4261; 1
4263; 2
4262; 1
4264; 2
4263; 1
4265; 2
4264; 1
4266; 2
4265; 1
4267; 2
4265; 1
4267; 2
4266; 1
4268; 2
4269; 1
4271; 2
4271; 1
4273; 2
4273; 1
4275; 2
4274; 1
4276; 2
4276; 1
4278; 2
4277; 1
4279; 2
4277; 1
4279; 2
4280; 1
4282; 2
4284; 1
4286; 2
4288; 1
4290; 2
4295; 1
4297; 2
4299; 1
4301; 2
4299; 1
4301; 2
4299; 1
4301; 2
4301; 1
4303; 2
4301; 1
4303; 2
4303; 1
4305; 2
4304; 1
4306; 2
4305; 1
4307; 2
4308; 1
4310; 2
4312; 1
4314; 2
4314; 1
4316; 2
4314; 1
4316; 2
4317; 1
4319; 2
4322; 1
4324; 2
4322; 1
4324; 2
4324; 1
4326; 2
4328; 1
4330; 2
4328; 1
4330; 2
4329; 1
4331; 2
4330; 1
4332; 2
4330; 1
4332; 2
4332; 1
4334; 2
4338; 1
4340; 2
4339; 1
4341; 2
4339; 1
4341; 2
4342; 1
4344; 2
4349; 1
4351; 2
4353; 1
4355; 2
4353; 1
4355; 2
4355; 1
4357; 2
4356; 1
4358; 2
4358; 1
4360; 2
4363; 1
4365; 2
4364; 1
4366; 2
4366; 1
4368; 2
4369; 1
4371; 2
4374; 1
4376; 2
4376; 1
4378; 2
4378; 1
4380; 2
4381; 1
4383; 2
4383; 1
4385; 2
4386; 1
4388; 2
4391; 1
4393; 2
4402; 1
4404; 2
4402; 1
4404; 2
4403; 1
4405; 2
4405; 1
4407; 2
4405; 1
4407; 2
4407; 1
4409; 2
4407; 1
4409; 2
4410; 1
4412; 2
4410; 1
4412; 2
4412; 1
4414; 2
4413; 1
4415; 2
4421; 1
4423; 2
4427; 1
4429; 2
4427; 1
4429; 2
4428; 1
4430; 2
4432; 1
4434; 2
4434; 1
4436; 2
4434; 1
4436; 2
4435; 1
4437; 2
4437; 1
4439; 2
4438; 1
4440; 2
4439; 1
4441; 2
4441; 1
4443; 2
4443; 1
4445; 2
4449; 1
4451; 2
4451; 1
4453; 2
4451; 1
4453; 2
4452; 1
4454; 2
4460; 1
4462; 2
4461; 1
4463; 2
4463; 1
4465; 2
4470; 1
4472; 2
4470; 1
4472; 2
4477; 1
4479; 2
4478; 1
4480; 2
4480; 1
4482; 2
4480; 1
4482; 2
4481; 1
4483; 2
4488; 1
4490; 2
4494; 1
4496; 2
4495; 1
4497; 2
4498; 1
4500; 2
4499; 1
4501; 2
4502; 1
4504; 2
4503; 1
4505; 2
4503; 1
4505; 2
4504; 1
4506; 2
4506; 1
4508; 2
4507; 1
4509; 2
4508; 1
4510; 2
4509; 1
4511; 2
4511; 1
4513; 2
4512; 1
4514; 2
4514; 1
4516; 2
4515; 1
4517; 2
4517; 1
4519; 2
4517; 1
4519; 2
4521; 1
4523; 2
4524; 1
4526; 2
4526; 1
4528; 2
4528; 1
4530; 2
4530; 1
4532; 2
4532; 1
4534; 2
4534; 1
4536; 2
4536; 1
4538; 2
4538; 1
4540; 2
4550; 1
4552; 2
4550; 1
4552; 2
4552; 1
4554; 2
4557; 1
4559; 2
4564; 1
4566; 2
4565; 1
4567; 2
4569; 1
4571; 2
4569; 1
4571; 2
4571; 1
4573; 2
4572; 1
4574; 2
4573; 1
4575; 2
4574; 1
4576; 2
4578; 1
4580; 2
4578; 1
4580; 2
4587; 1
4589; 2
4587; 1
4589; 2
4589; 1
4591; 2
4590; 1
4592; 2
4604; 1
4606; 2
4604; 1
4606; 2
4606; 1
4608; 2
4610; 1
4612; 2
4612; 1
4614; 2
4616; 1
4618; 2
4619; 1
4621; 2
4621; 1
4623; 2
4622; 1
4624; 2
4623; 1
4625; 2
4625; 1
4627; 2
4628; 1
4630; 2
4636; 1
4638; 2
4637; 1
4639; 2
4641; 1
4643; 2
4642; 1
4644; 2
4644; 1
4646; 2
4645; 1
4647; 2
4653; 1
4655; 2
4655; 1
4657; 2
4658; 1
4660; 2
4659; 1
4661; 2
4663; 1
4665; 2
4663; 1
4665; 2
4663; 1
4665; 2
4663; 1
4665; 2
4666; 1
4668; 2
4667; 1
4669; 2
4667; 1
4669; 2
4669; 1
4671; 2
4670; 1
4672; 2
4671; 1
4673; 2
4677; 1
4679; 2
4680; 1
4682; 2
4680; 1
4682; 2
4681; 1
4683; 2
4685; 1
4687; 2
4685; 1
4687; 2
4687; 1
4689; 2
4693; 1
4695; 2
4694; 1
4696; 2
4696; 1
4698; 2
4697; 1
4699; 2
4698; 1
4700; 2
4700; 1
4702; 2
4700; 1
4702; 2
4701; 1
4703; 2
4702; 1
4704; 2
4702; 1
4704; 2
4703; 1
4705; 2
4704; 1
4706; 2
4707; 1
4709; 2
4710; 1
4712; 2
4711; 1
4713; 2
4715; 1
4717; 2
4717; 1
4719; 2
4717; 1
4719; 2
4720; 1
4722; 2
4725; 1
4727; 2
4727; 1
4729; 2
4727; 1
4729; 2
4728; 1
4730; 2
4728; 1
4730; 2
4728; 1
4730; 2
4730; 1
4732; 2
4730; 1
4732; 2
4733; 1
4735; 2
4735; 1
4737; 2
4736; 1
4738; 2
4740; 1
4742; 2
4748; 1
4750; 2
4756; 1
4758; 2
4758; 1
4760; 2
4759; 1
4761; 2
4760; 1
4762; 2
4764; 1
4766; 2
4764; 1
4766; 2
4769; 1
4771; 2
4771; 1
4773; 2
4777; 1
4779; 2
4777; 1
4779; 2
4778; 1
4780; 2
4782; 1
4784; 2
4782; 1
4784; 2
4783; 1
4785; 2
4787; 1
4789; 2
4790; 1
4792; 2
4790; 1
4792; 2
4794; 1
4796; 2
4795; 1
4797; 2
4799; 1
4801; 2
4802; 1
4804; 2
4808; 1
4810; 2
4809; 1
4811; 2
4810; 1
4812; 2
4812; 1
4814; 2
4817; 1
4819; 2
4819; 1
4821; 2
4821; 1
4823; 2
4822; 1
4824; 2
4822; 1
4824; 2
4823; 1
4825; 2
4823; 1
4825; 2
4824; 1
4826; 2
4828; 1
4830; 2
4828; 1
4830; 2
4831; 1
4833; 2
4834; 1
4836; 2
4837; 1
4839; 2
4837; 1
4839; 2
4840; 1
4842; 2
4841; 1
4843; 2
4842; 1
4844; 2
4844; 1
4846; 2
4846; 1
4848; 2
4847; 1
4849; 2
4850; 1
4852; 2
4850; 1
4852; 2
4856; 1
4858; 2
4857; 1
4859; 2
4857; 1
4859; 2
4862; 1
4864; 2
4865; 1
4867; 2
4868; 1
4870; 2
4877; 1
4879; 2
4878; 1
4880; 2
4879; 1
4881; 2
4879; 1
4881; 2
4880; 1
4882; 2
4881; 1
4883; 2
4890; 1
4892; 2
4898; 1
4900; 2
4900; 1
4902; 2
4903; 1
4905; 2
4903; 1
4905; 2
4906; 1
4908; 2
4906; 1
4908; 2
4910; 1
4912; 2
4911; 1
4913; 2
4911; 1
4913; 2
4917; 1
4919; 2
4919; 1
4921; 2
4921; 1
4923; 2
4921; 1
4923; 2
4921; 1
4923; 2
4924; 1
4926; 2
4925; 1
4927; 2
4925; 1
4927; 2
4926; 1
4928; 2
4928; 1
4930; 2
4929; 1
4931; 2
4932; 1
4934; 2
4935; 1
4937; 2
4937; 1
4939; 2
4939; 1
4941; 2
4941; 1
4943; 2
4941; 1
4943; 2
4942; 1
4944; 2
4944; 1
4946; 2
4945; 1
4947; 2
4948; 1
4950; 2
4948; 1
4950; 2
4952; 1
4954; 2
4952; 1
4954; 2
4959; 1
4961; 2
4961; 1
4963; 2
4961; 1
4963; 2
4964; 1
4966; 2
4965; 1
4967; 2
4966; 1
4968; 2
4967; 1
4969; 2
4968; 1
4970; 2
4969; 1
4971; 2
4971; 1
4973; 2
4973; 1
4975; 2
4977; 1
4979; 2
4979; 1
4981; 2
4982; 1
4984; 2
4982; 1
4984; 2
4983; 1
4985; 2
4987; 1
4989; 2
4992; 1
4994; 2
4993; 1
4995; 2
4995; 1
4997; 2
4997; 1
4999; 2
4999; 1
5001; 2
5003; 1
5005; 2
5003; 1
5005; 2
5004; 1
5006; 2
5008; 1
5010; 2
5012; 1
5014; 2
5014; 1
5016; 2
5018; 1
5020; 2
5021; 1
5023; 2
5025; 1
5027; 2
5026; 1
5028; 2
5028; 1
5030; 2
5037; 1
5039; 2
5038; 1
5040; 2
5040; 1
5042; 2
5045; 1
5047; 2
5046; 1
5048; 2
5047; 1
5049; 2
5050; 1
5052; 2
5054; 1
5056; 2
5062; 1
5064; 2
5066; 1
5068; 2
5072; 1
5074; 2
5073; 1
5075; 2
5076; 1
5078; 2
5077; 1
5079; 2
5077; 1
5079; 2
5079; 1
5081; 2
5080; 1
5082; 2
5082; 1
5084; 2
5087; 1
5089; 2
5087; 1
5089; 2
5089; 1
5091; 2
5089; 1
5091; 2
5090; 1
5092; 2
5099; 1
5101; 2
5102; 1
5104; 2
5103; 1
5105; 2
5110; 1
5112; 2
5111; 1
5113; 2
5112; 1
5114; 2
5115; 1
5117; 2
5116; 1
5118; 2
5116; 1
5118; 2
5118; 1
5120; 2
5126; 1
5128; 2
5127; 1
5129; 2
5128; 1
5130; 2
5129; 1
5131; 2
5130; 1
5132; 2
5131; 1
5133; 2
5133; 1
5135; 2
5135; 1
5137; 2
5136; 1
5138; 2
5139; 1
5141; 2
5141; 1
5143; 2
5149; 1
5151; 2
5149; 1
5151; 2
5151; 1
5153; 2
5152; 1
5154; 2
5153; 1
5155; 2
5156; 1
5158; 2
5156; 1
5158; 2
5165; 1
5167; 2
5168; 1
5170; 2
5171; 1
5173; 2
5177; 1
5179; 2
5177; 1
5179; 2
5181; 1
5183; 2
5183; 1
5185; 2
5183; 1
5185; 2
5183; 1
5185; 2
5187; 1
5189; 2
5188; 1
5190; 2
5193; 1
5195; 2
5193; 1
5195; 2
5193; 1
5195; 2
5196; 1
5198; 2
5198; 1
5200; 2
5209; 1
5211; 2
5209; 1
5211; 2
5210; 1
5212; 2
5213; 1
5215; 2
5213; 1
5215; 2
5217; 1
5219; 2
5221; 1
5223; 2
5221; 1
5223; 2
5224; 1
5226; 2
5227; 1
5229; 2
5229; 1
5231; 2
5234; 1
5236; 2
5235; 1
5237; 2
5243; 1
5245; 2
5243; 1
5245; 2
5247; 1
5249; 2
5248; 1
5250; 2
5250; 1
5252; 2
5250; 1
5252; 2
5251; 1
5253; 2
5253; 1
5255; 2
5253; 1
5255; 2
5253; 1
5255; 2
5254; 1
5256; 2
5262; 1
5264; 2
5270; 1
5272; 2
5271; 1
5273; 2
5272; 1
5274; 2
5273; 1
5275; 2
5276; 1
5278; 2
5276; 1
5278; 2
5277; 1
5279; 2
5279; 1
5281; 2
5281; 1
5283; 2
5282; 1
5284; 2
5283; 1
5285; 2
5287; 1
5289; 2
5287; 1
5289; 2
5291; 1
5293; 2
5291; 1
5293; 2
5297; 1
5299; 2
5298; 1
5300; 2
5301; 1
5303; 2
5302; 1
5304; 2
5302; 1
5304; 2
5305; 1
5307; 2
5305; 1
5307; 2
5305; 1
5307; 2
5308; 1
5310; 2
5312; 1
5314; 2
5312; 1
5314; 2
5312; 1
5314; 2
5313; 1
5315; 2
5315; 1
5317; 2
5315; 1
5317; 2
5320; 1
5322; 2
5330; 1
5332; 2
5331; 1
5333; 2
5333; 1
5335; 2
5333; 1
5335; 2
5335; 1
5337; 2
5335; 1
5337; 2
5337; 1
5339; 2
5340; 1
5342; 2
5341; 1
5343; 2
5341; 1
5343; 2
5345; 1
5347; 2
5356; 1
5358; 2
5364; 1
5366; 2
5367; 1
5369; 2
5371; 1
5373; 2
5373; 1
5375; 2
5376; 1
5378; 2
5377; 1
5379; 2
5383; 1
5385; 2
5384; 1
5386; 2
5385; 1
5387; 2
5397; 1
5399; 2
5403; 1
5405; 2
5404; 1
5406; 2
5407; 1
5409; 2
5408; 1
5410; 2
5408; 1
5410; 2
5408; 1
5410; 2
5411; 1
5413; 2
5412; 1
5414; 2
5414; 1
5416; 2
5424; 1
5426; 2
5427; 1
5429; 2
5428; 1
5430; 2
5429; 1
5431; 2
5429; 1
5431; 2
5431; 1
5433; 2
5435; 1
5437; 2
5439; 1
5441; 2
5440; 1
5442; 2
5441; 1
5443; 2
5442; 1
5444; 2
5446; 1
5448; 2
5447; 1
5449; 2
5449; 1
5451; 2
5450; 1
5452; 2
5452; 1
5454; 2
5453; 1
5455; 2
5458; 1
5460; 2
5462; 1
5464; 2
5464; 1
5466; 2
5467; 1
5469; 2
5472; 1
5474; 2
5472; 1
5474; 2
5474; 1
5476; 2
5476; 1
5478; 2
5476; 1
5478; 2
5476; 1
5478; 2
5478; 1
5480; 2
5479; 1
5481; 2
5480; 1
5482; 2
5481; 1
5483; 2
5482; 1
5484; 2
5486; 1
5488; 2
5486; 1
5488; 2
5486; 1
5488; 2
5487; 1
5489; 2
5488; 1
5490; 2
5490; 1
5492; 2
5494; 1
5496; 2
5496; 1
5498; 2
5504; 1
5506; 2
5508; 1
5510; 2
5508; 1
5510; 2
5509; 1
5511; 2
5511; 1
5513; 2
5515; 1
5517; 2
5519; 1
5521; 2
5519; 1
5521; 2
5521; 1
5523; 2
5522; 1
5524; 2
5530; 1
5532; 2
5534; 1
5536; 2
5535; 1
5537; 2
5535; 1
5537; 2
5549; 1
5551; 2
5550; 1
5552; 2
5553; 1
5555; 2
5556; 1
5558; 2
5557; 1
5559; 2
5562; 1
5564; 2
5563; 1
5565; 2
5566; 1
5568; 2
5566; 1
5568; 2
5567; 1
5569; 2
5568; 1
5570; 2
5570; 1
5572; 2
5576; 1
5578; 2
5577; 1
5579; 2
5577; 1
5579; 2
5578; 1
5580; 2
5583; 1
5585; 2
5587; 1
5589; 2
5588; 1
5590; 2
5589; 1
5591; 2
5593; 1
5595; 2
5595; 1
5597; 2
5596; 1
5598; 2
5598; 1
5600; 2
5601; 1
5603; 2
5601; 1
5603; 2
5606; 1
5608; 2
5610; 1
5612; 2
5610; 1
5612; 2
5613; 1
5615; 2
5617; 1
5619; 2
5619; 1
5621; 2
5620; 1
5622; 2
5623; 1
5625; 2
5626; 1
5628; 2
5632; 1
5634; 2
5632; 1
5634; 2
5634; 1
5636; 2
5635; 1
5637; 2
5637; 1
5639; 2
5637; 1
5639; 2
5637; 1
5639; 2
5637; 1
5639; 2
5637; 1
5639; 2
5640; 1
5642; 2
5640; 1
5642; 2
5641; 1
5643; 2
5643; 1
5645; 2
5646; 1
5648; 2
5655; 1
5657; 2
5658; 1
5660; 2
5658; 1
5660; 2
5659; 1
5661; 2
5661; 1
5663; 2
5661; 1
5663; 2
5667; 1
5669; 2
5669; 1
5671; 2
5670; 1
5672; 2
5670; 1
5672; 2
5672; 1
5674; 2
5682; 1
5684; 2
5683; 1
5685; 2
5688; 1
5690; 2
5688; 1
5690; 2
5690; 1
5692; 2
5690; 1
5692; 2
5691; 1
5693; 2
5692; 1
5694; 2
5694; 1
5696; 2
5694; 1
5696; 2
5701; 1
5703; 2
5701; 1
5703; 2
5708; 1
5710; 2
5708; 1
5710; 2
5710; 1
5712; 2
5711; 1
5713; 2
5718; 1
5720; 2
5723; 1
5725; 2
5727; 1
5729; 2
5731; 1
5733; 2
5733; 1
5735; 2
5733; 1
5735; 2
5736; 1
5738; 2
5736; 1
5738; 2
5741; 1
5743; 2
5743; 1
5745; 2
5743; 1
5745; 2
5748; 1
5750; 2
5750; 1
5752; 2
5751; 1
5753; 2
5752; 1
5754; 2
5754; 1
5756; 2
5756; 1
5758; 2
5758; 1
5760; 2
5758; 1
5760; 2
5760; 1
5762; 2
5764; 1
5766; 2
5764; 1
5766; 2
5767; 1
5769; 2
5770; 1
5772; 2
5775; 1
5777; 2
5776; 1
5778; 2
5776; 1
5778; 2
5776; 1
5778; 2
5778; 1
5780; 2
5778; 1
5780; 2
5781; 1
5783; 2
5787; 1
5789; 2
5789; 1
5791; 2
5789; 1
5791; 2
5792; 1
5794; 2
5792; 1
5794; 2
5799; 1
5801; 2
5805; 1
5807; 2
5807; 1
5809; 2
5815; 1
5817; 2
5818; 1
5820; 2
5818; 1
5820; 2
5824; 1
5826; 2
5828; 1
5830; 2
5831; 1
5833; 2
5834; 1
5836; 2
5836; 1
5838; 2
5842; 1
5844; 2
5844; 1
5846; 2
5846; 1
5848; 2
5847; 1
5849; 2
5848; 1
5850; 2
5849; 1
5851; 2
5849; 1
5851; 2
5852; 1
5854; 2
5853; 1
5855; 2
5861; 1
5863; 2
5868; 1
5870; 2
5870; 1
5872; 2
5872; 1
5874; 2
5872; 1
5874; 2
5874; 1
5876; 2
5882; 1
5884; 2
5883; 1
5885; 2
5889; 1
5891; 2
5894; 1
5896; 2
5895; 1
5897; 2
5901; 1
5903; 2
5903; 1
5905; 2
5905; 1
5907; 2
5907; 1
5909; 2
5912; 1
5914; 2
5913; 1
5915; 2
5918; 1
5920; 2
5920; 1
5922; 2
5923; 1
5925; 2
5925; 1
5927; 2
5927; 1
5929; 2
5932; 1
5934; 2
5941; 1
5943; 2
5948; 1
5950; 2
5955; 1
5957; 2
5958; 1
5960; 2
5958; 1
5960; 2
5965; 1
5967; 2
5966; 1
5968; 2
5973; 1
5975; 2
5974; 1
5976; 2
5981; 1
5983; 2
5988; 1
5990; 2
5990; 1
5992; 2
5993; 1
5995; 2
5994; 1
5996; 2
5995; 1
5997; 2
5998; 1
6000; 2
6003; 1
6005; 2
6004; 1
6006; 2
6005; 1
6007; 2
6005; 1
6007; 2
6005; 1
6007; 2
6008; 1
6010; 2
6012; 1
6014; 2
6015; 1
6017; 2
6016; 1
6018; 2
6019; 1
6021; 2
6019; 1
6021; 2
6019; 1
6021; 2
6020; 1
6022; 2
6029; 1
6031; 2
6030; 1
6032; 2
6030; 1
6032; 2
6031; 1
6033; 2
6034; 1
6036; 2
6037; 1
6039; 2
6039; 1
6041; 2
6040; 1
6042; 2
6042; 1
6044; 2
6045; 1
6047; 2
6047; 1
6049; 2
6048; 1
6050; 2
6048; 1
6050; 2
6053; 1
6055; 2
6054; 1
6056; 2
6060; 1
6062; 2
6071; 1
6073; 2
6075; 1
6077; 2
6076; 1
6078; 2
6077; 1
6079; 2
6087; 1
6089; 2
6094; 1
6096; 2
6096; 1
6098; 2
6098; 1
6100; 2
6100; 1
6102; 2
6100; 1
6102; 2
6106; 1
6108; 2
6110; 1
6112; 2
6120; 1
6122; 2
6121; 1
6123; 2
6124; 1
6126; 2
6129; 1
6131; 2
6137; 1
6139; 2
6138; 1
6140; 2
6139; 1
6141; 2
6140; 1
6142; 2
6144; 1
6146; 2
6149; 1
6151; 2
6149; 1
6151; 2
6150; 1
6152; 2
6151; 1
6153; 2
6153; 1
6155; 2
6154; 1
6156; 2
6156; 1
6158; 2
6159; 1
6161; 2
6160; 1
6162; 2
6166; 1
6168; 2
6166; 1
6168; 2
6168; 1
6170; 2
6170; 1
6172; 2
6170; 1
6172; 2
6176; 1
6178; 2
6176; 1
6178; 2
6182; 1
6184; 2
6184; 1
6186; 2
6186; 1
6188; 2
6188; 1
6190; 2
6191; 1
6193; 2
6194; 1
6196; 2
6194; 1
6196; 2
6194; 1
6196; 2
6199; 1
6201; 2
6200; 1
6202; 2
6207; 1
6209; 2
6217; 1
6219; 2
6220; 1
6222; 2
6226; 1
6228; 2
6227; 1
6229; 2
6229; 1
6231; 2
6234; 1
6236; 2
6235; 1
6237; 2
6237; 1
6239; 2
6239; 1
6241; 2
6240; 1
6242; 2
6243; 1
6245; 2
6245; 1
6247; 2
6248; 1
6250; 2
6256; 1
6258; 2
6256; 1
6258; 2
6268; 1
6270; 2
6270; 1
6272; 2
6276; 1
6278; 2
6284; 1
6286; 2
6284; 1
6286; 2
6287; 1
6289; 2
6294; 1
6296; 2
6295; 1
6297; 2
6297; 1
6299; 2
6299; 1
6301; 2
6300; 1
6302; 2
6300; 1
6302; 2
6303; 1
6305; 2
6309; 1
6311; 2
6310; 1
6312; 2
6313; 1
6315; 2
6318; 1
6320; 2
6318; 1
6320; 2
6321; 1
6323; 2
6326; 1
6328; 2
6329; 1
6331; 2
6330; 1
6332; 2
6338; 1
6340; 2
6344; 1
6346; 2
6345; 1
6347; 2
6346; 1
6348; 2
6348; 1
6350; 2
6350; 1
6352; 2
6351; 1
6353; 2
6360; 1
6362; 2
6362; 1
6364; 2
6368; 1
6370; 2
6369; 1
6371; 2
6369; 1
6371; 2
6371; 1
6373; 2
6375; 1
6377; 2
6382; 1
6384; 2
6385; 1
6387; 2
6385; 1
6387; 2
6386; 1
6388; 2
6388; 1
6390; 2
6392; 1
6394; 2
6393; 1
6395; 2
6393; 1
6395; 2
6394; 1
6396; 2
6397; 1
6399; 2
6397; 1
6399; 2
6403; 1
6405; 2
6404; 1
6406; 2
6406; 1
6408; 2
6414; 1
6416; 2
6416; 1
6418; 2
6416; 1
6418; 2
6418; 1
6420; 2
6419; 1
6421; 2
6419; 1
6421; 2
6422; 1
6424; 2
6429; 1
6431; 2
6431; 1
6433; 2
6432; 1
6434; 2
6432; 1
6434; 2
6433; 1
6435; 2
6433; 1
6435; 2
6439; 1
6441; 2
6441; 1
6443; 2
6442; 1
6444; 2
6444; 1
6446; 2
6449; 1
6451; 2
6451; 1
6453; 2
6452; 1
6454; 2
6452; 1
6454; 2
6457; 1
6459; 2
6458; 1
6460; 2
6459; 1
6461; 2
6459; 1
6461; 2
6464; 1
6466; 2
6470; 1
6472; 2
6473; 1
6475; 2
6473; 1
6475; 2
6473; 1
6475; 2
6475; 1
6477; 2
6479; 1
6481; 2
6479; 1
6481; 2
6480; 1
6482; 2
6481; 1
6483; 2
6484; 1
6486; 2
6485; 1
6487; 2
6487; 1
6489; 2
6489; 1
6491; 2
6491; 1
6493; 2
6510; 1
6512; 2
6510; 1
6512; 2
6511; 1
6513; 2
6514; 1
6516; 2
6523; 1
6525; 2
6525; 1
6527; 2
6530; 1
6532; 2
6537; 1
6539; 2
6540; 1
6542; 2
6542; 1
6544; 2
6542; 1
6544; 2
6544; 1
6546; 2
6544; 1
6546; 2
6557; 1
6559; 2
6561; 1
6563; 2
6562; 1
6564; 2
6567; 1
6569; 2
6570; 1
6572; 2
6570; 1
6572; 2
6571; 1
6573; 2
6572; 1
6574; 2
6576; 1
6578; 2
6576; 1
6578; 2
6578; 1
6580; 2
6583; 1
6585; 2
6591; 1
6593; 2
6595; 1
6597; 2
6595; 1
6597; 2
6601; 1
6603; 2
6603; 1
6605; 2
6606; 1
6608; 2
6609; 1
6611; 2
6610; 1
6612; 2
6612; 1
6614; 2
6614; 1
6616; 2
6617; 1
6619; 2
6618; 1
6620; 2
6619; 1
6621; 2
6619; 1
6621; 2
6625; 1
6627; 2
6636; 1
6638; 2
6637; 1
6639; 2
6639; 1
6641; 2
6639; 1
6641; 2
6645; 1
6647; 2
6654; 1
6656; 2
6655; 1
6657; 2
6657; 1
6659; 2
6658; 1
6660; 2
6659; 1
6661; 2
6662; 1
6664; 2
6662; 1
6664; 2
6664; 1
6666; 2
6667; 1
6669; 2
6669; 1
6671; 2
6674; 1
6676; 2
6677; 1
6679; 2
6680; 1
6682; 2
6680; 1
6682; 2
6682; 1
6684; 2
6683; 1
6685; 2
6686; 1
6688; 2
6689; 1
6691; 2
6694; 1
6696; 2
6694; 1
6696; 2
6703; 1
6705; 2
6711; 1
6713; 2
6713; 1
6715; 2
6714; 1
6716; 2
6716; 1
6718; 2
6717; 1
6719; 2
6727; 1
6729; 2
6733; 1
6735; 2
6733; 1
6735; 2
6734; 1
6736; 2
6734; 1
6736; 2
6735; 1
6737; 2
6736; 1
6738; 2
6737; 1
6739; 2
6740; 1
6742; 2
6741; 1
6743; 2
6742; 1
6744; 2
6742; 1
6744; 2
6750; 1
6752; 2
6756; 1
6758; 2
6757; 1
6759; 2
6761; 1
6763; 2
6761; 1
6763; 2
6764; 1
6766; 2
6777; 1
6779; 2
6779; 1
6781; 2
6781; 1
6783; 2
6782; 1
6784; 2
6787; 1
6789; 2
6789; 1
6791; 2
6793; 1
6795; 2
6793; 1
6795; 2
6800; 1
6802; 2
6800; 1
6802; 2
6801; 1
6803; 2
6802; 1
6804; 2
6805; 1
6807; 2
6810; 1
6812; 2
6810; 1
6812; 2
6810; 1
6812; 2
6811; 1
6813; 2
6811; 1
6813; 2
6814; 1
6816; 2
6819; 1
6821; 2
6821; 1
6823; 2
6828; 1
6830; 2
6840; 1
6842; 2
6840; 1
6842; 2
6840; 1
6842; 2
6842; 1
6844; 2
6842; 1
6844; 2
6843; 1
6845; 2
6844; 1
6846; 2
6848; 1
6850; 2
6851; 1
6853; 2
6853; 1
6855; 2
6854; 1
6856; 2
6854; 1
6856; 2
6863; 1
6865; 2
6865; 1
6867; 2
6869; 1
6871; 2
6872; 1
6874; 2
6873; 1
6875; 2
6874; 1
6876; 2
6879; 1
6881; 2
6880; 1
6882; 2
6887; 1
6889; 2
6887; 1
6889; 2
6894; 1
6896; 2
6897; 1
6899; 2
6899; 1
6901; 2
6900; 1
6902; 2
6901; 1
6903; 2
6902; 1
6904; 2
6907; 1
6909; 2
6911; 1
6913; 2
6915; 1
6917; 2
6919; 1
6921; 2
6925; 1
6927; 2
6934; 1
6936; 2
6938; 1
6940; 2
6940; 1
6942; 2
6944; 1
6946; 2
6948; 1
6950; 2
6949; 1
6951; 2
6950; 1
6952; 2
6950; 1
6952; 2
6952; 1
6954; 2
6952; 1
6954; 2
6952; 1
6954; 2
6953; 1
6955; 2
6955; 1
6957; 2
6956; 1
6958; 2
6957; 1
6959; 2
6958; 1
6960; 2
6959; 1
6961; 2
6965; 1
6967; 2
6967; 1
6969; 2
6969; 1
6971; 2
6970; 1
6972; 2
6971; 1
6973; 2
6972; 1
6974; 2
6973; 1
6975; 2
6976; 1
6978; 2
6976; 1
6978; 2
6977; 1
6979; 2
6980; 1
6982; 2
6981; 1
6983; 2
6987; 1
6989; 2
6987; 1
6989; 2
6988; 1
6990; 2
6988; 1
6990; 2
6988; 1
6990; 2
6989; 1
6991; 2
6990; 1
6992; 2
6991; 1
6993; 2
6993; 1
6995; 2
6995; 1
6997; 2
6998; 1
7000; 2
7000; 1
7002; 2
7001; 1
7003; 2
7002; 1
7004; 2
7002; 1
7004; 2
7004; 1
7006; 2
7005; 1
7007; 2
7005; 1
7007; 2
7006; 1
7008; 2
7007; 1
7009; 2
7009; 1
7011; 2
7010; 1
7012; 2
7013; 1
7015; 2
7014; 1
7016; 2
7016; 1
7018; 2
7017; 1
7019; 2
7020; 1
7022; 2
7021; 1
7023; 2
7022; 1
7024; 2
7024; 1
7026; 2
7026; 1
7028; 2
7030; 1
7032; 2
7031; 1
7033; 2
7031; 1
7033; 2
7041; 1
7043; 2
7043; 1
7045; 2
7044; 1
7046; 2
7048; 1
7050; 2
7049; 1
7051; 2
7049; 1
7051; 2
7054; 1
7056; 2
7059; 1
7061; 2
7064; 1
7066; 2
7065; 1
7067; 2
7070; 1
7072; 2
7070; 1
7072; 2
7073; 1
7075; 2
7074; 1
7076; 2
7074; 1
7076; 2
7075; 1
7077; 2
7080; 1
7082; 2
7087; 1
7089; 2
7088; 1
7090; 2
7091; 1
7093; 2
7091; 1
7093; 2
7094; 1
7096; 2
7097; 1
7099; 2
7103; 1
7105; 2
7104; 1
7106; 2
7104; 1
7106; 2
7106; 1
7108; 2
7108; 1
7110; 2
7108; 1
7110; 2
7109; 1
7111; 2
7114; 1
7116; 2
7116; 1
7118; 2
7117; 1
7119; 2
7119; 1
7121; 2
7119; 1
7121; 2
7123; 1
7125; 2
7124; 1
7126; 2
7124; 1
7126; 2
7127; 1
7129; 2
7129; 1
7131; 2
7129; 1
7131; 2
7132; 1
7134; 2
7132; 1
7134; 2
7134; 1
7136; 2
7137; 1
7139; 2
7139; 1
7141; 2
7143; 1
7145; 2
7145; 1
7147; 2
7146; 1
7148; 2
7150; 1
7152; 2
7151; 1
7153; 2
7154; 1
7156; 2
7154; 1
7156; 2
7156; 1
7158; 2
7157; 1
7159; 2
7165; 1
7167; 2
7165; 1
7167; 2
7165; 1
7167; 2
7167; 1
7169; 2
7168; 1
7170; 2
7171; 1
7173; 2
7174; 1
7176; 2
7177; 1
7179; 2
7178; 1
7180; 2
7180; 1
7182; 2
7181; 1
7183; 2
7185; 1
7187; 2
7187; 1
7189; 2
7187; 1
7189; 2
7193; 1
7195; 2
7197; 1
7199; 2
7197; 1
7199; 2
7199; 1
7201; 2
7201; 1
7203; 2
7204; 1
7206; 2
7205; 1
7207; 2
7205; 1
7207; 2
7206; 1
7208; 2
7207; 1
7209; 2
7209; 1
7211; 2
7211; 1
7213; 2
7211; 1
7213; 2
7212; 1
7214; 2
7213; 1
7215; 2
7214; 1
7216; 2
7214; 1
7216; 2
7227; 1
7229; 2
7231; 1
7233; 2
7232; 1
7234; 2
7234; 1
7236; 2
7235; 1
7237; 2
7236; 1
7238; 2
7236; 1
7238; 2
7237; 1
7239; 2
7241; 1
7243; 2
7244; 1
7246; 2
7244; 1
7246; 2
7247; 1
7249; 2
7252; 1
7254; 2
7255; 1
7257; 2
7256; 1
7258; 2
7257; 1
7259; 2
7258; 1
7260; 2
7260; 1
7262; 2
7260; 1
7262; 2
7261; 1
7263; 2
7263; 1
7265; 2
7272; 1
7274; 2
7274; 1
7276; 2
7275; 1
7277; 2
7275; 1
7277; 2
7279; 1
7281; 2
7279; 1
7281; 2
7281; 1
7283; 2
7283; 1
7285; 2
7284; 1
7286; 2
7285; 1
7287; 2
7295; 1
7297; 2
7299; 1
7301; 2
7300; 1
7302; 2
7303; 1
7305; 2
7303; 1
7305; 2
7304; 1
7306; 2
7309; 1
7311; 2
7314; 1
7316; 2
7316; 1
7318; 2
7317; 1
7319; 2
7320; 1
7322; 2
7322; 1
7324; 2
7325; 1
7327; 2
7327; 1
7329; 2
7328; 1
7330; 2
7334; 1
7336; 2
7337; 1
7339; 2
7338; 1
7340; 2
7340; 1
7342; 2
7342; 1
7344; 2
7350; 1
7352; 2
7351; 1
7353; 2
7356; 1
7358; 2
7356; 1
7358; 2
7359; 1
7361; 2
7364; 1
7366; 2
7367; 1
7369; 2
7368; 1
7370; 2
7369; 1
7371; 2
7370; 1
7372; 2
7375; 1
7377; 2
7377; 1
7379; 2
7377; 1
7379; 2
7378; 1
7380; 2
7379; 1
7381; 2
7384; 1
7386; 2
7387; 1
7389; 2
7389; 1
7391; 2
7393; 1
7395; 2
7393; 1
7395; 2
7394; 1
7396; 2
7395; 1
7397; 2
7397; 1
7399; 2
7399; 1
7401; 2
7400; 1
7402; 2
7400; 1
7402; 2
7403; 1
7405; 2
7406; 1
7408; 2
7406; 1
7408; 2
7407; 1
7409; 2
7408; 1
7410; 2
7416; 1
7418; 2
7420; 1
7422; 2
7424; 1
7426; 2
7425; 1
7427; 2
7426; 1
7428; 2
7428; 1
7430; 2
7428; 1
7430; 2
7429; 1
7431; 2
7429; 1
7431; 2
7429; 1
7431; 2
7430; 1
7432; 2
7439; 1
7441; 2
7439; 1
7441; 2
7443; 1
7445; 2
7444; 1
7446; 2
7444; 1
7446; 2
7447; 1
7449; 2
7449; 1
7451; 2
7452; 1
7454; 2
7453; 1
7455; 2
7456; 1
7458; 2
7461; 1
7463; 2
7467; 1
7469; 2
7489; 1
7491; 2
7489; 1
7491; 2
7490; 1
7492; 2
7490; 1
7492; 2
7490; 1
7492; 2
7495; 1
7497; 2
7496; 1
7498; 2
7497; 1
7499; 2
7501; 1
7503; 2
7506; 1
7508; 2
7507; 1
7509; 2
7508; 1
7510; 2
7517; 1
7519; 2
7523; 1
7525; 2
7525; 1
7527; 2
7538; 1
7540; 2
7538; 1
7540; 2
7542; 1
7544; 2
7542; 1
7544; 2
7543; 1
7545; 2
7549; 1
7551; 2
7565; 1
7567; 2
7570; 1
7572; 2
7571; 1
7573; 2
7579; 1
7581; 2
7584; 1
7586; 2
7585; 1
7587; 2
7590; 1
7592; 2
7593; 1
7595; 2
7599; 1
7601; 2
7601; 1
7603; 2
7603; 1
7605; 2
7603; 1
7605; 2
7606; 1
7608; 2
7607; 1
7609; 2
7608; 1
7610; 2
7613; 1
7615; 2
7615; 1
7617; 2
7616; 1
7618; 2
7617; 1
7619; 2
7621; 1
7623; 2
7627; 1
7629; 2
7633; 1
7635; 2
7638; 1
7640; 2
7640; 1
7642; 2
7643; 1
7645; 2
7643; 1
7645; 2
7644; 1
7646; 2
7650; 1
7652; 2
7654; 1
7656; 2
7654; 1
7656; 2
7656; 1
7658; 2
7660; 1
7662; 2
7665; 1
7667; 2
7666; 1
7668; 2
7667; 1
7669; 2
7667; 1
7669; 2
7668; 1
7670; 2
7670; 1
7672; 2
7676; 1
7678; 2
7681; 1
7683; 2
7684; 1
7686; 2
7685; 1
7687; 2
7686; 1
7688; 2
7686; 1
7688; 2
7689; 1
7691; 2
7695; 1
7697; 2
7699; 1
7701; 2
7711; 1
7713; 2
7718; 1
7720; 2
7719; 1
7721; 2
7720; 1
7722; 2
7720; 1
7722; 2
7722; 1
7724; 2
7722; 1
7724; 2
7726; 1
7728; 2
7729; 1
7731; 2
7735; 1
7737; 2
7737; 1
7739; 2
7745; 1
7747; 2
7745; 1
7747; 2
7756; 1
7758; 2
7759; 1
7761; 2
7760; 1
7762; 2
7761; 1
7763; 2
7762; 1
7764; 2
7766; 1
7768; 2
7771; 1
7773; 2
7773; 1
7775; 2
7774; 1
7776; 2
7774; 1
7776; 2
7777; 1
7779; 2
7781; 1
7783; 2
7782; 1
7784; 2
7782; 1
7784; 2
7784; 1
7786; 2
7789; 1
7791; 2
7796; 1
7798; 2
7797; 1
7799; 2
7808; 1
7810; 2
7810; 1
7812; 2
7810; 1
7812; 2
7810; 1
7812; 2
7810; 1
7812; 2
7814; 1
7816; 2
7815; 1
7817; 2
7816; 1
7818; 2
7817; 1
7819; 2
7821; 1
7823; 2
7823; 1
7825; 2
7823; 1
7825; 2
7828; 1
7830; 2
7837; 1
7839; 2
7837; 1
7839; 2
7842; 1
7844; 2
7847; 1
7849; 2
7848; 1
7850; 2
7850; 1
7852; 2
7852; 1
7854; 2
7856; 1
7858; 2
7857; 1
7859; 2
7859; 1
7861; 2
7859; 1
7861; 2
7860; 1
7862; 2
7864; 1
7866; 2
7871; 1
7873; 2
7872; 1
7874; 2
7873; 1
7875; 2
7878; 1
7880; 2
7879; 1
7881; 2
7883; 1
7885; 2
7885; 1
7887; 2
7889; 1
7891; 2
7890; 1
7892; 2
7891; 1
7893; 2
7892; 1
7894; 2
7894; 1
7896; 2
7905; 1
7907; 2
7913; 1
7915; 2
7926; 1
7928; 2
7928; 1
7930; 2
7929; 1
7931; 2
7931; 1
7933; 2
7933; 1
7935; 2
7934; 1
7936; 2
7937; 1
7939; 2
7941; 1
7943; 2
7944; 1
7946; 2
7945; 1
7947; 2
7948; 1
7950; 2
7949; 1
7951; 2
7949; 1
7951; 2
7950; 1
7952; 2
7950; 1
7952; 2
7950; 1
7952; 2
7950; 1
7952; 2
7957; 1
7959; 2
7957; 1
7959; 2
7958; 1
7960; 2
7970; 1
7972; 2
7970; 1
7972; 2
7971; 1
7973; 2
7975; 1
7977; 2
7976; 1
7978; 2
7978; 1
7980; 2
7979; 1
7981; 2
7984; 1
7986; 2
7986; 1
7988; 2
7988; 1
7990; 2
7992; 1
7994; 2
7996; 1
7998; 2
7998; 1
8000; 2
8003; 1
8005; 2
8005; 1
8007; 2
8008; 1
8010; 2
8008; 1
8010; 2
8009; 1
8011; 2
8011; 1
8013; 2
8011; 1
8013; 2
8021; 1
8023; 2
8023; 1
8025; 2
8025; 1
8027; 2
8025; 1
8027; 2
8027; 1
8029; 2
8029; 1
8031; 2
8034; 1
8036; 2
8048; 1
8050; 2
8055; 1
8057; 2
8055; 1
8057; 2
8060; 1
8062; 2
8063; 1
8065; 2
8064; 1
8066; 2
8067; 1
8069; 2
8069; 1
8071; 2
8076; 1
8078; 2
8076; 1
8078; 2
8077; 1
8079; 2
8081; 1
8083; 2
8082; 1
8084; 2
8090; 1
8092; 2
8095; 1
8097; 2
8097; 1
8099; 2
8099; 1
8101; 2
8116; 1
8118; 2
8116; 1
8118; 2
8119; 1
8121; 2
8120; 1
8122; 2
8121; 1
8123; 2
8125; 1
8127; 2
8125; 1
8127; 2
8127; 1
8129; 2
8128; 1
8130; 2
8128; 1
8130; 2
8132; 1
8134; 2
8132; 1
8134; 2
8135; 1
8137; 2
8136; 1
8138; 2
8139; 1
8141; 2
8141; 1
8143; 2
8141; 1
8143; 2
8143; 1
8145; 2
8145; 1
8147; 2
8145; 1
8147; 2
8148; 1
8150; 2
8150; 1
8152; 2
8159; 1
8161; 2
8162; 1
8164; 2
8162; 1
8164; 2
8163; 1
8165; 2
8166; 1
8168; 2
8168; 1
8170; 2
8169; 1
8171; 2
8170; 1
8172; 2
8172; 1
8174; 2
8172; 1
8174; 2
8173; 1
8175; 2
8177; 1
8179; 2
8189; 1
8191; 2
8191; 1
8193; 2
8193; 1
8195; 2
8198; 1
8200; 2
8198; 1
8200; 2
8200; 1
8202; 2
8200; 1
8202; 2
8201; 1
8203; 2
8207; 1
8209; 2
8209; 1
8211; 2
8210; 1
8212; 2
8216; 1
8218; 2
8220; 1
8222; 2
8220; 1
8222; 2
8224; 1
8226; 2
8224; 1
8226; 2
8228; 1
8230; 2
8232; 1
8234; 2
8233; 1
8235; 2
8234; 1
8236; 2
8236; 1
8238; 2
8243; 1
8245; 2
8244; 1
8246; 2
8247; 1
8249; 2
8247; 1
8249; 2
8253; 1
8255; 2
8254; 1
8256; 2
8258; 1
8260; 2
8259; 1
8261; 2
8265; 1
8267; 2
8265; 1
8267; 2
8266; 1
8268; 2
8267; 1
8269; 2
8275; 1
8277; 2
8276; 1
8278; 2
8277; 1
8279; 2
8279; 1
8281; 2
8282; 1
8284; 2
8287; 1
8289; 2
8293; 1
8295; 2
8294; 1
8296; 2
8309; 1
8311; 2
8310; 1
8312; 2
8311; 1
8313; 2
8315; 1
8317; 2
8318; 1
8320; 2
8319; 1
8321; 2
8326; 1
8328; 2
8328; 1
8330; 2
8328; 1
8330; 2
8329; 1
8331; 2
8330; 1
8332; 2
8331; 1
8333; 2
8331; 1
8333; 2
8332; 1
8334; 2
8336; 1
8338; 2
8342; 1
8344; 2
8346; 1
8348; 2
8357; 1
8359; 2
8363; 1
8365; 2
8371; 1
8373; 2
8375; 1
8377; 2
8377; 1
8379; 2
8378; 1
8380; 2
8384; 1
8386; 2
8390; 1
8392; 2
8398; 1
8400; 2
8399; 1
8401; 2
8405; 1
8407; 2
8405; 1
8407; 2
8405; 1
8407; 2
8408; 1
8410; 2
8410; 1
8412; 2
8414; 1
8416; 2
8415; 1
8417; 2
8421; 1
8423; 2
8421; 1
8423; 2
8429; 1
8431; 2
8429; 1
8431; 2
8433; 1
8435; 2
8434; 1
8436; 2
8435; 1
8437; 2
8436; 1
8438; 2
8442; 1
8444; 2
8444; 1
8446; 2
8446; 1
8448; 2
8448; 1
8450; 2
8451; 1
8453; 2
8456; 1
8458; 2
8459; 1
8461; 2
8470; 1
8472; 2
8470; 1
8472; 2
8471; 1
8473; 2
8477; 1
8479; 2
8481; 1
8483; 2
8481; 1
8483; 2
8482; 1
8484; 2
8483; 1
8485; 2
8487; 1
8489; 2
8495; 1
8497; 2
8496; 1
8498; 2
8496; 1
8498; 2
8496; 1
8498; 2
8498; 1
8500; 2
8501; 1
8503; 2
8502; 1
8504; 2
8502; 1
8504; 2
8502; 1
8504; 2
8504; 1
8506; 2
8508; 1
8510; 2
8511; 1
8513; 2
8512; 1
8514; 2
8514; 1
8516; 2
8517; 1
8519; 2
8519; 1
8521; 2
8522; 1
8524; 2
8522; 1
8524; 2
8522; 1
8524; 2
8523; 1
8525; 2
8524; 1
8526; 2
8527; 1
8529; 2
8528; 1
8530; 2
8528; 1
8530; 2
8532; 1
8534; 2
8538; 1
8540; 2
8541; 1
8543; 2
8545; 1
8547; 2
8546; 1
8548; 2
8547; 1
8549; 2
8549; 1
8551; 2
8549; 1
8551; 2
8549; 1
8551; 2
8552; 1
8554; 2
8557; 1
8559; 2
8557; 1
8559; 2
8560; 1
8562; 2
8567; 1
8569; 2
8567; 1
8569; 2
8568; 1
8570; 2
8568; 1
8570; 2
8570; 1
8572; 2
8572; 1
8574; 2
8572; 1
8574; 2
8578; 1
8580; 2
8579; 1
8581; 2
8580; 1
8582; 2
8580; 1
8582; 2
8588; 1
8590; 2
8590; 1
8592; 2
8593; 1
8595; 2
8595; 1
8597; 2
8603; 1
8605; 2
8606; 1
8608; 2
8607; 1
8609; 2
8607; 1
8609; 2
8618; 1
8620; 2
8620; 1
8622; 2
8621; 1
8623; 2
8623; 1
8625; 2
8626; 1
8628; 2
8631; 1
8633; 2
8635; 1
8637; 2
8635; 1
8637; 2
8638; 1
8640; 2
8638; 1
8640; 2
8638; 1
8640; 2
8639; 1
8641; 2
8643; 1
8645; 2
8647; 1
8649; 2
8648; 1
8650; 2
8654; 1
8656; 2
8656; 1
8658; 2
8660; 1
8662; 2
8662; 1
8664; 2
8664; 1
8666; 2
8668; 1
8670; 2
8668; 1
8670; 2
8673; 1
8675; 2
8674; 1
8676; 2
8677; 1
8679; 2
8678; 1
8680; 2
8682; 1
8684; 2
8683; 1
8685; 2
8685; 1
8687; 2
8687; 1
8689; 2
8688; 1
8690; 2
8692; 1
8694; 2
8695; 1
8697; 2
8695; 1
8697; 2
8700; 1
8702; 2
8704; 1
8706; 2
8704; 1
8706; 2
8704; 1
8706; 2
8712; 1
8714; 2
8724; 1
8726; 2
8725; 1
8727; 2
8725; 1
8727; 2
8729; 1
8731; 2
8736; 1
8738; 2
8741; 1
8743; 2
8742; 1
8744; 2
8743; 1
8745; 2
8744; 1
8746; 2
8747; 1
8749; 2
8753; 1
8755; 2
8754; 1
8756; 2
8755; 1
8757; 2
8758; 1
8760; 2
8760; 1
8762; 2
8763; 1
8765; 2
8764; 1
8766; 2
8764; 1
8766; 2
8764; 1
8766; 2
8768; 1
8770; 2
8769; 1
8771; 2
8771; 1
8773; 2
8771; 1
8773; 2
8779; 1
8781; 2
8781; 1
8783; 2
8781; 1
8783; 2
8781; 1
8783; 2
8788; 1
8790; 2
8790; 1
8792; 2
8798; 1
8800; 2
8803; 1
8805; 2
8803; 1
8805; 2
8806; 1
8808; 2
8809; 1
8811; 2
8810; 1
8812; 2
8810; 1
8812; 2
8812; 1
8814; 2
8813; 1
8815; 2
8816; 1
8818; 2
8817; 1
8819; 2
8817; 1
8819; 2
8818; 1
8820; 2
8819; 1
8821; 2
8820; 1
8822; 2
8821; 1
8823; 2
8822; 1
8824; 2
8828; 1
8830; 2
8829; 1
8831; 2
8829; 1
8831; 2
8835; 1
8837; 2
8836; 1
8838; 2
8837; 1
8839; 2
8842; 1
8844; 2
8843; 1
8845; 2
8844; 1
8846; 2
8844; 1
8846; 2
8846; 1
8848; 2
8848; 1
8850; 2
8851; 1
8853; 2
8853; 1
8855; 2
8855; 1
8857; 2
8855; 1
8857; 2
8856; 1
8858; 2
8857; 1
8859; 2
8859; 1
8861; 2
8867; 1
8869; 2
8871; 1
8873; 2
8874; 1
8876; 2
8876; 1
8878; 2
8878; 1
8880; 2
8880; 1
8882; 2
8880; 1
8882; 2
8882; 1
8884; 2
8882; 1
8884; 2
8885; 1
8887; 2
8886; 1
8888; 2
8892; 1
8894; 2
8894; 1
8896; 2
8899; 1
8901; 2
8899; 1
8901; 2
8901; 1
8903; 2
8901; 1
8903; 2
8908; 1
8910; 2
8909; 1
8911; 2
8916; 1
8918; 2
8917; 1
8919; 2
8921; 1
8923; 2
8923; 1
8925; 2
8924; 1
8926; 2
8928; 1
8930; 2
8929; 1
8931; 2
8932; 1
8934; 2
8936; 1
8938; 2
8940; 1
8942; 2
8941; 1
8943; 2
8942; 1
8944; 2
8943; 1
8945; 2
8943; 1
8945; 2
8946; 1
8948; 2
8947; 1
8949; 2
8948; 1
8950; 2
8950; 1
8952; 2
8951; 1
8953; 2
8954; 1
8956; 2
8955; 1
8957; 2
8957; 1
8959; 2
8961; 1
8963; 2
8965; 1
8967; 2
8966; 1
8968; 2
8968; 1
8970; 2
8969; 1
8971; 2
8983; 1
8985; 2
8987; 1
8989; 2
8991; 1
8993; 2
8994; 1
8996; 2
8994; 1
8996; 2
8995; 1
8997; 2
8995; 1
8997; 2
8998; 1
9000; 2
9003; 1
9005; 2
9007; 1
9009; 2
9008; 1
9010; 2
9010; 1
9012; 2
9012; 1
9014; 2
9012; 1
9014; 2
9015; 1
9017; 2
9022; 1
9024; 2
9025; 1
9027; 2
9026; 1
9028; 2
9028; 1
9030; 2
9029; 1
9031; 2
9029; 1
9031; 2
9030; 1
9032; 2
9031; 1
9033; 2
9038; 1
9040; 2
9038; 1
9040; 2
9042; 1
9044; 2
9044; 1
9046; 2
9047; 1
9049; 2
9048; 1
9050; 2
9048; 1
9050; 2
9049; 1
9051; 2
9053; 1
9055; 2
9054; 1
9056; 2
9059; 1
9061; 2
9060; 1
9062; 2
9061; 1
9063; 2
9064; 1
9066; 2
9064; 1
9066; 2
9070; 1
9072; 2
9074; 1
9076; 2
9074; 1
9076; 2
9076; 1
9078; 2
9079; 1
9081; 2
9080; 1
9082; 2
9081; 1
9083; 2
9087; 1
9089; 2
9088; 1
9090; 2
9089; 1
9091; 2
9091; 1
9093; 2
9093; 1
9095; 2
9096; 1
9098; 2
9098; 1
9100; 2
9099; 1
9101; 2
9100; 1
9102; 2
9100; 1
9102; 2
9101; 1
9103; 2
9101; 1
9103; 2
9104; 1
9106; 2
9107; 1
9109; 2
9108; 1
9110; 2
9109; 1
9111; 2
9112; 1
9114; 2
9115; 1
9117; 2
9117; 1
9119; 2
9119; 1
9121; 2
9126; 1
9128; 2
9127; 1
9129; 2
9128; 1
9130; 2
9129; 1
9131; 2
9133; 1
9135; 2
9136; 1
9138; 2
9139; 1
9141; 2
9146; 1
9148; 2
9146; 1
9148; 2
9147; 1
9149; 2
9148; 1
9150; 2
9152; 1
9154; 2
9153; 1
9155; 2
9155; 1
9157; 2
9157; 1
9159; 2
9161; 1
9163; 2
9164; 1
9166; 2
9165; 1
9167; 2
9166; 1
9168; 2
9167; 1
9169; 2
9167; 1
9169; 2
9168; 1
9170; 2
9168; 1
9170; 2
9168; 1
9170; 2
9169; 1
9171; 2
9173; 1
9175; 2
9179; 1
9181; 2
9182; 1
9184; 2
9182; 1
9184; 2
9183; 1
9185; 2
9185; 1
9187; 2
9189; 1
9191; 2
9189; 1
9191; 2
9190; 1
9192; 2
9192; 1
9194; 2
9196; 1
9198; 2
9200; 1
9202; 2
9211; 1
9213; 2
9212; 1
9214; 2
9212; 1
9214; 2
9213; 1
9215; 2
9214; 1
9216; 2
9218; 1
9220; 2
9224; 1
9226; 2
9232; 1
9234; 2
9236; 1
9238; 2
9239; 1
9241; 2
9240; 1
9242; 2
9241; 1
9243; 2
9241; 1
9243; 2
9246; 1
9248; 2
9248; 1
9250; 2
9254; 1
9256; 2
9258; 1
9260; 2
9260; 1
9262; 2
9261; 1
9263; 2
9263; 1
9265; 2
9267; 1
9269; 2
9272; 1
9274; 2
9273; 1
9275; 2
9275; 1
9277; 2
9280; 1
9282; 2
9281; 1
9283; 2
9282; 1
9284; 2
9282; 1
9284; 2
9289; 1
9291; 2
9296; 1
9298; 2
9296; 1
9298; 2
9300; 1
9302; 2
9301; 1
9303; 2
9303; 1
9305; 2
9306; 1
9308; 2
9308; 1
9310; 2
9312; 1
9314; 2
9320; 1
9322; 2
9321; 1
9323; 2
9322; 1
9324; 2
9322; 1
9324; 2
9325; 1
9327; 2
9327; 1
9329; 2
9332; 1
9334; 2
9332; 1
9334; 2
9333; 1
9335; 2
9334; 1
9336; 2
9334; 1
9336; 2
9336; 1
9338; 2
9337; 1
9339; 2
9338; 1
9340; 2
9338; 1
9340; 2
9339; 1
9341; 2
9340; 1
9342; 2
9340; 1
9342; 2
9341; 1
9343; 2
9342; 1
9344; 2
9343; 1
9345; 2
9345; 1
9347; 2
9349; 1
9351; 2
9349; 1
9351; 2
9353; 1
9355; 2
9357; 1
9359; 2
9357; 1
9359; 2
9359; 1
9361; 2
9360; 1
9362; 2
9360; 1
9362; 2
9361; 1
9363; 2
9362; 1
9364; 2
9366; 1
9368; 2
9369; 1
9371; 2
9370; 1
9372; 2
9378; 1
9380; 2
9379; 1
9381; 2
9381; 1
9383; 2
9388; 1
9390; 2
9388; 1
9390; 2
9390; 1
9392; 2
9391; 1
9393; 2
9395; 1
9397; 2
9396; 1
9398; 2
9398; 1
9400; 2
9399; 1
9401; 2
9401; 1
9403; 2
9405; 1
9407; 2
9419; 1
9421; 2
9420; 1
9422; 2
9422; 1
9424; 2
9426; 1
9428; 2
9428; 1
9430; 2
9429; 1
9431; 2
9432; 1
9434; 2
9435; 1
9437; 2
9436; 1
9438; 2
9439; 1
9441; 2
9440; 1
9442; 2
9443; 1
9445; 2
9444; 1
9446; 2
9449; 1
9451; 2
9450; 1
9452; 2
9452; 1
9454; 2
9454; 1
9456; 2
9455; 1
9457; 2
9460; 1
9462; 2
9462; 1
9464; 2
9472; 1
9474; 2
9472; 1
9474; 2
9474; 1
9476; 2
9479; 1
9481; 2
9481; 1
9483; 2
9483; 1
9485; 2
9484; 1
9486; 2
9485; 1
9487; 2
9486; 1
9488; 2
9489; 1
9491; 2
9489; 1
9491; 2
9493; 1
9495; 2
9493; 1
9495; 2
9495; 1
9497; 2
9495; 1
9497; 2
9496; 1
9498; 2
9497; 1
9499; 2
9499; 1
9501; 2
9504; 1
9506; 2
9504; 1
9506; 2
9504; 1
9506; 2
9506; 1
9508; 2
9508; 1
9510; 2
9508; 1
9510; 2
9508; 1
9510; 2
9512; 1
9514; 2
9514; 1
9516; 2
9516; 1
9518; 2
9517; 1
9519; 2
9517; 1
9519; 2
9517; 1
9519; 2
9520; 1
9522; 2
9520; 1
9522; 2
9520; 1
9522; 2
9524; 1
9526; 2
9526; 1
9528; 2
9534; 1
9536; 2
9534; 1
9536; 2
9535; 1
9537; 2
9539; 1
9541; 2
9540; 1
9542; 2
9540; 1
9542; 2
9540; 1
9542; 2
9541; 1
9543; 2
9543; 1
9545; 2
9545; 1
9547; 2
9553; 1
9555; 2
9553; 1
9555; 2
9556; 1
9558; 2
9562; 1
9564; 2
9563; 1
9565; 2
9566; 1
9568; 2
9570; 1
9572; 2
9571; 1
9573; 2
9572; 1
9574; 2
9574; 1
9576; 2
9576; 1
9578; 2
9577; 1
9579; 2
9578; 1
9580; 2
9580; 1
9582; 2
9582; 1
9584; 2
9590; 1
9592; 2
9590; 1
9592; 2
9592; 1
9594; 2
9593; 1
9595; 2
9598; 1
9600; 2
9598; 1
9600; 2
9600; 1
9602; 2
9601; 1
9603; 2
9602; 1
9604; 2
9603; 1
9605; 2
9605; 1
9607; 2
9606; 1
9608; 2
9606; 1
9608; 2
9613; 1
9615; 2
9619; 1
9621; 2
9621; 1
9623; 2
9622; 1
9624; 2
9623; 1
9625; 2
9628; 1
9630; 2
9629; 1
9631; 2
9631; 1
9633; 2
9633; 1
9635; 2
9633; 1
9635; 2
9634; 1
9636; 2
9637; 1
9639; 2
9639; 1
9641; 2
9641; 1
9643; 2
9642; 1
9644; 2
9642; 1
9644; 2
9643; 1
9645; 2
9646; 1
9648; 2
9647; 1
9649; 2
9647; 1
9649; 2
9648; 1
9650; 2
9650; 1
9652; 2
9652; 1
9654; 2
9652; 1
9654; 2
9656; 1
9658; 2
9669; 1
9671; 2
9669; 1
9671; 2
9670; 1
9672; 2
9672; 1
9674; 2
9675; 1
9677; 2
9676; 1
9678; 2
9679; 1
9681; 2
9679; 1
9681; 2
9680; 1
9682; 2
9685; 1
9687; 2
9690; 1
9692; 2
9691; 1
9693; 2
9692; 1
9694; 2
9698; 1
9700; 2
9706; 1
9708; 2
9706; 1
9708; 2
9706; 1
9708; 2
9707; 1
9709; 2
9717; 1
9719; 2
9717; 1
9719; 2
9721; 1
9723; 2
9723; 1
9725; 2
9724; 1
9726; 2
9727; 1
9729; 2
9729; 1
9731; 2
9731; 1
9733; 2
9733; 1
9735; 2
9733; 1
9735; 2
9734; 1
9736; 2
9739; 1
9741; 2
9740; 1
9742; 2
9742; 1
9744; 2
9745; 1
9747; 2
9746; 1
9748; 2
9748; 1
9750; 2
9748; 1
9750; 2
9753; 1
9755; 2
9758; 1
9760; 2
9759; 1
9761; 2
9761; 1
9763; 2
9762; 1
9764; 2
9763; 1
9765; 2
9763; 1
9765; 2
9764; 1
9766; 2
9766; 1
9768; 2
9766; 1
9768; 2
9766; 1
9768; 2
9772; 1
9774; 2
9773; 1
9775; 2
9773; 1
9775; 2
9774; 1
9776; 2
9774; 1
9776; 2
9780; 1
9782; 2
9784; 1
9786; 2
9785; 1
9787; 2
9786; 1
9788; 2
9789; 1
9791; 2
9789; 1
9791; 2
9791; 1
9793; 2
9793; 1
9795; 2
9794; 1
9796; 2
9797; 1
9799; 2
9803; 1
9805; 2
9803; 1
9805; 2
9805; 1
9807; 2
9805; 1
9807; 2
9805; 1
9807; 2
9807; 1
9809; 2
9810; 1
9812; 2
9821; 1
9823; 2
9821; 1
9823; 2
9823; 1
9825; 2
9823; 1
9825; 2
9823; 1
9825; 2
9831; 1
9833; 2
9831; 1
9833; 2
9841; 1
9843; 2
9844; 1
9846; 2
9845; 1
9847; 2
9847; 1
9849; 2
9847; 1
9849; 2
9847; 1
9849; 2
9849; 1
9851; 2
9849; 1
9851; 2
9849; 1
9851; 2
9854; 1
9856; 2
9856; 1
9858; 2
9857; 1
9859; 2
9857; 1
9859; 2
9862; 1
9864; 2
9864; 1
9866; 2
9864; 1
9866; 2
9865; 1
9867; 2
9868; 1
9870; 2
9873; 1
9875; 2
9874; 1
9876; 2
9874; 1
9876; 2
9875; 1
9877; 2
9876; 1
9878; 2
9877; 1
9879; 2
9879; 1
9881; 2
9880; 1
9882; 2
9880; 1
9882; 2
9881; 1
9883; 2
9885; 1
9887; 2
9885; 1
9887; 2
9890; 1
9892; 2
9892; 1
9894; 2
9896; 1
9898; 2
9899; 1
9901; 2
9900; 1
9902; 2
9902; 1
9904; 2
9907; 1
9909; 2
9909; 1
9911; 2
9909; 1
9911; 2
9910; 1
9912; 2
9911; 1
9913; 2
9912; 1
9914; 2
9914; 1
9916; 2
9915; 1
9917; 2
9920; 1
9922; 2
9921; 1
9923; 2
9923; 1
9925; 2
9926; 1
9928; 2
9926; 1
9928; 2
9928; 1
9930; 2
9929; 1
9931; 2
9932; 1
9934; 2
9935; 1
9937; 2
9936; 1
9938; 2
9938; 1
9940; 2
9939; 1
9941; 2
9940; 1
9942; 2
9947; 1
9949; 2
9949; 1
9951; 2
9954; 1
9956; 2
9954; 1
9956; 2
9960; 1
9962; 2
9960; 1
9962; 2
9961; 1
9963; 2
9975; 1
9977; 2
9976; 1
9978; 2
9980; 1
9982; 2
9982; 1
9984; 2
9986; 1
9988; 2
9989; 1
9991; 2
10002; 1
10004; 2
10011; 1
10013; 2
10015; 1
10017; 2
10016; 1
10018; 2
10020; 1
10022; 2
10021; 1
10023; 2
10022; 1
10024; 2
10022; 1
10024; 2
10029; 1
10031; 2
