Sequence of timestamped events V1.0
Stream 2
Id =2
Name = Camera_2
Tbegin = 0
Tend = 10000
Count = 4000
14; 1
15; 2
18; 1
19; 2
18; 1
19; 2
19; 1
20; 2
23; 1
24; 2
25; 1
26; 2
27; 1
28; 2
27; 1
28; 2
28; 1
29; 2
28; 1
29; 2
28; 1
29; 2
29; 1
30; 2
30; 1
31; 2
39; 1
40; 2
39; 1
40; 2
42; 1
43; 2
43; 1
44; 2
52; 1
53; 2
52; 1
53; 2
53; 1
54; 2
54; 1
55; 2
57; 1
58; 2
58; 1
59; 2
62; 1
63; 2
70; 1
71; 2
71; 1
72; 2
73; 1
74; 2
74; 1
75; 2
76; 1
77; 2
77; 1
78; 2
79; 1
80; 2
81; 1
82; 2
81; 1
82; 2
81; 1
82; 2
81; 1
82; 2
82; 1
83; 2
84; 1
85; 2
85; 1
86; 2
86; 1
87; 2
89; 1
90; 2
89; 1
90; 2
90; 1
91; 2
94; 1
95; 2
101; 1
102; 2
102; 1
103; 2
104; 1
105; 2
106; 1
107; 2
111; 1
112; 2
115; 1
116; 2
117; 1
118; 2
117; 1
118; 2
117; 1
118; 2
118; 1
119; 2
120; 1
121; 2
122; 1
123; 2
123; 1
124; 2
123; 1
124; 2
124; 1
125; 2
125; 1
126; 2
129; 1
130; 2
133; 1
134; 2
136; 1
137; 2
140; 1
141; 2
142; 1
143; 2
142; 1
143; 2
143; 1
144; 2
145; 1
146; 2
146; 1
147; 2
147; 1
148; 2
147; 1
148; 2
148; 1
149; 2
149; 1
150; 2
152; 1
153; 2
154; 1
155; 2
155; 1
156; 2
158; 1
159; 2
158; 1
159; 2
160; 1
161; 2
161; 1
162; 2
166; 1
167; 2
169; 1
170; 2
177; 1
178; 2
178; 1
179; 2
179; 1
180; 2
183; 1
184; 2
184; 1
185; 2
185; 1
186; 2
186; 1
187; 2
191; 1
192; 2
193; 1
194; 2
195; 1
196; 2
199; 1
200; 2
199; 1
200; 2
199; 1
200; 2
200; 1
201; 2
204; 1
205; 2
210; 1
211; 2
212; 1
213; 2
212; 1
213; 2
216; 1
217; 2
220; 1
221; 2
223; 1
224; 2
223; 1
224; 2
226; 1
227; 2
229; 1
230; 2
231; 1
232; 2
233; 1
234; 2
233; 1
234; 2
252; 1
253; 2
254; 1
255; 2
255; 1
256; 2
257; 1
258; 2
257; 1
258; 2
269; 1
270; 2
270; 1
271; 2
271; 1
272; 2
273; 1
274; 2
277; 1
278; 2
279; 1
280; 2
279; 1
280; 2
281; 1
282; 2
282; 1
283; 2
285; 1
286; 2
291; 1
292; 2
295; 1
296; 2
309; 1
310; 2
312; 1
313; 2
312; 1
313; 2
314; 1
315; 2
321; 1
322; 2
329; 1
330; 2
330; 1
331; 2
333; 1
334; 2
333; 1
334; 2
333; 1
334; 2
344; 1
345; 2
347; 1
348; 2
356; 1
357; 2
364; 1
365; 2
365; 1
366; 2
380; 1
381; 2
384; 1
385; 2
386; 1
387; 2
393; 1
394; 2
395; 1
396; 2
397; 1
398; 2
398; 1
399; 2
398; 1
399; 2
399; 1
400; 2
400; 1
401; 2
409; 1
410; 2
412; 1
413; 2
413; 1
414; 2
418; 1
419; 2
419; 1
420; 2
423; 1
424; 2
423; 1
424; 2
424; 1
425; 2
425; 1
426; 2
429; 1
430; 2
429; 1
430; 2
435; 1
436; 2
436; 1
437; 2
437; 1
438; 2
439; 1
440; 2
449; 1
450; 2
449; 1
450; 2
451; 1
452; 2
452; 1
453; 2
453; 1
454; 2
460; 1
461; 2
465; 1
466; 2
466; 1
467; 2
467; 1
468; 2
468; 1
469; 2
468; 1
469; 2
468; 1
469; 2
469; 1
470; 2
470; 1
471; 2
470; 1
471; 2
471; 1
472; 2
476; 1
477; 2
479; 1
480; 2
486; 1
487; 2
487; 1
488; 2
489; 1
490; 2
496; 1
497; 2
498; 1
499; 2
502; 1
503; 2
503; 1
504; 2
504; 1
505; 2
510; 1
511; 2
511; 1
512; 2
515; 1
516; 2
519; 1
520; 2
520; 1
521; 2
524; 1
525; 2
526; 1
527; 2
526; 1
527; 2
527; 1
528; 2
530; 1
531; 2
534; 1
535; 2
534; 1
535; 2
535; 1
536; 2
539; 1
540; 2
545; 1
546; 2
545; 1
546; 2
547; 1
548; 2
548; 1
549; 2
552; 1
553; 2
552; 1
553; 2
553; 1
554; 2
561; 1
562; 2
564; 1
565; 2
565; 1
566; 2
568; 1
569; 2
568; 1
569; 2
572; 1
573; 2
573; 1
574; 2
575; 1
576; 2
582; 1
583; 2
587; 1
588; 2
589; 1
590; 2
594; 1
595; 2
595; 1
596; 2
596; 1
597; 2
597; 1
598; 2
597; 1
598; 2
607; 1
608; 2
607; 1
608; 2
608; 1
609; 2
611; 1
612; 2
617; 1
618; 2
620; 1
621; 2
621; 1
622; 2
621; 1
622; 2
625; 1
626; 2
625; 1
626; 2
628; 1
629; 2
631; 1
632; 2
633; 1
634; 2
637; 1
638; 2
643; 1
644; 2
645; 1
646; 2
646; 1
647; 2
646; 1
647; 2
648; 1
649; 2
650; 1
651; 2
650; 1
651; 2
652; 1
653; 2
654; 1
655; 2
661; 1
662; 2
662; 1
663; 2
663; 1
664; 2
666; 1
667; 2
668; 1
669; 2
668; 1
669; 2
676; 1
677; 2
677; 1
678; 2
679; 1
680; 2
681; 1
682; 2
687; 1
688; 2
689; 1
690; 2
689; 1
690; 2
689; 1
690; 2
691; 1
692; 2
691; 1
692; 2
694; 1
695; 2
697; 1
698; 2
699; 1
700; 2
701; 1
702; 2
706; 1
707; 2
723; 1
724; 2
723; 1
724; 2
725; 1
726; 2
726; 1
727; 2
730; 1
731; 2
731; 1
732; 2
731; 1
732; 2
737; 1
738; 2
739; 1
740; 2
742; 1
743; 2
743; 1
744; 2
747; 1
748; 2
747; 1
748; 2
750; 1
751; 2
755; 1
756; 2
759; 1
760; 2
759; 1
760; 2
761; 1
762; 2
766; 1
767; 2
768; 1
769; 2
770; 1
771; 2
771; 1
772; 2
771; 1
772; 2
772; 1
773; 2
772; 1
773; 2
775; 1
776; 2
779; 1
780; 2
782; 1
783; 2
784; 1
785; 2
784; 1
785; 2
784; 1
785; 2
785; 1
786; 2
785; 1
786; 2
793; 1
794; 2
793; 1
794; 2
795; 1
796; 2
798; 1
799; 2
802; 1
803; 2
808; 1
809; 2
810; 1
811; 2
810; 1
811; 2
812; 1
813; 2
813; 1
814; 2
814; 1
815; 2
815; 1
816; 2
821; 1
822; 2
821; 1
822; 2
822; 1
823; 2
825; 1
826; 2
825; 1
826; 2
825; 1
826; 2
826; 1
827; 2
827; 1
828; 2
829; 1
830; 2
833; 1
834; 2
840; 1
841; 2
842; 1
843; 2
851; 1
852; 2
854; 1
855; 2
856; 1
857; 2
857; 1
858; 2
858; 1
859; 2
862; 1
863; 2
862; 1
863; 2
862; 1
863; 2
871; 1
872; 2
873; 1
874; 2
875; 1
876; 2
877; 1
878; 2
891; 1
892; 2
891; 1
892; 2
891; 1
892; 2
896; 1
897; 2
897; 1
898; 2
901; 1
902; 2
906; 1
907; 2
906; 1
907; 2
913; 1
914; 2
916; 1
917; 2
917; 1
918; 2
918; 1
919; 2
920; 1
921; 2
924; 1
925; 2
926; 1
927; 2
927; 1
928; 2
928; 1
929; 2
929; 1
930; 2
929; 1
930; 2
931; 1
932; 2
931; 1
932; 2
934; 1
935; 2
937; 1
938; 2
940; 1
941; 2
940; 1
941; 2
943; 1
944; 2
949; 1
950; 2
949; 1
950; 2
951; 1
952; 2
951; 1
952; 2
953; 1
954; 2
955; 1
956; 2
958; 1
959; 2
959; 1
960; 2
964; 1
965; 2
965; 1
966; 2
967; 1
968; 2
970; 1
971; 2
973; 1
974; 2
975; 1
976; 2
984; 1
985; 2
984; 1
985; 2
991; 1
992; 2
994; 1
995; 2
997; 1
998; 2
999; 1
1000; 2
999; 1
1000; 2
1001; 1
1002; 2
1002; 1
1003; 2
1003; 1
1004; 2
1008; 1
1009; 2
1012; 1
1013; 2
1014; 1
1015; 2
1018; 1
1019; 2
1019; 1
1020; 2
1021; 1
1022; 2
1024; 1
1025; 2
1025; 1
1026; 2
1030; 1
1031; 2
1034; 1
1035; 2
1037; 1
1038; 2
1037; 1
1038; 2
1044; 1
1045; 2
1046; 1
1047; 2
1051; 1
1052; 2
1053; 1
1054; 2
1061; 1
1062; 2
1064; 1
1065; 2
1064; 1
1065; 2
1069; 1
1070; 2
1076; 1
1077; 2
1077; 1
1078; 2
1086; 1
1087; 2
1087; 1
1088; 2
1088; 1
1089; 2
1090; 1
1091; 2
1090; 1
1091; 2
1093; 1
1094; 2
1093; 1
1094; 2
1093; 1
1094; 2
1097; 1
1098; 2
1098; 1
1099; 2
1099; 1
1100; 2
1103; 1
1104; 2
1104; 1
1105; 2
1110; 1
1111; 2
1115; 1
1116; 2
1121; 1
1122; 2
1122; 1
1123; 2
1124; 1
1125; 2
1126; 1
1127; 2
1132; 1
1133; 2
1135; 1
1136; 2
1146; 1
1147; 2
1146; 1
1147; 2
1147; 1
1148; 2
1154; 1
1155; 2
1156; 1
1157; 2
1158; 1
1159; 2
1159; 1
1160; 2
1160; 1
1161; 2
1160; 1
1161; 2
1162; 1
1163; 2
1166; 1
1167; 2
1166; 1
1167; 2
1169; 1
1170; 2
1171; 1
1172; 2
1173; 1
1174; 2
1173; 1
1174; 2
1174; 1
1175; 2
1174; 1
1175; 2
1176; 1
1177; 2
1178; 1
1179; 2
1183; 1
1184; 2
1183; 1
1184; 2
1188; 1
1189; 2
1190; 1
1191; 2
1191; 1
1192; 2
1192; 1
1193; 2
1197; 1
1198; 2
1197; 1
1198; 2
1200; 1
1201; 2
1201; 1
1202; 2
1204; 1
1205; 2
1205; 1
1206; 2
1207; 1
1208; 2
1207; 1
1208; 2
1208; 1
1209; 2
1209; 1
1210; 2
1220; 1
1221; 2
1224; 1
1225; 2
1231; 1
1232; 2
1233; 1
1234; 2
1235; 1
1236; 2
1240; 1
1241; 2
1244; 1
1245; 2
1245; 1
1246; 2
1245; 1
1246; 2
1245; 1
1246; 2
1247; 1
1248; 2
1248; 1
1249; 2
1248; 1
1249; 2
1252; 1
1253; 2
1253; 1
1254; 2
1255; 1
1256; 2
1258; 1
1259; 2
1258; 1
1259; 2
1259; 1
1260; 2
1259; 1
1260; 2
1260; 1
1261; 2
1260; 1
1261; 2
1262; 1
1263; 2
1263; 1
1264; 2
1263; 1
1264; 2
1267; 1
1268; 2
1269; 1
1270; 2
1272; 1
1273; 2
1273; 1
1274; 2
1276; 1
1277; 2
1277; 1
1278; 2
1282; 1
1283; 2
1287; 1
1288; 2
1287; 1
1288; 2
1290; 1
1291; 2
1292; 1
1293; 2
1296; 1
1297; 2
1297; 1
1298; 2
1299; 1
1300; 2
1300; 1
1301; 2
1303; 1
1304; 2
1305; 1
1306; 2
1307; 1
1308; 2
1312; 1
1313; 2
1312; 1
1313; 2
1316; 1
1317; 2
1319; 1
1320; 2
1320; 1
1321; 2
1321; 1
1322; 2
1322; 1
1323; 2
1323; 1
1324; 2
1325; 1
1326; 2
1326; 1
1327; 2
1327; 1
1328; 2
1328; 1
1329; 2
1329; 1
1330; 2
1330; 1
1331; 2
1330; 1
1331; 2
1331; 1
1332; 2
1332; 1
1333; 2
1335; 1
1336; 2
1340; 1
1341; 2
1344; 1
1345; 2
1345; 1
1346; 2
1345; 1
1346; 2
1346; 1
1347; 2
1346; 1
1347; 2
1346; 1
1347; 2
1348; 1
1349; 2
1348; 1
1349; 2
1349; 1
1350; 2
1355; 1
1356; 2
1356; 1
1357; 2
1358; 1
1359; 2
1358; 1
1359; 2
1359; 1
1360; 2
1359; 1
1360; 2
1361; 1
1362; 2
1362; 1
1363; 2
1363; 1
1364; 2
1364; 1
1365; 2
1366; 1
1367; 2
1369; 1
1370; 2
1369; 1
1370; 2
1372; 1
1373; 2
1377; 1
1378; 2
1378; 1
1379; 2
1378; 1
1379; 2
1382; 1
1383; 2
1384; 1
1385; 2
1386; 1
1387; 2
1388; 1
1389; 2
1393; 1
1394; 2
1393; 1
1394; 2
1395; 1
1396; 2
1396; 1
1397; 2
1398; 1
1399; 2
1399; 1
1400; 2
1401; 1
1402; 2
1403; 1
1404; 2
1406; 1
1407; 2
1409; 1
1410; 2
1416; 1
1417; 2
1419; 1
1420; 2
1429; 1
1430; 2
1431; 1
1432; 2
1436; 1
1437; 2
1439; 1
1440; 2
1441; 1
1442; 2
1442; 1
1443; 2
1444; 1
1445; 2
1444; 1
1445; 2
1445; 1
1446; 2
1449; 1
1450; 2
1450; 1
1451; 2
1456; 1
1457; 2
1457; 1
1458; 2
1457; 1
1458; 2
1458; 1
1459; 2
1459; 1
1460; 2
1460; 1
1461; 2
1465; 1
1466; 2
1473; 1
1474; 2
1477; 1
1478; 2
1478; 1
1479; 2
1478; 1
1479; 2
1481; 1
1482; 2
1481; 1
1482; 2
1483; 1
1484; 2
1484; 1
1485; 2
1487; 1
1488; 2
1491; 1
1492; 2
1492; 1
1493; 2
1492; 1
1493; 2
1494; 1
1495; 2
1495; 1
1496; 2
1499; 1
1500; 2
1500; 1
1501; 2
1500; 1
1501; 2
1502; 1
1503; 2
1506; 1
1507; 2
1509; 1
1510; 2
1514; 1
1515; 2
1514; 1
1515; 2
1515; 1
1516; 2
1517; 1
1518; 2
1521; 1
1522; 2
1528; 1
1529; 2
1529; 1
1530; 2
1531; 1
1532; 2
1531; 1
1532; 2
1534; 1
1535; 2
1554; 1
1555; 2
1558; 1
1559; 2
1559; 1
1560; 2
1561; 1
1562; 2
1561; 1
1562; 2
1562; 1
1563; 2
1573; 1
1574; 2
1574; 1
1575; 2
1575; 1
1576; 2
1579; 1
1580; 2
1583; 1
1584; 2
1584; 1
1585; 2
1587; 1
1588; 2
1587; 1
1588; 2
1587; 1
1588; 2
1588; 1
1589; 2
1590; 1
1591; 2
1593; 1
1594; 2
1594; 1
1595; 2
1596; 1
1597; 2
1596; 1
1597; 2
1598; 1
1599; 2
1598; 1
1599; 2
1599; 1
1600; 2
1602; 1
1603; 2
1607; 1
1608; 2
1607; 1
1608; 2
1612; 1
1613; 2
1613; 1
1614; 2
1618; 1
1619; 2
1620; 1
1621; 2
1620; 1
1621; 2
1621; 1
1622; 2
1622; 1
1623; 2
1624; 1
1625; 2
1624; 1
1625; 2
1630; 1
1631; 2
1636; 1
1637; 2
1637; 1
1638; 2
1638; 1
1639; 2
1639; 1
1640; 2
1642; 1
1643; 2
1642; 1
1643; 2
1644; 1
1645; 2
1644; 1
1645; 2
1652; 1
1653; 2
1653; 1
1654; 2
1653; 1
1654; 2
1655; 1
1656; 2
1655; 1
1656; 2
1656; 1
1657; 2
1658; 1
1659; 2
1658; 1
1659; 2
1659; 1
1660; 2
1659; 1
1660; 2
1662; 1
1663; 2
1664; 1
1665; 2
1665; 1
1666; 2
1665; 1
1666; 2
1667; 1
1668; 2
1668; 1
1669; 2
1669; 1
1670; 2
1670; 1
1671; 2
1671; 1
1672; 2
1676; 1
1677; 2
1681; 1
1682; 2
1686; 1
1687; 2
1690; 1
1691; 2
1696; 1
1697; 2
1700; 1
1701; 2
1700; 1
1701; 2
1702; 1
1703; 2
1702; 1
1703; 2
1705; 1
1706; 2
1709; 1
1710; 2
1716; 1
1717; 2
1717; 1
1718; 2
1717; 1
1718; 2
1718; 1
1719; 2
1719; 1
1720; 2
1721; 1
1722; 2
1721; 1
1722; 2
1722; 1
1723; 2
1724; 1
1725; 2
1725; 1
1726; 2
1726; 1
1727; 2
1729; 1
1730; 2
1732; 1
1733; 2
1732; 1
1733; 2
1733; 1
1734; 2
1734; 1
1735; 2
1735; 1
1736; 2
1743; 1
1744; 2
1746; 1
1747; 2
1747; 1
1748; 2
1747; 1
1748; 2
1765; 1
1766; 2
1769; 1
1770; 2
1772; 1
1773; 2
1773; 1
1774; 2
1774; 1
1775; 2
1775; 1
1776; 2
1780; 1
1781; 2
1781; 1
1782; 2
1781; 1
1782; 2
1784; 1
1785; 2
1785; 1
1786; 2
1789; 1
1790; 2
1792; 1
1793; 2
1797; 1
1798; 2
1799; 1
1800; 2
1799; 1
1800; 2
1800; 1
1801; 2
1801; 1
1802; 2
1807; 1
1808; 2
1811; 1
1812; 2
1821; 1
1822; 2
1824; 1
1825; 2
1825; 1
1826; 2
1834; 1
1835; 2
1840; 1
1841; 2
1842; 1
1843; 2
1846; 1
1847; 2
1846; 1
1847; 2
1848; 1
1849; 2
1849; 1
1850; 2
1851; 1
1852; 2
1852; 1
1853; 2
1854; 1
1855; 2
1855; 1
1856; 2
1859; 1
1860; 2
1862; 1
1863; 2
1863; 1
1864; 2
1869; 1
1870; 2
1872; 1
1873; 2
1874; 1
1875; 2
1877; 1
1878; 2
1877; 1
1878; 2
1880; 1
1881; 2
1881; 1
1882; 2
1882; 1
1883; 2
1884; 1
1885; 2
1885; 1
1886; 2
1891; 1
1892; 2
1892; 1
1893; 2
1895; 1
1896; 2
1896; 1
1897; 2
1896; 1
1897; 2
1898; 1
1899; 2
1900; 1
1901; 2
1902; 1
1903; 2
1905; 1
1906; 2
1906; 1
1907; 2
1910; 1
1911; 2
1913; 1
1914; 2
1914; 1
1915; 2
1914; 1
1915; 2
1915; 1
1916; 2
1915; 1
1916; 2
1918; 1
1919; 2
1918; 1
1919; 2
1919; 1
1920; 2
1920; 1
1921; 2
1924; 1
1925; 2
1926; 1
1927; 2
1930; 1
1931; 2
1942; 1
1943; 2
1943; 1
1944; 2
1949; 1
1950; 2
1949; 1
1950; 2
1954; 1
1955; 2
1959; 1
1960; 2
1967; 1
1968; 2
1969; 1
1970; 2
1970; 1
1971; 2
1970; 1
1971; 2
1972; 1
1973; 2
1983; 1
1984; 2
1983; 1
1984; 2
1991; 1
1992; 2
1993; 1
1994; 2
1993; 1
1994; 2
1997; 1
1998; 2
1997; 1
1998; 2
1998; 1
1999; 2
1999; 1
2000; 2
1999; 1
2000; 2
2006; 1
2007; 2
2006; 1
2007; 2
2006; 1
2007; 2
2016; 1
2017; 2
2018; 1
2019; 2
2019; 1
2020; 2
2019; 1
2020; 2
2019; 1
2020; 2
2024; 1
2025; 2
2028; 1
2029; 2
2031; 1
2032; 2
2032; 1
2033; 2
2035; 1
2036; 2
2037; 1
2038; 2
2038; 1
2039; 2
2040; 1
2041; 2
2040; 1
2041; 2
2041; 1
2042; 2
2043; 1
2044; 2
2047; 1
2048; 2
2048; 1
2049; 2
2051; 1
2052; 2
2055; 1
2056; 2
2056; 1
2057; 2
2057; 1
2058; 2
2057; 1
2058; 2
2059; 1
2060; 2
2060; 1
2061; 2
2063; 1
2064; 2
2065; 1
2066; 2
2066; 1
2067; 2
2067; 1
2068; 2
2069; 1
2070; 2
2070; 1
2071; 2
2071; 1
2072; 2
2079; 1
2080; 2
2082; 1
2083; 2
2083; 1
2084; 2
2086; 1
2087; 2
2087; 1
2088; 2
2087; 1
2088; 2
2092; 1
2093; 2
2101; 1
2102; 2
2106; 1
2107; 2
2116; 1
2117; 2
2117; 1
2118; 2
2121; 1
2122; 2
2121; 1
2122; 2
2125; 1
2126; 2
2126; 1
2127; 2
2130; 1
2131; 2
2130; 1
2131; 2
2131; 1
2132; 2
2134; 1
2135; 2
2134; 1
2135; 2
2135; 1
2136; 2
2146; 1
2147; 2
2150; 1
2151; 2
2151; 1
2152; 2
2151; 1
2152; 2
2151; 1
2152; 2
2152; 1
2153; 2
2156; 1
2157; 2
2160; 1
2161; 2
2160; 1
2161; 2
2162; 1
2163; 2
2162; 1
2163; 2
2163; 1
2164; 2
2164; 1
2165; 2
2174; 1
2175; 2
2179; 1
2180; 2
2179; 1
2180; 2
2182; 1
2183; 2
2182; 1
2183; 2
2182; 1
2183; 2
2185; 1
2186; 2
2186; 1
2187; 2
2189; 1
2190; 2
2195; 1
2196; 2
2197; 1
2198; 2
2197; 1
2198; 2
2197; 1
2198; 2
2199; 1
2200; 2
2200; 1
2201; 2
2200; 1
2201; 2
2209; 1
2210; 2
2210; 1
2211; 2
2213; 1
2214; 2
2215; 1
2216; 2
2217; 1
2218; 2
2222; 1
2223; 2
2224; 1
2225; 2
2225; 1
2226; 2
2228; 1
2229; 2
2229; 1
2230; 2
2230; 1
2231; 2
2241; 1
2242; 2
2246; 1
2247; 2
2247; 1
2248; 2
2249; 1
2250; 2
2250; 1
2251; 2
2254; 1
2255; 2
2256; 1
2257; 2
2257; 1
2258; 2
2258; 1
2259; 2
2260; 1
2261; 2
2262; 1
2263; 2
2263; 1
2264; 2
2263; 1
2264; 2
2267; 1
2268; 2
2269; 1
2270; 2
2270; 1
2271; 2
2270; 1
2271; 2
2270; 1
2271; 2
2271; 1
2272; 2
2271; 1
2272; 2
2273; 1
2274; 2
2274; 1
2275; 2
2274; 1
2275; 2
2276; 1
2277; 2
2277; 1
2278; 2
2278; 1
2279; 2
2278; 1
2279; 2
2279; 1
2280; 2
2280; 1
2281; 2
2285; 1
2286; 2
2287; 1
2288; 2
2288; 1
2289; 2
2290; 1
2291; 2
2300; 1
2301; 2
2301; 1
2302; 2
2302; 1
2303; 2
2303; 1
2304; 2
2307; 1
2308; 2
2308; 1
2309; 2
2308; 1
2309; 2
2310; 1
2311; 2
2312; 1
2313; 2
2315; 1
2316; 2
2317; 1
2318; 2
2320; 1
2321; 2
2320; 1
2321; 2
2322; 1
2323; 2
2327; 1
2328; 2
2332; 1
2333; 2
2333; 1
2334; 2
2335; 1
2336; 2
2342; 1
2343; 2
2344; 1
2345; 2
2346; 1
2347; 2
2349; 1
2350; 2
2359; 1
2360; 2
2361; 1
2362; 2
2363; 1
2364; 2
2363; 1
2364; 2
2365; 1
2366; 2
2370; 1
2371; 2
2373; 1
2374; 2
2381; 1
2382; 2
2382; 1
2383; 2
2383; 1
2384; 2
2386; 1
2387; 2
2387; 1
2388; 2
2390; 1
2391; 2
2392; 1
2393; 2
2394; 1
2395; 2
2395; 1
2396; 2
2402; 1
2403; 2
2408; 1
2409; 2
2410; 1
2411; 2
2411; 1
2412; 2
2415; 1
2416; 2
2415; 1
2416; 2
2419; 1
2420; 2
2422; 1
2423; 2
2428; 1
2429; 2
2430; 1
2431; 2
2431; 1
2432; 2
2432; 1
2433; 2
2434; 1
2435; 2
2437; 1
2438; 2
2438; 1
2439; 2
2442; 1
2443; 2
2442; 1
2443; 2
2447; 1
2448; 2
2452; 1
2453; 2
2454; 1
2455; 2
2454; 1
2455; 2
2458; 1
2459; 2
2461; 1
2462; 2
2463; 1
2464; 2
2467; 1
2468; 2
2474; 1
2475; 2
2475; 1
2476; 2
2475; 1
2476; 2
2475; 1
2476; 2
2477; 1
2478; 2
2478; 1
2479; 2
2478; 1
2479; 2
2479; 1
2480; 2
2480; 1
2481; 2
2486; 1
2487; 2
2486; 1
2487; 2
2489; 1
2490; 2
2489; 1
2490; 2
2491; 1
2492; 2
2496; 1
2497; 2
2499; 1
2500; 2
2499; 1
2500; 2
2503; 1
2504; 2
2507; 1
2508; 2
2509; 1
2510; 2
2511; 1
2512; 2
2511; 1
2512; 2
2514; 1
2515; 2
2514; 1
2515; 2
2516; 1
2517; 2
2519; 1
2520; 2
2520; 1
2521; 2
2521; 1
2522; 2
2523; 1
2524; 2
2524; 1
2525; 2
2533; 1
2534; 2
2536; 1
2537; 2
2536; 1
2537; 2
2538; 1
2539; 2
2542; 1
2543; 2
2544; 1
2545; 2
2546; 1
2547; 2
2551; 1
2552; 2
2552; 1
2553; 2
2555; 1
2556; 2
2556; 1
2557; 2
2563; 1
2564; 2
2568; 1
2569; 2
2571; 1
2572; 2
2572; 1
2573; 2
2573; 1
2574; 2
2574; 1
2575; 2
2575; 1
2576; 2
2575; 1
2576; 2
2579; 1
2580; 2
2581; 1
2582; 2
2581; 1
2582; 2
2583; 1
2584; 2
2584; 1
2585; 2
2589; 1
2590; 2
2598; 1
2599; 2
2601; 1
2602; 2
2602; 1
2603; 2
2611; 1
2612; 2
2613; 1
2614; 2
2615; 1
2616; 2
2615; 1
2616; 2
2616; 1
2617; 2
2619; 1
2620; 2
2620; 1
2621; 2
2625; 1
2626; 2
2627; 1
2628; 2
2627; 1
2628; 2
2634; 1
2635; 2
2635; 1
2636; 2
2643; 1
2644; 2
2644; 1
2645; 2
2644; 1
2645; 2
2647; 1
2648; 2
2653; 1
2654; 2
2654; 1
2655; 2
2670; 1
2671; 2
2671; 1
2672; 2
2672; 1
2673; 2
2678; 1
2679; 2
2679; 1
2680; 2
2679; 1
2680; 2
2686; 1
2687; 2
2687; 1
2688; 2
2692; 1
2693; 2
2695; 1
2696; 2
2706; 1
2707; 2
2711; 1
2712; 2
2712; 1
2713; 2
2713; 1
2714; 2
2716; 1
2717; 2
2721; 1
2722; 2
2723; 1
2724; 2
2724; 1
2725; 2
2724; 1
2725; 2
2726; 1
2727; 2
2729; 1
2730; 2
2731; 1
2732; 2
2732; 1
2733; 2
2734; 1
2735; 2
2734; 1
2735; 2
2745; 1
2746; 2
2749; 1
2750; 2
2749; 1
2750; 2
2750; 1
2751; 2
2750; 1
2751; 2
2755; 1
2756; 2
2758; 1
2759; 2
2762; 1
2763; 2
2764; 1
2765; 2
2769; 1
2770; 2
2773; 1
2774; 2
2777; 1
2778; 2
2781; 1
2782; 2
2781; 1
2782; 2
2786; 1
2787; 2
2787; 1
2788; 2
2796; 1
2797; 2
2796; 1
2797; 2
2798; 1
2799; 2
2799; 1
2800; 2
2800; 1
2801; 2
2801; 1
2802; 2
2804; 1
2805; 2
2806; 1
2807; 2
2807; 1
2808; 2
2809; 1
2810; 2
2810; 1
2811; 2
2814; 1
2815; 2
2818; 1
2819; 2
2821; 1
2822; 2
2821; 1
2822; 2
2822; 1
2823; 2
2822; 1
2823; 2
2823; 1
2824; 2
2826; 1
2827; 2
2826; 1
2827; 2
2828; 1
2829; 2
2832; 1
2833; 2
2836; 1
2837; 2
2840; 1
2841; 2
2840; 1
2841; 2
2841; 1
2842; 2
2841; 1
2842; 2
2843; 1
2844; 2
2844; 1
2845; 2
2845; 1
2846; 2
2848; 1
2849; 2
2851; 1
2852; 2
2853; 1
2854; 2
2854; 1
2855; 2
2855; 1
2856; 2
2856; 1
2857; 2
2860; 1
2861; 2
2862; 1
2863; 2
2863; 1
2864; 2
2863; 1
2864; 2
2863; 1
2864; 2
2865; 1
2866; 2
2866; 1
2867; 2
2869; 1
2870; 2
2874; 1
2875; 2
2875; 1
2876; 2
2877; 1
2878; 2
2881; 1
2882; 2
2887; 1
2888; 2
2887; 1
2888; 2
2891; 1
2892; 2
2898; 1
2899; 2
2901; 1
2902; 2
2904; 1
2905; 2
2904; 1
2905; 2
2905; 1
2906; 2
2906; 1
2907; 2
2906; 1
2907; 2
2908; 1
2909; 2
2910; 1
2911; 2
2910; 1
2911; 2
2912; 1
2913; 2
2913; 1
2914; 2
2915; 1
2916; 2
2917; 1
2918; 2
2918; 1
2919; 2
2919; 1
2920; 2
2929; 1
2930; 2
2929; 1
2930; 2
2933; 1
2934; 2
2933; 1
2934; 2
2947; 1
2948; 2
2950; 1
2951; 2
2951; 1
2952; 2
2953; 1
2954; 2
2953; 1
2954; 2
2963; 1
2964; 2
2963; 1
2964; 2
2966; 1
2967; 2
2970; 1
2971; 2
2981; 1
2982; 2
2984; 1
2985; 2
2990; 1
2991; 2
2991; 1
2992; 2
2997; 1
2998; 2
3002; 1
3003; 2
3002; 1
3003; 2
3006; 1
3007; 2
3008; 1
3009; 2
3013; 1
3014; 2
3017; 1
3018; 2
3019; 1
3020; 2
3020; 1
3021; 2
3021; 1
3022; 2
3022; 1
3023; 2
3028; 1
3029; 2
3032; 1
3033; 2
3040; 1
3041; 2
3046; 1
3047; 2
3047; 1
3048; 2
3049; 1
3050; 2
3049; 1
3050; 2
3050; 1
3051; 2
3050; 1
3051; 2
3051; 1
3052; 2
3056; 1
3057; 2
3059; 1
3060; 2
3062; 1
3063; 2
3066; 1
3067; 2
3071; 1
3072; 2
3075; 1
3076; 2
3078; 1
3079; 2
3079; 1
3080; 2
3079; 1
3080; 2
3080; 1
3081; 2
3081; 1
3082; 2
3081; 1
3082; 2
3083; 1
3084; 2
3085; 1
3086; 2
3087; 1
3088; 2
3090; 1
3091; 2
3095; 1
3096; 2
3095; 1
3096; 2
3096; 1
3097; 2
3097; 1
3098; 2
3108; 1
3109; 2
3108; 1
3109; 2
3110; 1
3111; 2
3113; 1
3114; 2
3115; 1
3116; 2
3116; 1
3117; 2
3117; 1
3118; 2
3118; 1
3119; 2
3119; 1
3120; 2
3120; 1
3121; 2
3121; 1
3122; 2
3122; 1
3123; 2
3125; 1
3126; 2
3127; 1
3128; 2
3130; 1
3131; 2
3131; 1
3132; 2
3132; 1
3133; 2
3133; 1
3134; 2
3139; 1
3140; 2
3139; 1
3140; 2
3142; 1
3143; 2
3143; 1
3144; 2
3143; 1
3144; 2
3147; 1
3148; 2
3148; 1
3149; 2
3149; 1
3150; 2
3149; 1
3150; 2
3149; 1
3150; 2
3149; 1
3150; 2
3150; 1
3151; 2
3150; 1
3151; 2
3151; 1
3152; 2
3158; 1
3159; 2
3163; 1
3164; 2
3165; 1
3166; 2
3165; 1
3166; 2
3166; 1
3167; 2
3168; 1
3169; 2
3169; 1
3170; 2
3172; 1
3173; 2
3173; 1
3174; 2
3178; 1
3179; 2
3179; 1
3180; 2
3180; 1
3181; 2
3181; 1
3182; 2
3182; 1
3183; 2
3183; 1
3184; 2
3186; 1
3187; 2
3186; 1
3187; 2
3187; 1
3188; 2
3188; 1
3189; 2
3192; 1
3193; 2
3198; 1
3199; 2
3205; 1
3206; 2
3205; 1
3206; 2
3209; 1
3210; 2
3210; 1
3211; 2
3217; 1
3218; 2
3220; 1
3221; 2
3225; 1
3226; 2
3227; 1
3228; 2
3231; 1
3232; 2
3232; 1
3233; 2
3233; 1
3234; 2
3234; 1
3235; 2
3235; 1
3236; 2
3235; 1
3236; 2
3237; 1
3238; 2
3239; 1
3240; 2
3239; 1
3240; 2
3241; 1
3242; 2
3242; 1
3243; 2
3243; 1
3244; 2
3244; 1
3245; 2
3244; 1
3245; 2
3248; 1
3249; 2
3249; 1
3250; 2
3252; 1
3253; 2
3253; 1
3254; 2
3253; 1
3254; 2
3256; 1
3257; 2
3258; 1
3259; 2
3267; 1
3268; 2
3272; 1
3273; 2
3273; 1
3274; 2
3275; 1
3276; 2
3278; 1
3279; 2
3281; 1
3282; 2
3281; 1
3282; 2
3283; 1
3284; 2
3283; 1
3284; 2
3285; 1
3286; 2
3286; 1
3287; 2
3289; 1
3290; 2
3292; 1
3293; 2
3294; 1
3295; 2
3298; 1
3299; 2
3300; 1
3301; 2
3302; 1
3303; 2
3302; 1
3303; 2
3303; 1
3304; 2
3304; 1
3305; 2
3305; 1
3306; 2
3308; 1
3309; 2
3317; 1
3318; 2
3320; 1
3321; 2
3322; 1
3323; 2
3322; 1
3323; 2
3325; 1
3326; 2
3328; 1
3329; 2
3328; 1
3329; 2
3329; 1
3330; 2
3331; 1
3332; 2
3331; 1
3332; 2
3333; 1
3334; 2
3335; 1
3336; 2
3337; 1
3338; 2
3338; 1
3339; 2
3340; 1
3341; 2
3340; 1
3341; 2
3351; 1
3352; 2
3352; 1
3353; 2
3353; 1
3354; 2
3355; 1
3356; 2
3355; 1
3356; 2
3362; 1
3363; 2
3363; 1
3364; 2
3365; 1
3366; 2
3367; 1
3368; 2
3367; 1
3368; 2
3369; 1
3370; 2
3370; 1
3371; 2
3371; 1
3372; 2
3373; 1
3374; 2
3374; 1
3375; 2
3376; 1
3377; 2
3378; 1
3379; 2
3384; 1
3385; 2
3392; 1
3393; 2
3393; 1
3394; 2
3397; 1
3398; 2
3397; 1
3398; 2
3402; 1
3403; 2
3407; 1
3408; 2
3407; 1
3408; 2
3410; 1
3411; 2
3411; 1
3412; 2
3417; 1
3418; 2
3424; 1
3425; 2
3425; 1
3426; 2
3425; 1
3426; 2
3426; 1
3427; 2
3428; 1
3429; 2
3430; 1
3431; 2
3432; 1
3433; 2
3437; 1
3438; 2
3437; 1
3438; 2
3440; 1
3441; 2
3442; 1
3443; 2
3443; 1
3444; 2
3443; 1
3444; 2
3446; 1
3447; 2
3446; 1
3447; 2
3455; 1
3456; 2
3464; 1
3465; 2
3464; 1
3465; 2
3469; 1
3470; 2
3472; 1
3473; 2
3474; 1
3475; 2
3477; 1
3478; 2
3480; 1
3481; 2
3482; 1
3483; 2
3483; 1
3484; 2
3484; 1
3485; 2
3485; 1
3486; 2
3486; 1
3487; 2
3486; 1
3487; 2
3487; 1
3488; 2
3487; 1
3488; 2
3493; 1
3494; 2
3493; 1
3494; 2
3499; 1
3500; 2
3503; 1
3504; 2
3503; 1
3504; 2
3505; 1
3506; 2
3506; 1
3507; 2
3506; 1
3507; 2
3509; 1
3510; 2
3513; 1
3514; 2
3514; 1
3515; 2
3516; 1
3517; 2
3518; 1
3519; 2
3519; 1
3520; 2
3522; 1
3523; 2
3522; 1
3523; 2
3525; 1
3526; 2
3532; 1
3533; 2
3534; 1
3535; 2
3534; 1
3535; 2
3536; 1
3537; 2
3538; 1
3539; 2
3540; 1
3541; 2
3542; 1
3543; 2
3543; 1
3544; 2
3547; 1
3548; 2
3551; 1
3552; 2
3555; 1
3556; 2
3557; 1
3558; 2
3557; 1
3558; 2
3567; 1
3568; 2
3567; 1
3568; 2
3568; 1
3569; 2
3579; 1
3580; 2
3581; 1
3582; 2
3581; 1
3582; 2
3583; 1
3584; 2
3585; 1
3586; 2
3586; 1
3587; 2
3588; 1
3589; 2
3589; 1
3590; 2
3596; 1
3597; 2
3597; 1
3598; 2
3598; 1
3599; 2
3601; 1
3602; 2
3604; 1
3605; 2
3607; 1
3608; 2
3607; 1
3608; 2
3610; 1
3611; 2
3614; 1
3615; 2
3614; 1
3615; 2
3615; 1
3616; 2
3620; 1
3621; 2
3621; 1
3622; 2
3621; 1
3622; 2
3624; 1
3625; 2
3626; 1
3627; 2
3627; 1
3628; 2
3628; 1
3629; 2
3629; 1
3630; 2
3632; 1
3633; 2
3634; 1
3635; 2
3644; 1
3645; 2
3648; 1
3649; 2
3655; 1
3656; 2
3657; 1
3658; 2
3662; 1
3663; 2
3663; 1
3664; 2
3666; 1
3667; 2
3669; 1
3670; 2
3671; 1
3672; 2
3683; 1
3684; 2
3684; 1
3685; 2
3688; 1
3689; 2
3688; 1
3689; 2
3689; 1
3690; 2
3689; 1
3690; 2
3690; 1
3691; 2
3693; 1
3694; 2
3700; 1
3701; 2
3703; 1
3704; 2
3713; 1
3714; 2
3722; 1
3723; 2
3722; 1
3723; 2
3723; 1
3724; 2
3732; 1
3733; 2
3732; 1
3733; 2
3734; 1
3735; 2
3735; 1
3736; 2
3736; 1
3737; 2
3737; 1
3738; 2
3737; 1
3738; 2
3739; 1
3740; 2
3741; 1
3742; 2
3745; 1
3746; 2
3748; 1
3749; 2
3751; 1
3752; 2
3758; 1
3759; 2
3763; 1
3764; 2
3763; 1
3764; 2
3766; 1
3767; 2
3770; 1
3771; 2
3771; 1
3772; 2
3773; 1
3774; 2
3790; 1
3791; 2
3793; 1
3794; 2
3794; 1
3795; 2
3797; 1
3798; 2
3798; 1
3799; 2
3799; 1
3800; 2
3799; 1
3800; 2
3807; 1
3808; 2
3815; 1
3816; 2
3815; 1
3816; 2
3818; 1
3819; 2
3821; 1
3822; 2
3821; 1
3822; 2
3824; 1
3825; 2
3826; 1
3827; 2
3828; 1
3829; 2
3829; 1
3830; 2
3830; 1
3831; 2
3834; 1
3835; 2
3838; 1
3839; 2
3841; 1
3842; 2
3843; 1
3844; 2
3845; 1
3846; 2
3847; 1
3848; 2
3849; 1
3850; 2
3851; 1
3852; 2
3853; 1
3854; 2
3857; 1
3858; 2
3860; 1
3861; 2
3860; 1
3861; 2
3861; 1
3862; 2
3864; 1
3865; 2
3868; 1
3869; 2
3869; 1
3870; 2
3870; 1
3871; 2
3870; 1
3871; 2
3872; 1
3873; 2
3876; 1
3877; 2
3879; 1
3880; 2
3883; 1
3884; 2
3884; 1
3885; 2
3885; 1
3886; 2
3888; 1
3889; 2
3891; 1
3892; 2
3893; 1
3894; 2
3894; 1
3895; 2
3894; 1
3895; 2
3897; 1
3898; 2
3899; 1
3900; 2
3900; 1
3901; 2
3900; 1
3901; 2
3900; 1
3901; 2
3905; 1
3906; 2
3913; 1
3914; 2
3913; 1
3914; 2
3914; 1
3915; 2
3919; 1
3920; 2
3920; 1
3921; 2
3922; 1
3923; 2
3922; 1
3923; 2
3923; 1
3924; 2
3927; 1
3928; 2
3928; 1
3929; 2
3932; 1
3933; 2
3933; 1
3934; 2
3934; 1
3935; 2
3936; 1
3937; 2
3940; 1
3941; 2
3942; 1
3943; 2
3945; 1
3946; 2
3947; 1
3948; 2
3954; 1
3955; 2
3956; 1
3957; 2
3961; 1
3962; 2
3962; 1
3963; 2
3964; 1
3965; 2
3965; 1
3966; 2
3968; 1
3969; 2
3974; 1
3975; 2
3982; 1
3983; 2
3985; 1
3986; 2
3989; 1
3990; 2
3993; 1
3994; 2
3999; 1
4000; 2
4000; 1
4001; 2
4000; 1
4001; 2
4002; 1
4003; 2
4003; 1
4004; 2
4004; 1
4005; 2
4005; 1
4006; 2
4006; 1
4007; 2
4009; 1
4010; 2
4024; 1
4025; 2
4027; 1
4028; 2
4029; 1
4030; 2
4029; 1
4030; 2
4030; 1
4031; 2
4030; 1
4031; 2
4039; 1
4040; 2
4039; 1
4040; 2
4040; 1
4041; 2
4042; 1
4043; 2
4046; 1
4047; 2
4047; 1
4048; 2
4049; 1
4050; 2
4050; 1
4051; 2
4055; 1
4056; 2
4065; 1
4066; 2
4066; 1
4067; 2
4070; 1
4071; 2
4071; 1
4072; 2
4075; 1
4076; 2
4075; 1
4076; 2
4075; 1
4076; 2
4076; 1
4077; 2
4078; 1
4079; 2
4082; 1
4083; 2
4083; 1
4084; 2
4085; 1
4086; 2
4086; 1
4087; 2
4091; 1
4092; 2
4097; 1
4098; 2
4098; 1
4099; 2
4105; 1
4106; 2
4105; 1
4106; 2
4109; 1
4110; 2
4113; 1
4114; 2
4114; 1
4115; 2
4115; 1
4116; 2
4116; 1
4117; 2
4116; 1
4117; 2
4119; 1
4120; 2
4124; 1
4125; 2
4129; 1
4130; 2
4134; 1
4135; 2
4143; 1
4144; 2
4145; 1
4146; 2
4152; 1
4153; 2
4157; 1
4158; 2
4161; 1
4162; 2
4163; 1
4164; 2
4168; 1
4169; 2
4168; 1
4169; 2
4169; 1
4170; 2
4169; 1
4170; 2
4172; 1
4173; 2
4175; 1
4176; 2
4178; 1
4179; 2
4178; 1
4179; 2
4179; 1
4180; 2
4183; 1
4184; 2
4187; 1
4188; 2
4187; 1
4188; 2
4190; 1
4191; 2
4191; 1
4192; 2
4199; 1
4200; 2
4202; 1
4203; 2
4204; 1
4205; 2
4206; 1
4207; 2
4207; 1
4208; 2
4209; 1
4210; 2
4214; 1
4215; 2
4217; 1
4218; 2
4218; 1
4219; 2
4221; 1
4222; 2
4228; 1
4229; 2
4229; 1
4230; 2
4231; 1
4232; 2
4234; 1
4235; 2
4234; 1
4235; 2
4240; 1
4241; 2
4241; 1
4242; 2
4242; 1
4243; 2
4243; 1
4244; 2
4244; 1
4245; 2
4244; 1
4245; 2
4245; 1
4246; 2
4248; 1
4249; 2
4250; 1
4251; 2
4252; 1
4253; 2
4253; 1
4254; 2
4255; 1
4256; 2
4256; 1
4257; 2
4256; 1
4257; 2
4259; 1
4260; 2
4263; 1
4264; 2
4267; 1
4268; 2
4274; 1
4275; 2
4278; 1
4279; 2
4278; 1
4279; 2
4278; 1
4279; 2
4280; 1
4281; 2
4280; 1
4281; 2
4282; 1
4283; 2
4283; 1
4284; 2
4284; 1
4285; 2
4287; 1
4288; 2
4291; 1
4292; 2
4293; 1
4294; 2
4293; 1
4294; 2
4296; 1
4297; 2
4301; 1
4302; 2
4301; 1
4302; 2
4303; 1
4304; 2
4307; 1
4308; 2
4307; 1
4308; 2
4308; 1
4309; 2
4309; 1
4310; 2
4309; 1
4310; 2
4311; 1
4312; 2
4317; 1
4318; 2
4318; 1
4319; 2
4318; 1
4319; 2
4321; 1
4322; 2
4328; 1
4329; 2
4332; 1
4333; 2
4332; 1
4333; 2
4334; 1
4335; 2
4335; 1
4336; 2
4337; 1
4338; 2
4342; 1
4343; 2
4343; 1
4344; 2
4345; 1
4346; 2
4348; 1
4349; 2
4353; 1
4354; 2
4355; 1
4356; 2
4357; 1
4358; 2
4360; 1
4361; 2
4362; 1
4363; 2
4365; 1
4366; 2
4370; 1
4371; 2
4381; 1
4382; 2
4381; 1
4382; 2
4382; 1
4383; 2
4384; 1
4385; 2
4384; 1
4385; 2
4386; 1
4387; 2
4386; 1
4387; 2
4389; 1
4390; 2
4389; 1
4390; 2
4391; 1
4392; 2
4392; 1
4393; 2
4400; 1
4401; 2
4406; 1
4407; 2
4406; 1
4407; 2
4407; 1
4408; 2
4411; 1
4412; 2
4413; 1
4414; 2
4413; 1
4414; 2
4414; 1
4415; 2
4416; 1
4417; 2
4417; 1
4418; 2
4418; 1
4419; 2
4420; 1
4421; 2
4422; 1
4423; 2
4428; 1
4429; 2
4430; 1
4431; 2
4430; 1
4431; 2
4431; 1
4432; 2
4439; 1
4440; 2
4440; 1
4441; 2
4442; 1
4443; 2
4449; 1
4450; 2
4449; 1
4450; 2
4456; 1
4457; 2
4457; 1
4458; 2
4459; 1
4460; 2
4459; 1
4460; 2
4460; 1
4461; 2
4467; 1
4468; 2
4473; 1
4474; 2
4474; 1
4475; 2
4477; 1
4478; 2
4478; 1
4479; 2
4481; 1
4482; 2
4482; 1
4483; 2
4482; 1
4483; 2
4483; 1
4484; 2
4485; 1
4486; 2
4486; 1
4487; 2
4487; 1
4488; 2
4488; 1
4489; 2
4490; 1
4491; 2
4491; 1
4492; 2
4493; 1
4494; 2
4494; 1
4495; 2
4496; 1
4497; 2
4496; 1
4497; 2
4500; 1
4501; 2
4503; 1
4504; 2
4505; 1
4506; 2
4507; 1
4508; 2
4509; 1
4510; 2
4511; 1
4512; 2
4513; 1
4514; 2
4515; 1
4516; 2
4517; 1
4518; 2
4529; 1
4530; 2
4529; 1
4530; 2
4531; 1
4532; 2
4536; 1
4537; 2
4543; 1
4544; 2
4544; 1
4545; 2
4548; 1
4549; 2
4548; 1
4549; 2
4550; 1
4551; 2
4551; 1
4552; 2
4552; 1
4553; 2
4553; 1
4554; 2
4557; 1
4558; 2
4557; 1
4558; 2
4566; 1
4567; 2
4566; 1
4567; 2
4568; 1
4569; 2
4569; 1
4570; 2
4583; 1
4584; 2
4583; 1
4584; 2
4585; 1
4586; 2
4589; 1
4590; 2
4591; 1
4592; 2
4595; 1
4596; 2
4598; 1
4599; 2
4600; 1
4601; 2
4601; 1
4602; 2
4602; 1
4603; 2
4604; 1
4605; 2
4607; 1
4608; 2
4615; 1
4616; 2
4616; 1
4617; 2
4620; 1
4621; 2
4621; 1
4622; 2
4623; 1
4624; 2
4624; 1
4625; 2
4632; 1
4633; 2
4634; 1
4635; 2
4637; 1
4638; 2
4638; 1
4639; 2
4642; 1
4643; 2
4642; 1
4643; 2
4642; 1
4643; 2
4642; 1
4643; 2
4645; 1
4646; 2
4646; 1
4647; 2
4646; 1
4647; 2
4648; 1
4649; 2
4649; 1
4650; 2
4650; 1
4651; 2
4656; 1
4657; 2
4659; 1
4660; 2
4659; 1
4660; 2
4660; 1
4661; 2
4664; 1
4665; 2
4664; 1
4665; 2
4666; 1
4667; 2
4672; 1
4673; 2
4673; 1
4674; 2
4675; 1
4676; 2
4676; 1
4677; 2
4677; 1
4678; 2
4679; 1
4680; 2
4679; 1
4680; 2
4680; 1
4681; 2
4681; 1
4682; 2
4681; 1
4682; 2
4682; 1
4683; 2
4683; 1
4684; 2
4686; 1
4687; 2
4689; 1
4690; 2
4690; 1
4691; 2
4694; 1
4695; 2
4696; 1
4697; 2
4696; 1
4697; 2
4699; 1
4700; 2
4704; 1
4705; 2
4706; 1
4707; 2
4706; 1
4707; 2
4707; 1
4708; 2
4707; 1
4708; 2
4707; 1
4708; 2
4709; 1
4710; 2
4709; 1
4710; 2
4712; 1
4713; 2
4714; 1
4715; 2
4715; 1
4716; 2
4719; 1
4720; 2
4727; 1
4728; 2
4735; 1
4736; 2
4737; 1
4738; 2
4738; 1
4739; 2
4739; 1
4740; 2
4743; 1
4744; 2
4743; 1
4744; 2
4748; 1
4749; 2
4750; 1
4751; 2
4756; 1
4757; 2
4756; 1
4757; 2
4757; 1
4758; 2
4761; 1
4762; 2
4761; 1
4762; 2
4762; 1
4763; 2
4766; 1
4767; 2
4769; 1
4770; 2
4769; 1
4770; 2
4773; 1
4774; 2
4774; 1
4775; 2
4778; 1
4779; 2
4781; 1
4782; 2
4787; 1
4788; 2
4788; 1
4789; 2
4789; 1
4790; 2
4791; 1
4792; 2
4796; 1
4797; 2
4798; 1
4799; 2
4800; 1
4801; 2
4801; 1
4802; 2
4801; 1
4802; 2
4802; 1
4803; 2
4802; 1
4803; 2
4803; 1
4804; 2
4807; 1
4808; 2
4807; 1
4808; 2
4810; 1
4811; 2
4813; 1
4814; 2
4816; 1
4817; 2
4816; 1
4817; 2
4819; 1
4820; 2
4820; 1
4821; 2
4821; 1
4822; 2
4823; 1
4824; 2
4825; 1
4826; 2
4826; 1
4827; 2
4829; 1
4830; 2
4829; 1
4830; 2
4835; 1
4836; 2
4836; 1
4837; 2
4836; 1
4837; 2
4841; 1
4842; 2
4844; 1
4845; 2
4847; 1
4848; 2
4856; 1
4857; 2
4857; 1
4858; 2
4858; 1
4859; 2
4858; 1
4859; 2
4859; 1
4860; 2
4860; 1
4861; 2
4869; 1
4870; 2
4877; 1
4878; 2
4879; 1
4880; 2
4882; 1
4883; 2
4882; 1
4883; 2
4885; 1
4886; 2
4885; 1
4886; 2
4889; 1
4890; 2
4890; 1
4891; 2
4890; 1
4891; 2
4896; 1
4897; 2
4898; 1
4899; 2
4900; 1
4901; 2
4900; 1
4901; 2
4900; 1
4901; 2
4903; 1
4904; 2
4904; 1
4905; 2
4904; 1
4905; 2
4905; 1
4906; 2
4907; 1
4908; 2
4908; 1
4909; 2
4911; 1
4912; 2
4914; 1
4915; 2
4916; 1
4917; 2
4918; 1
4919; 2
4920; 1
4921; 2
4920; 1
4921; 2
4921; 1
4922; 2
4923; 1
4924; 2
4924; 1
4925; 2
4927; 1
4928; 2
4927; 1
4928; 2
4931; 1
4932; 2
4931; 1
4932; 2
4938; 1
4939; 2
4940; 1
4941; 2
4940; 1
4941; 2
4943; 1
4944; 2
4944; 1
4945; 2
4945; 1
4946; 2
4946; 1
4947; 2
4947; 1
4948; 2
4948; 1
4949; 2
4950; 1
4951; 2
4952; 1
4953; 2
4956; 1
4957; 2
4958; 1
4959; 2
4961; 1
4962; 2
4961; 1
4962; 2
4962; 1
4963; 2
4966; 1
4967; 2
4971; 1
4972; 2
4972; 1
4973; 2
4974; 1
4975; 2
4976; 1
4977; 2
4978; 1
4979; 2
4982; 1
4983; 2
4982; 1
4983; 2
4983; 1
4984; 2
4987; 1
4988; 2
4991; 1
4992; 2
4993; 1
4994; 2
4997; 1
4998; 2
5000; 1
5001; 2
5004; 1
5005; 2
5005; 1
5006; 2
5007; 1
5008; 2
5016; 1
5017; 2
5017; 1
5018; 2
5019; 1
5020; 2
5024; 1
5025; 2
5025; 1
5026; 2
5026; 1
5027; 2
5029; 1
5030; 2
5033; 1
5034; 2
5041; 1
5042; 2
5045; 1
5046; 2
5051; 1
5052; 2
5052; 1
5053; 2
5055; 1
5056; 2
5056; 1
5057; 2
5056; 1
5057; 2
5058; 1
5059; 2
5059; 1
5060; 2
5061; 1
5062; 2
5066; 1
5067; 2
5066; 1
5067; 2
5068; 1
5069; 2
5068; 1
5069; 2
5069; 1
5070; 2
5078; 1
5079; 2
5081; 1
5082; 2
5082; 1
5083; 2
5089; 1
5090; 2
5090; 1
5091; 2
5091; 1
5092; 2
5094; 1
5095; 2
5095; 1
5096; 2
5095; 1
5096; 2
5097; 1
5098; 2
5105; 1
5106; 2
5106; 1
5107; 2
5107; 1
5108; 2
5108; 1
5109; 2
5109; 1
5110; 2
5110; 1
5111; 2
5112; 1
5113; 2
5114; 1
5115; 2
5115; 1
5116; 2
5118; 1
5119; 2
5120; 1
5121; 2
5128; 1
5129; 2
5128; 1
5129; 2
5130; 1
5131; 2
5131; 1
5132; 2
5132; 1
5133; 2
5135; 1
5136; 2
5135; 1
5136; 2
5144; 1
5145; 2
5147; 1
5148; 2
5150; 1
5151; 2
5156; 1
5157; 2
5156; 1
5157; 2
5160; 1
5161; 2
5162; 1
5163; 2
5162; 1
5163; 2
5162; 1
5163; 2
5166; 1
5167; 2
5167; 1
5168; 2
5172; 1
5173; 2
5172; 1
5173; 2
5172; 1
5173; 2
5175; 1
5176; 2
5177; 1
5178; 2
5188; 1
5189; 2
5188; 1
5189; 2
5189; 1
5190; 2
5192; 1
5193; 2
5192; 1
5193; 2
5196; 1
5197; 2
5200; 1
5201; 2
5200; 1
5201; 2
5203; 1
5204; 2
5206; 1
5207; 2
5208; 1
5209; 2
5213; 1
5214; 2
5214; 1
5215; 2
5222; 1
5223; 2
5222; 1
5223; 2
5226; 1
5227; 2
5227; 1
5228; 2
5229; 1
5230; 2
5229; 1
5230; 2
5230; 1
5231; 2
5232; 1
5233; 2
5232; 1
5233; 2
5232; 1
5233; 2
5233; 1
5234; 2
5241; 1
5242; 2
5249; 1
5250; 2
5250; 1
5251; 2
5251; 1
5252; 2
5252; 1
5253; 2
5255; 1
5256; 2
5255; 1
5256; 2
5256; 1
5257; 2
5258; 1
5259; 2
5260; 1
5261; 2
5261; 1
5262; 2
5262; 1
5263; 2
5266; 1
5267; 2
5266; 1
5267; 2
5270; 1
5271; 2
5270; 1
5271; 2
5276; 1
5277; 2
5277; 1
5278; 2
5280; 1
5281; 2
5281; 1
5282; 2
5281; 1
5282; 2
5284; 1
5285; 2
5284; 1
5285; 2
5284; 1
5285; 2
5287; 1
5288; 2
5291; 1
5292; 2
5291; 1
5292; 2
5291; 1
5292; 2
5292; 1
5293; 2
5294; 1
5295; 2
5294; 1
5295; 2
5299; 1
5300; 2
5309; 1
5310; 2
5310; 1
5311; 2
5312; 1
5313; 2
5312; 1
5313; 2
5314; 1
5315; 2
5314; 1
5315; 2
5316; 1
5317; 2
5319; 1
5320; 2
5320; 1
5321; 2
5320; 1
5321; 2
5324; 1
5325; 2
5335; 1
5336; 2
5343; 1
5344; 2
5346; 1
5347; 2
5350; 1
5351; 2
5352; 1
5353; 2
5355; 1
5356; 2
5356; 1
5357; 2
5362; 1
5363; 2
5363; 1
5364; 2
5364; 1
5365; 2
5376; 1
5377; 2
5382; 1
5383; 2
5383; 1
5384; 2
5386; 1
5387; 2
5387; 1
5388; 2
5387; 1
5388; 2
5387; 1
5388; 2
5390; 1
5391; 2
5391; 1
5392; 2
5393; 1
5394; 2
5403; 1
5404; 2
5406; 1
5407; 2
5407; 1
5408; 2
5408; 1
5409; 2
5408; 1
5409; 2
5410; 1
5411; 2
5414; 1
5415; 2
5418; 1
5419; 2
5419; 1
5420; 2
5420; 1
5421; 2
5421; 1
5422; 2
5425; 1
5426; 2
5426; 1
5427; 2
5428; 1
5429; 2
5429; 1
5430; 2
5431; 1
5432; 2
5432; 1
5433; 2
5437; 1
5438; 2
5441; 1
5442; 2
5443; 1
5444; 2
5446; 1
5447; 2
5451; 1
5452; 2
5451; 1
5452; 2
5453; 1
5454; 2
5455; 1
5456; 2
5455; 1
5456; 2
5455; 1
5456; 2
5457; 1
5458; 2
5458; 1
5459; 2
5459; 1
5460; 2
5460; 1
5461; 2
5461; 1
5462; 2
5465; 1
5466; 2
5465; 1
5466; 2
5465; 1
5466; 2
5466; 1
5467; 2
5467; 1
5468; 2
5469; 1
5470; 2
5473; 1
5474; 2
5475; 1
5476; 2
5483; 1
5484; 2
5487; 1
5488; 2
5487; 1
5488; 2
5488; 1
5489; 2
5490; 1
5491; 2
5494; 1
5495; 2
5498; 1
5499; 2
5498; 1
5499; 2
5500; 1
5501; 2
5501; 1
5502; 2
5509; 1
5510; 2
5513; 1
5514; 2
5514; 1
5515; 2
5514; 1
5515; 2
5528; 1
5529; 2
5529; 1
5530; 2
5532; 1
5533; 2
5535; 1
5536; 2
5536; 1
5537; 2
5541; 1
5542; 2
5542; 1
5543; 2
5545; 1
5546; 2
5545; 1
5546; 2
5546; 1
5547; 2
5547; 1
5548; 2
5549; 1
5550; 2
5555; 1
5556; 2
5556; 1
5557; 2
5556; 1
5557; 2
5557; 1
5558; 2
5562; 1
5563; 2
5566; 1
5567; 2
5567; 1
5568; 2
5568; 1
5569; 2
5572; 1
5573; 2
5574; 1
5575; 2
5575; 1
5576; 2
5577; 1
5578; 2
5580; 1
5581; 2
5580; 1
5581; 2
5585; 1
5586; 2
5589; 1
5590; 2
5589; 1
5590; 2
5592; 1
5593; 2
5596; 1
5597; 2
5598; 1
5599; 2
5599; 1
5600; 2
5602; 1
5603; 2
5605; 1
5606; 2
5611; 1
5612; 2
5611; 1
5612; 2
5613; 1
5614; 2
5614; 1
5615; 2
5616; 1
5617; 2
5616; 1
5617; 2
5616; 1
5617; 2
5616; 1
5617; 2
5616; 1
5617; 2
5619; 1
5620; 2
5619; 1
5620; 2
5620; 1
5621; 2
5622; 1
5623; 2
5625; 1
5626; 2
5634; 1
5635; 2
5637; 1
5638; 2
5637; 1
5638; 2
5638; 1
5639; 2
5640; 1
5641; 2
5640; 1
5641; 2
5646; 1
5647; 2
5648; 1
5649; 2
5649; 1
5650; 2
5649; 1
5650; 2
5651; 1
5652; 2
5661; 1
5662; 2
5662; 1
5663; 2
5667; 1
5668; 2
5667; 1
5668; 2
5669; 1
5670; 2
5669; 1
5670; 2
5670; 1
5671; 2
5671; 1
5672; 2
5673; 1
5674; 2
5673; 1
5674; 2
5680; 1
5681; 2
5680; 1
5681; 2
5687; 1
5688; 2
5687; 1
5688; 2
5689; 1
5690; 2
5690; 1
5691; 2
5697; 1
5698; 2
5702; 1
5703; 2
5706; 1
5707; 2
5710; 1
5711; 2
5712; 1
5713; 2
5712; 1
5713; 2
5715; 1
5716; 2
5715; 1
5716; 2
5720; 1
5721; 2
5722; 1
5723; 2
5722; 1
5723; 2
5727; 1
5728; 2
5729; 1
5730; 2
5730; 1
5731; 2
5731; 1
5732; 2
5733; 1
5734; 2
5735; 1
5736; 2
5737; 1
5738; 2
5737; 1
5738; 2
5739; 1
5740; 2
5743; 1
5744; 2
5743; 1
5744; 2
5746; 1
5747; 2
5749; 1
5750; 2
5754; 1
5755; 2
5755; 1
5756; 2
5755; 1
5756; 2
5755; 1
5756; 2
5757; 1
5758; 2
5757; 1
5758; 2
5760; 1
5761; 2
5766; 1
5767; 2
5768; 1
5769; 2
5768; 1
5769; 2
5771; 1
5772; 2
5771; 1
5772; 2
5778; 1
5779; 2
5784; 1
5785; 2
5786; 1
5787; 2
5794; 1
5795; 2
5797; 1
5798; 2
5797; 1
5798; 2
5803; 1
5804; 2
5807; 1
5808; 2
5810; 1
5811; 2
5813; 1
5814; 2
5815; 1
5816; 2
5821; 1
5822; 2
5823; 1
5824; 2
5825; 1
5826; 2
5826; 1
5827; 2
5827; 1
5828; 2
5828; 1
5829; 2
5828; 1
5829; 2
5831; 1
5832; 2
5832; 1
5833; 2
5840; 1
5841; 2
5847; 1
5848; 2
5849; 1
5850; 2
5851; 1
5852; 2
5851; 1
5852; 2
5853; 1
5854; 2
5861; 1
5862; 2
5862; 1
5863; 2
5868; 1
5869; 2
5873; 1
5874; 2
5874; 1
5875; 2
5880; 1
5881; 2
5882; 1
5883; 2
5884; 1
5885; 2
5886; 1
5887; 2
5891; 1
5892; 2
5892; 1
5893; 2
5897; 1
5898; 2
5899; 1
5900; 2
5902; 1
5903; 2
5904; 1
5905; 2
5906; 1
5907; 2
5911; 1
5912; 2
5920; 1
5921; 2
5927; 1
5928; 2
5934; 1
5935; 2
5937; 1
5938; 2
5937; 1
5938; 2
5944; 1
5945; 2
5945; 1
5946; 2
5952; 1
5953; 2
5953; 1
5954; 2
5960; 1
5961; 2
5967; 1
5968; 2
5969; 1
5970; 2
5972; 1
5973; 2
5973; 1
5974; 2
5974; 1
5975; 2
5977; 1
5978; 2
5982; 1
5983; 2
5983; 1
5984; 2
5984; 1
5985; 2
5984; 1
5985; 2
5984; 1
5985; 2
5987; 1
5988; 2
5991; 1
5992; 2
5994; 1
5995; 2
5995; 1
5996; 2
5998; 1
5999; 2
5998; 1
5999; 2
5998; 1
5999; 2
5999; 1
6000; 2
6008; 1
6009; 2
6009; 1
6010; 2
6009; 1
6010; 2
6010; 1
6011; 2
6013; 1
6014; 2
6016; 1
6017; 2
6018; 1
6019; 2
6019; 1
6020; 2
6021; 1
6022; 2
6024; 1
6025; 2
6026; 1
6027; 2
6027; 1
6028; 2
6027; 1
6028; 2
6032; 1
6033; 2
6033; 1
6034; 2
6039; 1
6040; 2
6050; 1
6051; 2
6054; 1
6055; 2
6055; 1
6056; 2
6056; 1
6057; 2
6066; 1
6067; 2
6073; 1
6074; 2
6075; 1
6076; 2
6077; 1
6078; 2
6079; 1
6080; 2
6079; 1
6080; 2
6085; 1
6086; 2
6089; 1
6090; 2
6099; 1
6100; 2
6100; 1
6101; 2
6103; 1
6104; 2
6108; 1
6109; 2
6116; 1
6117; 2
6117; 1
6118; 2
6118; 1
6119; 2
6119; 1
6120; 2
6123; 1
6124; 2
6128; 1
6129; 2
6128; 1
6129; 2
6129; 1
6130; 2
6130; 1
6131; 2
6132; 1
6133; 2
6133; 1
6134; 2
6135; 1
6136; 2
6138; 1
6139; 2
6139; 1
6140; 2
6145; 1
6146; 2
6145; 1
6146; 2
6147; 1
6148; 2
6149; 1
6150; 2
6149; 1
6150; 2
6155; 1
6156; 2
6155; 1
6156; 2
6161; 1
6162; 2
6163; 1
6164; 2
6165; 1
6166; 2
6167; 1
6168; 2
6170; 1
6171; 2
6173; 1
6174; 2
6173; 1
6174; 2
6173; 1
6174; 2
6178; 1
6179; 2
6179; 1
6180; 2
6186; 1
6187; 2
6196; 1
6197; 2
6199; 1
6200; 2
6205; 1
6206; 2
6206; 1
6207; 2
6208; 1
6209; 2
6213; 1
6214; 2
6214; 1
6215; 2
6216; 1
6217; 2
6218; 1
6219; 2
6219; 1
6220; 2
6222; 1
6223; 2
6224; 1
6225; 2
6227; 1
6228; 2
6235; 1
6236; 2
6235; 1
6236; 2
6247; 1
6248; 2
6249; 1
6250; 2
6255; 1
6256; 2
6263; 1
6264; 2
6263; 1
6264; 2
6266; 1
6267; 2
6273; 1
6274; 2
6274; 1
6275; 2
6276; 1
6277; 2
6278; 1
6279; 2
6279; 1
6280; 2
6279; 1
6280; 2
6282; 1
6283; 2
6288; 1
6289; 2
6289; 1
6290; 2
6292; 1
6293; 2
6297; 1
6298; 2
6297; 1
6298; 2
6300; 1
6301; 2
6305; 1
6306; 2
6308; 1
6309; 2
6309; 1
6310; 2
6317; 1
6318; 2
6323; 1
6324; 2
6324; 1
6325; 2
6325; 1
6326; 2
6327; 1
6328; 2
6329; 1
6330; 2
6330; 1
6331; 2
6339; 1
6340; 2
6341; 1
6342; 2
6347; 1
6348; 2
6348; 1
6349; 2
6348; 1
6349; 2
6350; 1
6351; 2
6354; 1
6355; 2
6361; 1
6362; 2
6364; 1
6365; 2
6364; 1
6365; 2
6365; 1
6366; 2
6367; 1
6368; 2
6371; 1
6372; 2
6372; 1
6373; 2
6372; 1
6373; 2
6373; 1
6374; 2
6376; 1
6377; 2
6376; 1
6377; 2
6382; 1
6383; 2
6383; 1
6384; 2
6385; 1
6386; 2
6393; 1
6394; 2
6395; 1
6396; 2
6395; 1
6396; 2
6397; 1
6398; 2
6398; 1
6399; 2
6398; 1
6399; 2
6401; 1
6402; 2
6408; 1
6409; 2
6410; 1
6411; 2
6411; 1
6412; 2
6411; 1
6412; 2
6412; 1
6413; 2
6412; 1
6413; 2
6418; 1
6419; 2
6420; 1
6421; 2
6421; 1
6422; 2
6423; 1
6424; 2
6428; 1
6429; 2
6430; 1
6431; 2
6431; 1
6432; 2
6431; 1
6432; 2
6436; 1
6437; 2
6437; 1
6438; 2
6438; 1
6439; 2
6438; 1
6439; 2
6443; 1
6444; 2
6449; 1
6450; 2
6452; 1
6453; 2
6452; 1
6453; 2
6452; 1
6453; 2
6454; 1
6455; 2
6458; 1
6459; 2
6458; 1
6459; 2
6459; 1
6460; 2
6460; 1
6461; 2
6463; 1
6464; 2
6464; 1
6465; 2
6466; 1
6467; 2
6468; 1
6469; 2
6470; 1
6471; 2
6489; 1
6490; 2
6489; 1
6490; 2
6490; 1
6491; 2
6493; 1
6494; 2
6502; 1
6503; 2
6504; 1
6505; 2
6509; 1
6510; 2
6516; 1
6517; 2
6519; 1
6520; 2
6521; 1
6522; 2
6521; 1
6522; 2
6523; 1
6524; 2
6523; 1
6524; 2
6536; 1
6537; 2
6540; 1
6541; 2
6541; 1
6542; 2
6546; 1
6547; 2
6549; 1
6550; 2
6549; 1
6550; 2
6550; 1
6551; 2
6551; 1
6552; 2
6555; 1
6556; 2
6555; 1
6556; 2
6557; 1
6558; 2
6562; 1
6563; 2
6570; 1
6571; 2
6574; 1
6575; 2
6574; 1
6575; 2
6580; 1
6581; 2
6582; 1
6583; 2
6585; 1
6586; 2
6588; 1
6589; 2
6589; 1
6590; 2
6591; 1
6592; 2
6593; 1
6594; 2
6596; 1
6597; 2
6597; 1
6598; 2
6598; 1
6599; 2
6598; 1
6599; 2
6604; 1
6605; 2
6615; 1
6616; 2
6616; 1
6617; 2
6618; 1
6619; 2
6618; 1
6619; 2
6624; 1
6625; 2
6633; 1
6634; 2
6634; 1
6635; 2
6636; 1
6637; 2
6637; 1
6638; 2
6638; 1
6639; 2
6641; 1
6642; 2
6641; 1
6642; 2
6643; 1
6644; 2
6646; 1
6647; 2
6648; 1
6649; 2
6653; 1
6654; 2
6656; 1
6657; 2
6659; 1
6660; 2
6659; 1
6660; 2
6661; 1
6662; 2
6662; 1
6663; 2
6665; 1
6666; 2
6668; 1
6669; 2
6673; 1
6674; 2
6673; 1
6674; 2
6682; 1
6683; 2
6690; 1
6691; 2
6692; 1
6693; 2
6693; 1
6694; 2
6695; 1
6696; 2
6696; 1
6697; 2
6706; 1
6707; 2
6712; 1
6713; 2
6712; 1
6713; 2
6713; 1
6714; 2
6713; 1
6714; 2
6714; 1
6715; 2
6715; 1
6716; 2
6716; 1
6717; 2
6719; 1
6720; 2
6720; 1
6721; 2
6721; 1
6722; 2
6721; 1
6722; 2
6729; 1
6730; 2
6735; 1
6736; 2
6736; 1
6737; 2
6740; 1
6741; 2
6740; 1
6741; 2
6743; 1
6744; 2
6756; 1
6757; 2
6758; 1
6759; 2
6760; 1
6761; 2
6761; 1
6762; 2
6766; 1
6767; 2
6768; 1
6769; 2
6772; 1
6773; 2
6772; 1
6773; 2
6779; 1
6780; 2
6779; 1
6780; 2
6780; 1
6781; 2
6781; 1
6782; 2
6784; 1
6785; 2
6789; 1
6790; 2
6789; 1
6790; 2
6789; 1
6790; 2
6790; 1
6791; 2
6790; 1
6791; 2
6793; 1
6794; 2
6798; 1
6799; 2
6800; 1
6801; 2
6807; 1
6808; 2
6819; 1
6820; 2
6819; 1
6820; 2
6819; 1
6820; 2
6821; 1
6822; 2
6821; 1
6822; 2
6822; 1
6823; 2
6823; 1
6824; 2
6827; 1
6828; 2
6830; 1
6831; 2
6832; 1
6833; 2
6833; 1
6834; 2
6833; 1
6834; 2
6842; 1
6843; 2
6844; 1
6845; 2
6848; 1
6849; 2
6851; 1
6852; 2
6852; 1
6853; 2
6853; 1
6854; 2
6858; 1
6859; 2
6859; 1
6860; 2
6866; 1
6867; 2
6866; 1
6867; 2
6873; 1
6874; 2
6876; 1
6877; 2
6878; 1
6879; 2
6879; 1
6880; 2
6880; 1
6881; 2
6881; 1
6882; 2
6886; 1
6887; 2
6890; 1
6891; 2
6894; 1
6895; 2
6898; 1
6899; 2
6904; 1
6905; 2
6913; 1
6914; 2
6917; 1
6918; 2
6919; 1
6920; 2
6923; 1
6924; 2
6927; 1
6928; 2
6928; 1
6929; 2
6929; 1
6930; 2
6929; 1
6930; 2
6931; 1
6932; 2
6931; 1
6932; 2
6931; 1
6932; 2
6932; 1
6933; 2
6934; 1
6935; 2
6935; 1
6936; 2
6936; 1
6937; 2
6937; 1
6938; 2
6938; 1
6939; 2
6944; 1
6945; 2
6946; 1
6947; 2
6948; 1
6949; 2
6949; 1
6950; 2
6950; 1
6951; 2
6951; 1
6952; 2
6952; 1
6953; 2
6955; 1
6956; 2
6955; 1
6956; 2
6956; 1
6957; 2
6959; 1
6960; 2
6960; 1
6961; 2
6966; 1
6967; 2
6966; 1
6967; 2
6967; 1
6968; 2
6967; 1
6968; 2
6967; 1
6968; 2
6968; 1
6969; 2
6969; 1
6970; 2
6970; 1
6971; 2
6972; 1
6973; 2
6974; 1
6975; 2
6977; 1
6978; 2
6979; 1
6980; 2
6980; 1
6981; 2
6981; 1
6982; 2
6981; 1
6982; 2
6983; 1
6984; 2
6984; 1
6985; 2
6984; 1
6985; 2
6985; 1
6986; 2
6986; 1
6987; 2
6988; 1
6989; 2
6989; 1
6990; 2
6992; 1
6993; 2
6993; 1
6994; 2
6995; 1
6996; 2
6996; 1
6997; 2
6999; 1
7000; 2
7000; 1
7001; 2
7001; 1
7002; 2
7003; 1
7004; 2
7005; 1
7006; 2
7009; 1
7010; 2
7010; 1
7011; 2
7010; 1
7011; 2
7020; 1
7021; 2
7022; 1
7023; 2
7023; 1
7024; 2
7027; 1
7028; 2
7028; 1
7029; 2
7028; 1
7029; 2
7033; 1
7034; 2
7038; 1
7039; 2
7043; 1
7044; 2
7044; 1
7045; 2
7049; 1
7050; 2
7049; 1
7050; 2
7052; 1
7053; 2
7053; 1
7054; 2
7053; 1
7054; 2
7054; 1
7055; 2
7059; 1
7060; 2
7066; 1
7067; 2
7067; 1
7068; 2
7070; 1
7071; 2
7070; 1
7071; 2
7073; 1
7074; 2
7076; 1
7077; 2
7082; 1
7083; 2
7083; 1
7084; 2
7083; 1
7084; 2
7085; 1
7086; 2
7087; 1
7088; 2
7087; 1
7088; 2
7088; 1
7089; 2
7093; 1
7094; 2
7095; 1
7096; 2
7096; 1
7097; 2
7098; 1
7099; 2
7098; 1
7099; 2
7102; 1
7103; 2
7103; 1
7104; 2
7103; 1
7104; 2
7106; 1
7107; 2
7108; 1
7109; 2
7108; 1
7109; 2
7111; 1
7112; 2
7111; 1
7112; 2
7113; 1
7114; 2
7116; 1
7117; 2
7118; 1
7119; 2
7122; 1
7123; 2
7124; 1
7125; 2
7125; 1
7126; 2
7129; 1
7130; 2
7130; 1
7131; 2
7133; 1
7134; 2
7133; 1
7134; 2
7135; 1
7136; 2
7136; 1
7137; 2
7144; 1
7145; 2
7144; 1
7145; 2
7144; 1
7145; 2
7146; 1
7147; 2
7147; 1
7148; 2
7150; 1
7151; 2
7153; 1
7154; 2
7156; 1
7157; 2
7157; 1
7158; 2
7159; 1
7160; 2
7160; 1
7161; 2
7164; 1
7165; 2
7166; 1
7167; 2
7166; 1
7167; 2
7172; 1
7173; 2
7176; 1
7177; 2
7176; 1
7177; 2
7178; 1
7179; 2
7180; 1
7181; 2
7183; 1
7184; 2
7184; 1
7185; 2
7184; 1
7185; 2
7185; 1
7186; 2
7186; 1
7187; 2
7188; 1
7189; 2
7190; 1
7191; 2
7190; 1
7191; 2
7191; 1
7192; 2
7192; 1
7193; 2
7193; 1
7194; 2
7193; 1
7194; 2
7206; 1
7207; 2
7210; 1
7211; 2
7211; 1
7212; 2
7213; 1
7214; 2
7214; 1
7215; 2
7215; 1
7216; 2
7215; 1
7216; 2
7216; 1
7217; 2
7220; 1
7221; 2
7223; 1
7224; 2
7223; 1
7224; 2
7226; 1
7227; 2
7231; 1
7232; 2
7234; 1
7235; 2
7235; 1
7236; 2
7236; 1
7237; 2
7237; 1
7238; 2
7239; 1
7240; 2
7239; 1
7240; 2
7240; 1
7241; 2
7242; 1
7243; 2
7251; 1
7252; 2
7253; 1
7254; 2
7254; 1
7255; 2
7254; 1
7255; 2
7258; 1
7259; 2
7258; 1
7259; 2
7260; 1
7261; 2
7262; 1
7263; 2
7263; 1
7264; 2
7264; 1
7265; 2
7274; 1
7275; 2
7278; 1
7279; 2
7279; 1
7280; 2
7282; 1
7283; 2
7282; 1
7283; 2
7283; 1
7284; 2
7288; 1
7289; 2
7293; 1
7294; 2
7295; 1
7296; 2
7296; 1
7297; 2
7299; 1
7300; 2
7301; 1
7302; 2
7304; 1
7305; 2
7306; 1
7307; 2
7307; 1
7308; 2
7313; 1
7314; 2
7316; 1
7317; 2
7317; 1
7318; 2
7319; 1
7320; 2
7321; 1
7322; 2
7329; 1
7330; 2
7330; 1
7331; 2
7335; 1
7336; 2
7335; 1
7336; 2
7338; 1
7339; 2
7343; 1
7344; 2
7346; 1
7347; 2
7347; 1
7348; 2
7348; 1
7349; 2
7349; 1
7350; 2
7354; 1
7355; 2
7356; 1
7357; 2
7356; 1
7357; 2
7357; 1
7358; 2
7358; 1
7359; 2
7363; 1
7364; 2
7366; 1
7367; 2
7368; 1
7369; 2
7372; 1
7373; 2
7372; 1
7373; 2
7373; 1
7374; 2
7374; 1
7375; 2
7376; 1
7377; 2
7378; 1
7379; 2
7379; 1
7380; 2
7379; 1
7380; 2
7382; 1
7383; 2
7385; 1
7386; 2
7385; 1
7386; 2
7386; 1
7387; 2
7387; 1
7388; 2
7395; 1
7396; 2
7399; 1
7400; 2
7403; 1
7404; 2
7404; 1
7405; 2
7405; 1
7406; 2
7407; 1
7408; 2
7407; 1
7408; 2
7408; 1
7409; 2
7408; 1
7409; 2
7408; 1
7409; 2
7409; 1
7410; 2
7418; 1
7419; 2
7418; 1
7419; 2
7422; 1
7423; 2
7423; 1
7424; 2
7423; 1
7424; 2
7426; 1
7427; 2
7428; 1
7429; 2
7431; 1
7432; 2
7432; 1
7433; 2
7435; 1
7436; 2
7440; 1
7441; 2
7446; 1
7447; 2
7468; 1
7469; 2
7468; 1
7469; 2
7469; 1
7470; 2
7469; 1
7470; 2
7469; 1
7470; 2
7474; 1
7475; 2
7475; 1
7476; 2
7476; 1
7477; 2
7480; 1
7481; 2
7485; 1
7486; 2
7486; 1
7487; 2
7487; 1
7488; 2
7496; 1
7497; 2
7502; 1
7503; 2
7504; 1
7505; 2
7517; 1
7518; 2
7517; 1
7518; 2
7521; 1
7522; 2
7521; 1
7522; 2
7522; 1
7523; 2
7528; 1
7529; 2
7544; 1
7545; 2
7549; 1
7550; 2
7550; 1
7551; 2
7558; 1
7559; 2
7563; 1
7564; 2
7564; 1
7565; 2
7569; 1
7570; 2
7572; 1
7573; 2
7578; 1
7579; 2
7580; 1
7581; 2
7582; 1
7583; 2
7582; 1
7583; 2
7585; 1
7586; 2
7586; 1
7587; 2
7587; 1
7588; 2
7592; 1
7593; 2
7594; 1
7595; 2
7595; 1
7596; 2
7596; 1
7597; 2
7600; 1
7601; 2
7606; 1
7607; 2
7612; 1
7613; 2
7617; 1
7618; 2
7619; 1
7620; 2
7622; 1
7623; 2
7622; 1
7623; 2
7623; 1
7624; 2
7629; 1
7630; 2
7633; 1
7634; 2
7633; 1
7634; 2
7635; 1
7636; 2
7639; 1
7640; 2
7644; 1
7645; 2
7645; 1
7646; 2
7646; 1
7647; 2
7646; 1
7647; 2
7647; 1
7648; 2
7649; 1
7650; 2
7655; 1
7656; 2
7660; 1
7661; 2
7663; 1
7664; 2
7664; 1
7665; 2
7665; 1
7666; 2
7665; 1
7666; 2
7668; 1
7669; 2
7674; 1
7675; 2
7678; 1
7679; 2
7690; 1
7691; 2
7697; 1
7698; 2
7698; 1
7699; 2
7699; 1
7700; 2
7699; 1
7700; 2
7701; 1
7702; 2
7701; 1
7702; 2
7705; 1
7706; 2
7708; 1
7709; 2
7714; 1
7715; 2
7716; 1
7717; 2
7724; 1
7725; 2
7724; 1
7725; 2
7735; 1
7736; 2
7738; 1
7739; 2
7739; 1
7740; 2
7740; 1
7741; 2
7741; 1
7742; 2
7745; 1
7746; 2
7750; 1
7751; 2
7752; 1
7753; 2
7753; 1
7754; 2
7753; 1
7754; 2
7756; 1
7757; 2
7760; 1
7761; 2
7761; 1
7762; 2
7761; 1
7762; 2
7763; 1
7764; 2
7768; 1
7769; 2
7775; 1
7776; 2
7776; 1
7777; 2
7787; 1
7788; 2
7789; 1
7790; 2
7789; 1
7790; 2
7789; 1
7790; 2
7789; 1
7790; 2
7793; 1
7794; 2
7794; 1
7795; 2
7795; 1
7796; 2
7796; 1
7797; 2
7800; 1
7801; 2
7802; 1
7803; 2
7802; 1
7803; 2
7807; 1
7808; 2
7816; 1
7817; 2
7816; 1
7817; 2
7821; 1
7822; 2
7826; 1
7827; 2
7827; 1
7828; 2
7829; 1
7830; 2
7831; 1
7832; 2
7835; 1
7836; 2
7836; 1
7837; 2
7838; 1
7839; 2
7838; 1
7839; 2
7839; 1
7840; 2
7843; 1
7844; 2
7850; 1
7851; 2
7851; 1
7852; 2
7852; 1
7853; 2
7857; 1
7858; 2
7858; 1
7859; 2
7862; 1
7863; 2
7864; 1
7865; 2
7868; 1
7869; 2
7869; 1
7870; 2
7870; 1
7871; 2
7871; 1
7872; 2
7873; 1
7874; 2
7884; 1
7885; 2
7892; 1
7893; 2
7905; 1
7906; 2
7907; 1
7908; 2
7908; 1
7909; 2
7910; 1
7911; 2
7912; 1
7913; 2
7913; 1
7914; 2
7916; 1
7917; 2
7920; 1
7921; 2
7923; 1
7924; 2
7924; 1
7925; 2
7927; 1
7928; 2
7928; 1
7929; 2
7928; 1
7929; 2
7929; 1
7930; 2
7929; 1
7930; 2
7929; 1
7930; 2
7929; 1
7930; 2
7936; 1
7937; 2
7936; 1
7937; 2
7937; 1
7938; 2
7949; 1
7950; 2
7949; 1
7950; 2
7950; 1
7951; 2
7954; 1
7955; 2
7955; 1
7956; 2
7957; 1
7958; 2
7958; 1
7959; 2
7963; 1
7964; 2
7965; 1
7966; 2
7967; 1
7968; 2
7971; 1
7972; 2
7975; 1
7976; 2
7977; 1
7978; 2
7982; 1
7983; 2
7984; 1
7985; 2
7987; 1
7988; 2
7987; 1
7988; 2
7988; 1
7989; 2
7990; 1
7991; 2
7990; 1
7991; 2
8000; 1
8001; 2
8002; 1
8003; 2
8004; 1
8005; 2
8004; 1
8005; 2
8006; 1
8007; 2
8008; 1
8009; 2
8013; 1
8014; 2
8027; 1
8028; 2
8034; 1
8035; 2
8034; 1
8035; 2
8039; 1
8040; 2
8042; 1
8043; 2
8043; 1
8044; 2
8046; 1
8047; 2
8048; 1
8049; 2
8055; 1
8056; 2
8055; 1
8056; 2
8056; 1
8057; 2
8060; 1
8061; 2
8061; 1
8062; 2
8069; 1
8070; 2
8074; 1
8075; 2
8076; 1
8077; 2
8078; 1
8079; 2
8095; 1
8096; 2
8095; 1
8096; 2
8098; 1
8099; 2
8099; 1
8100; 2
8100; 1
8101; 2
8104; 1
8105; 2
8104; 1
8105; 2
8106; 1
8107; 2
8107; 1
8108; 2
8107; 1
8108; 2
8111; 1
8112; 2
8111; 1
8112; 2
8114; 1
8115; 2
8115; 1
8116; 2
8118; 1
8119; 2
8120; 1
8121; 2
8120; 1
8121; 2
8122; 1
8123; 2
8124; 1
8125; 2
8124; 1
8125; 2
8127; 1
8128; 2
8129; 1
8130; 2
8138; 1
8139; 2
8141; 1
8142; 2
8141; 1
8142; 2
8142; 1
8143; 2
8145; 1
8146; 2
8147; 1
8148; 2
8148; 1
8149; 2
8149; 1
8150; 2
8151; 1
8152; 2
8151; 1
8152; 2
8152; 1
8153; 2
8156; 1
8157; 2
8168; 1
8169; 2
8170; 1
8171; 2
8172; 1
8173; 2
8177; 1
8178; 2
8177; 1
8178; 2
8179; 1
8180; 2
8179; 1
8180; 2
8180; 1
8181; 2
8186; 1
8187; 2
8188; 1
8189; 2
8189; 1
8190; 2
8195; 1
8196; 2
8199; 1
8200; 2
8199; 1
8200; 2
8203; 1
8204; 2
8203; 1
8204; 2
8207; 1
8208; 2
8211; 1
8212; 2
8212; 1
8213; 2
8213; 1
8214; 2
8215; 1
8216; 2
8222; 1
8223; 2
8223; 1
8224; 2
8226; 1
8227; 2
8226; 1
8227; 2
8232; 1
8233; 2
8233; 1
8234; 2
8237; 1
8238; 2
8238; 1
8239; 2
8244; 1
8245; 2
8244; 1
8245; 2
8245; 1
8246; 2
8246; 1
8247; 2
8254; 1
8255; 2
8255; 1
8256; 2
8256; 1
8257; 2
8258; 1
8259; 2
8261; 1
8262; 2
8266; 1
8267; 2
8272; 1
8273; 2
8273; 1
8274; 2
8288; 1
8289; 2
8289; 1
8290; 2
8290; 1
8291; 2
8294; 1
8295; 2
8297; 1
8298; 2
8298; 1
8299; 2
8305; 1
8306; 2
8307; 1
8308; 2
8307; 1
8308; 2
8308; 1
8309; 2
8309; 1
8310; 2
8310; 1
8311; 2
8310; 1
8311; 2
8311; 1
8312; 2
8315; 1
8316; 2
8321; 1
8322; 2
8325; 1
8326; 2
8336; 1
8337; 2
8342; 1
8343; 2
8350; 1
8351; 2
8354; 1
8355; 2
8356; 1
8357; 2
8357; 1
8358; 2
8363; 1
8364; 2
8369; 1
8370; 2
8377; 1
8378; 2
8378; 1
8379; 2
8384; 1
8385; 2
8384; 1
8385; 2
8384; 1
8385; 2
8387; 1
8388; 2
8389; 1
8390; 2
8393; 1
8394; 2
8394; 1
8395; 2
8400; 1
8401; 2
8400; 1
8401; 2
8408; 1
8409; 2
8408; 1
8409; 2
8412; 1
8413; 2
8413; 1
8414; 2
8414; 1
8415; 2
8415; 1
8416; 2
8421; 1
8422; 2
8423; 1
8424; 2
8425; 1
8426; 2
8427; 1
8428; 2
8430; 1
8431; 2
8435; 1
8436; 2
8438; 1
8439; 2
8449; 1
8450; 2
8449; 1
8450; 2
8450; 1
8451; 2
8456; 1
8457; 2
8460; 1
8461; 2
8460; 1
8461; 2
8461; 1
8462; 2
8462; 1
8463; 2
8466; 1
8467; 2
8474; 1
8475; 2
8475; 1
8476; 2
8475; 1
8476; 2
8475; 1
8476; 2
8477; 1
8478; 2
8480; 1
8481; 2
8481; 1
8482; 2
8481; 1
8482; 2
8481; 1
8482; 2
8483; 1
8484; 2
8487; 1
8488; 2
8490; 1
8491; 2
8491; 1
8492; 2
8493; 1
8494; 2
8496; 1
8497; 2
8498; 1
8499; 2
8501; 1
8502; 2
8501; 1
8502; 2
8501; 1
8502; 2
8502; 1
8503; 2
8503; 1
8504; 2
8506; 1
8507; 2
8507; 1
8508; 2
8507; 1
8508; 2
8511; 1
8512; 2
8517; 1
8518; 2
8520; 1
8521; 2
8524; 1
8525; 2
8525; 1
8526; 2
8526; 1
8527; 2
8528; 1
8529; 2
8528; 1
8529; 2
8528; 1
8529; 2
8531; 1
8532; 2
8536; 1
8537; 2
8536; 1
8537; 2
8539; 1
8540; 2
8546; 1
8547; 2
8546; 1
8547; 2
8547; 1
8548; 2
8547; 1
8548; 2
8549; 1
8550; 2
8551; 1
8552; 2
8551; 1
8552; 2
8557; 1
8558; 2
8558; 1
8559; 2
8559; 1
8560; 2
8559; 1
8560; 2
8567; 1
8568; 2
8569; 1
8570; 2
8572; 1
8573; 2
8574; 1
8575; 2
8582; 1
8583; 2
8585; 1
8586; 2
8586; 1
8587; 2
8586; 1
8587; 2
8597; 1
8598; 2
8599; 1
8600; 2
8600; 1
8601; 2
8602; 1
8603; 2
8605; 1
8606; 2
8610; 1
8611; 2
8614; 1
8615; 2
8614; 1
8615; 2
8617; 1
8618; 2
8617; 1
8618; 2
8617; 1
8618; 2
8618; 1
8619; 2
8622; 1
8623; 2
8626; 1
8627; 2
8627; 1
8628; 2
8633; 1
8634; 2
8635; 1
8636; 2
8639; 1
8640; 2
8641; 1
8642; 2
8643; 1
8644; 2
8647; 1
8648; 2
8647; 1
8648; 2
8652; 1
8653; 2
8653; 1
8654; 2
8656; 1
8657; 2
8657; 1
8658; 2
8661; 1
8662; 2
8662; 1
8663; 2
8664; 1
8665; 2
8666; 1
8667; 2
8667; 1
8668; 2
8671; 1
8672; 2
8674; 1
8675; 2
8674; 1
8675; 2
8679; 1
8680; 2
8683; 1
8684; 2
8683; 1
8684; 2
8683; 1
8684; 2
8691; 1
8692; 2
8703; 1
8704; 2
8704; 1
8705; 2
8704; 1
8705; 2
8708; 1
8709; 2
8715; 1
8716; 2
8720; 1
8721; 2
8721; 1
8722; 2
8722; 1
8723; 2
8723; 1
8724; 2
8726; 1
8727; 2
8732; 1
8733; 2
8733; 1
8734; 2
8734; 1
8735; 2
8737; 1
8738; 2
8739; 1
8740; 2
8742; 1
8743; 2
8743; 1
8744; 2
8743; 1
8744; 2
8743; 1
8744; 2
8747; 1
8748; 2
8748; 1
8749; 2
8750; 1
8751; 2
8750; 1
8751; 2
8758; 1
8759; 2
8760; 1
8761; 2
8760; 1
8761; 2
8760; 1
8761; 2
8767; 1
8768; 2
8769; 1
8770; 2
8777; 1
8778; 2
8782; 1
8783; 2
8782; 1
8783; 2
8785; 1
8786; 2
8788; 1
8789; 2
8789; 1
8790; 2
8789; 1
8790; 2
8791; 1
8792; 2
8792; 1
8793; 2
8795; 1
8796; 2
8796; 1
8797; 2
8796; 1
8797; 2
8797; 1
8798; 2
8798; 1
8799; 2
8799; 1
8800; 2
8800; 1
8801; 2
8801; 1
8802; 2
8807; 1
8808; 2
8808; 1
8809; 2
8808; 1
8809; 2
8814; 1
8815; 2
8815; 1
8816; 2
8816; 1
8817; 2
8821; 1
8822; 2
8822; 1
8823; 2
8823; 1
8824; 2
8823; 1
8824; 2
8825; 1
8826; 2
8827; 1
8828; 2
8830; 1
8831; 2
8832; 1
8833; 2
8834; 1
8835; 2
8834; 1
8835; 2
8835; 1
8836; 2
8836; 1
8837; 2
8838; 1
8839; 2
8846; 1
8847; 2
8850; 1
8851; 2
8853; 1
8854; 2
8855; 1
8856; 2
8857; 1
8858; 2
8859; 1
8860; 2
8859; 1
8860; 2
8861; 1
8862; 2
8861; 1
8862; 2
8864; 1
8865; 2
8865; 1
8866; 2
8871; 1
8872; 2
8873; 1
8874; 2
8878; 1
8879; 2
8878; 1
8879; 2
8880; 1
8881; 2
8880; 1
8881; 2
8887; 1
8888; 2
8888; 1
8889; 2
8895; 1
8896; 2
8896; 1
8897; 2
8900; 1
8901; 2
8902; 1
8903; 2
8903; 1
8904; 2
8907; 1
8908; 2
8908; 1
8909; 2
8911; 1
8912; 2
8915; 1
8916; 2
8919; 1
8920; 2
8920; 1
8921; 2
8921; 1
8922; 2
8922; 1
8923; 2
8922; 1
8923; 2
8925; 1
8926; 2
8926; 1
8927; 2
8927; 1
8928; 2
8929; 1
8930; 2
8930; 1
8931; 2
8933; 1
8934; 2
8934; 1
8935; 2
8936; 1
8937; 2
8940; 1
8941; 2
8944; 1
8945; 2
8945; 1
8946; 2
8947; 1
8948; 2
8948; 1
8949; 2
8962; 1
8963; 2
8966; 1
8967; 2
8970; 1
8971; 2
8973; 1
8974; 2
8973; 1
8974; 2
8974; 1
8975; 2
8974; 1
8975; 2
8977; 1
8978; 2
8982; 1
8983; 2
8986; 1
8987; 2
8987; 1
8988; 2
8989; 1
8990; 2
8991; 1
8992; 2
8991; 1
8992; 2
8994; 1
8995; 2
9001; 1
9002; 2
9004; 1
9005; 2
9005; 1
9006; 2
9007; 1
9008; 2
9008; 1
9009; 2
9008; 1
9009; 2
9009; 1
9010; 2
9010; 1
9011; 2
9017; 1
9018; 2
9017; 1
9018; 2
9021; 1
9022; 2
9023; 1
9024; 2
9026; 1
9027; 2
9027; 1
9028; 2
9027; 1
9028; 2
9028; 1
9029; 2
9032; 1
9033; 2
9033; 1
9034; 2
9038; 1
9039; 2
9039; 1
9040; 2
9040; 1
9041; 2
9043; 1
9044; 2
9043; 1
9044; 2
9049; 1
9050; 2
9053; 1
9054; 2
9053; 1
9054; 2
9055; 1
9056; 2
9058; 1
9059; 2
9059; 1
9060; 2
9060; 1
9061; 2
9066; 1
9067; 2
9067; 1
9068; 2
9068; 1
9069; 2
9070; 1
9071; 2
9072; 1
9073; 2
9075; 1
9076; 2
9077; 1
9078; 2
9078; 1
9079; 2
9079; 1
9080; 2
9079; 1
9080; 2
9080; 1
9081; 2
9080; 1
9081; 2
9083; 1
9084; 2
9086; 1
9087; 2
9087; 1
9088; 2
9088; 1
9089; 2
9091; 1
9092; 2
9094; 1
9095; 2
9096; 1
9097; 2
9098; 1
9099; 2
9105; 1
9106; 2
9106; 1
9107; 2
9107; 1
9108; 2
9108; 1
9109; 2
9112; 1
9113; 2
9115; 1
9116; 2
9118; 1
9119; 2
9125; 1
9126; 2
9125; 1
9126; 2
9126; 1
9127; 2
9127; 1
9128; 2
9131; 1
9132; 2
9132; 1
9133; 2
9134; 1
9135; 2
9136; 1
9137; 2
9140; 1
9141; 2
9143; 1
9144; 2
9144; 1
9145; 2
9145; 1
9146; 2
9146; 1
9147; 2
9146; 1
9147; 2
9147; 1
9148; 2
9147; 1
9148; 2
9147; 1
9148; 2
9148; 1
9149; 2
9152; 1
9153; 2
9158; 1
9159; 2
9161; 1
9162; 2
9161; 1
9162; 2
9162; 1
9163; 2
9164; 1
9165; 2
9168; 1
9169; 2
9168; 1
9169; 2
9169; 1
9170; 2
9171; 1
9172; 2
9175; 1
9176; 2
9179; 1
9180; 2
9190; 1
9191; 2
9191; 1
9192; 2
9191; 1
9192; 2
9192; 1
9193; 2
9193; 1
9194; 2
9197; 1
9198; 2
9203; 1
9204; 2
9211; 1
9212; 2
9215; 1
9216; 2
9218; 1
9219; 2
9219; 1
9220; 2
9220; 1
9221; 2
9220; 1
9221; 2
9225; 1
9226; 2
9227; 1
9228; 2
9233; 1
9234; 2
9237; 1
9238; 2
9239; 1
9240; 2
9240; 1
9241; 2
9242; 1
9243; 2
9246; 1
9247; 2
9251; 1
9252; 2
9252; 1
9253; 2
9254; 1
9255; 2
9259; 1
9260; 2
9260; 1
9261; 2
9261; 1
9262; 2
9261; 1
9262; 2
9268; 1
9269; 2
9275; 1
9276; 2
9275; 1
9276; 2
9279; 1
9280; 2
9280; 1
9281; 2
9282; 1
9283; 2
9285; 1
9286; 2
9287; 1
9288; 2
9291; 1
9292; 2
9299; 1
9300; 2
9300; 1
9301; 2
9301; 1
9302; 2
9301; 1
9302; 2
9304; 1
9305; 2
9306; 1
9307; 2
9311; 1
9312; 2
9311; 1
9312; 2
9312; 1
9313; 2
9313; 1
9314; 2
9313; 1
9314; 2
9315; 1
9316; 2
9316; 1
9317; 2
9317; 1
9318; 2
9317; 1
9318; 2
9318; 1
9319; 2
9319; 1
9320; 2
9319; 1
9320; 2
9320; 1
9321; 2
9321; 1
9322; 2
9322; 1
9323; 2
9324; 1
9325; 2
9328; 1
9329; 2
9328; 1
9329; 2
9332; 1
9333; 2
9336; 1
9337; 2
9336; 1
9337; 2
9338; 1
9339; 2
9339; 1
9340; 2
9339; 1
9340; 2
9340; 1
9341; 2
9341; 1
9342; 2
9345; 1
9346; 2
9348; 1
9349; 2
9349; 1
9350; 2
9357; 1
9358; 2
9358; 1
9359; 2
9360; 1
9361; 2
9367; 1
9368; 2
9367; 1
9368; 2
9369; 1
9370; 2
9370; 1
9371; 2
9374; 1
9375; 2
9375; 1
9376; 2
9377; 1
9378; 2
9378; 1
9379; 2
9380; 1
9381; 2
9384; 1
9385; 2
9398; 1
9399; 2
9399; 1
9400; 2
9401; 1
9402; 2
9405; 1
9406; 2
9407; 1
9408; 2
9408; 1
9409; 2
9411; 1
9412; 2
9414; 1
9415; 2
9415; 1
9416; 2
9418; 1
9419; 2
9419; 1
9420; 2
9422; 1
9423; 2
9423; 1
9424; 2
9428; 1
9429; 2
9429; 1
9430; 2
9431; 1
9432; 2
9433; 1
9434; 2
9434; 1
9435; 2
9439; 1
9440; 2
9441; 1
9442; 2
9451; 1
9452; 2
9451; 1
9452; 2
9453; 1
9454; 2
9458; 1
9459; 2
9460; 1
9461; 2
9462; 1
9463; 2
9463; 1
9464; 2
9464; 1
9465; 2
9465; 1
9466; 2
9468; 1
9469; 2
9468; 1
9469; 2
9472; 1
9473; 2
9472; 1
9473; 2
9474; 1
9475; 2
9474; 1
9475; 2
9475; 1
9476; 2
9476; 1
9477; 2
9478; 1
9479; 2
9483; 1
9484; 2
9483; 1
9484; 2
9483; 1
9484; 2
9485; 1
9486; 2
9487; 1
9488; 2
9487; 1
9488; 2
9487; 1
9488; 2
9491; 1
9492; 2
9493; 1
9494; 2
9495; 1
9496; 2
9496; 1
9497; 2
9496; 1
9497; 2
9496; 1
9497; 2
9499; 1
9500; 2
9499; 1
9500; 2
9499; 1
9500; 2
9503; 1
9504; 2
9505; 1
9506; 2
9513; 1
9514; 2
9513; 1
9514; 2
9514; 1
9515; 2
9518; 1
9519; 2
9519; 1
9520; 2
9519; 1
9520; 2
9519; 1
9520; 2
9520; 1
9521; 2
9522; 1
9523; 2
9524; 1
9525; 2
9532; 1
9533; 2
9532; 1
9533; 2
9535; 1
9536; 2
9541; 1
9542; 2
9542; 1
9543; 2
9545; 1
9546; 2
9549; 1
9550; 2
9550; 1
9551; 2
9551; 1
9552; 2
9553; 1
9554; 2
9555; 1
9556; 2
9556; 1
9557; 2
9557; 1
9558; 2
9559; 1
9560; 2
9561; 1
9562; 2
9569; 1
9570; 2
9569; 1
9570; 2
9571; 1
9572; 2
9572; 1
9573; 2
9577; 1
9578; 2
9577; 1
9578; 2
9579; 1
9580; 2
9580; 1
9581; 2
9581; 1
9582; 2
9582; 1
9583; 2
9584; 1
9585; 2
9585; 1
9586; 2
9585; 1
9586; 2
9592; 1
9593; 2
9598; 1
9599; 2
9600; 1
9601; 2
9601; 1
9602; 2
9602; 1
9603; 2
9607; 1
9608; 2
9608; 1
9609; 2
9610; 1
9611; 2
9612; 1
9613; 2
9612; 1
9613; 2
9613; 1
9614; 2
9616; 1
9617; 2
9618; 1
9619; 2
9620; 1
9621; 2
9621; 1
9622; 2
9621; 1
9622; 2
9622; 1
9623; 2
9625; 1
9626; 2
9626; 1
9627; 2
9626; 1
9627; 2
9627; 1
9628; 2
9629; 1
9630; 2
9631; 1
9632; 2
9631; 1
9632; 2
9635; 1
9636; 2
9648; 1
9649; 2
9648; 1
9649; 2
9649; 1
9650; 2
9651; 1
9652; 2
9654; 1
9655; 2
9655; 1
9656; 2
9658; 1
9659; 2
9658; 1
9659; 2
9659; 1
9660; 2
9664; 1
9665; 2
9669; 1
9670; 2
9670; 1
9671; 2
9671; 1
9672; 2
9677; 1
9678; 2
9685; 1
9686; 2
9685; 1
9686; 2
9685; 1
9686; 2
9686; 1
9687; 2
9696; 1
9697; 2
9696; 1
9697; 2
9700; 1
9701; 2
9702; 1
9703; 2
9703; 1
9704; 2
9706; 1
9707; 2
9708; 1
9709; 2
9710; 1
9711; 2
9712; 1
9713; 2
9712; 1
9713; 2
9713; 1
9714; 2
9718; 1
9719; 2
9719; 1
9720; 2
9721; 1
9722; 2
9724; 1
9725; 2
9725; 1
9726; 2
9727; 1
9728; 2
9727; 1
9728; 2
9732; 1
9733; 2
9737; 1
9738; 2
9738; 1
9739; 2
9740; 1
9741; 2
9741; 1
9742; 2
9742; 1
9743; 2
9742; 1
9743; 2
9743; 1
9744; 2
9745; 1
9746; 2
9745; 1
9746; 2
9745; 1
9746; 2
9751; 1
9752; 2
9752; 1
9753; 2
9752; 1
9753; 2
9753; 1
9754; 2
9753; 1
9754; 2
9759; 1
9760; 2
9763; 1
9764; 2
9764; 1
9765; 2
9765; 1
9766; 2
9768; 1
9769; 2
9768; 1
9769; 2
9770; 1
9771; 2
9772; 1
9773; 2
9773; 1
9774; 2
9776; 1
9777; 2
9782; 1
9783; 2
9782; 1
9783; 2
9784; 1
9785; 2
9784; 1
9785; 2
9784; 1
9785; 2
9786; 1
9787; 2
9789; 1
9790; 2
9800; 1
9801; 2
9800; 1
9801; 2
9802; 1
9803; 2
9802; 1
9803; 2
9802; 1
9803; 2
9810; 1
9811; 2
9810; 1
9811; 2
9820; 1
9821; 2
9823; 1
9824; 2
9824; 1
9825; 2
9826; 1
9827; 2
9826; 1
9827; 2
9826; 1
9827; 2
9828; 1
9829; 2
9828; 1
9829; 2
9828; 1
9829; 2
9833; 1
9834; 2
9835; 1
9836; 2
9836; 1
9837; 2
9836; 1
9837; 2
9841; 1
9842; 2
9843; 1
9844; 2
9843; 1
9844; 2
9844; 1
9845; 2
9847; 1
9848; 2
9852; 1
9853; 2
9853; 1
9854; 2
9853; 1
9854; 2
9854; 1
9855; 2
9855; 1
9856; 2
9856; 1
9857; 2
9858; 1
9859; 2
9859; 1
9860; 2
9859; 1
9860; 2
9860; 1
9861; 2
9864; 1
9865; 2
9864; 1
9865; 2
9869; 1
9870; 2
9871; 1
9872; 2
9875; 1
9876; 2
9878; 1
9879; 2
9879; 1
9880; 2
9881; 1
9882; 2
9886; 1
9887; 2
9888; 1
9889; 2
9888; 1
9889; 2
9889; 1
9890; 2
9890; 1
9891; 2
9891; 1
9892; 2
9893; 1
9894; 2
9894; 1
9895; 2
9899; 1
9900; 2
9900; 1
9901; 2
9902; 1
9903; 2
9905; 1
9906; 2
9905; 1
9906; 2
9907; 1
9908; 2
9908; 1
9909; 2
9911; 1
9912; 2
9914; 1
9915; 2
9915; 1
9916; 2
9917; 1
9918; 2
9918; 1
9919; 2
9919; 1
9920; 2
9926; 1
9927; 2
9928; 1
9929; 2
9933; 1
9934; 2
9933; 1
9934; 2
9939; 1
9940; 2
9939; 1
9940; 2
9940; 1
9941; 2
9954; 1
9955; 2
9955; 1
9956; 2
9959; 1
9960; 2
9961; 1
9962; 2
9965; 1
9966; 2
9968; 1
9969; 2
9981; 1
9982; 2
9990; 1
9991; 2
9994; 1
9995; 2
9995; 1
9996; 2
9999; 1
10000; 2
10000; 1
10001; 2
10001; 1
10002; 2
10001; 1
10002; 2
10008; 1
10009; 2
