Sequence of timestamped events V1.0
Stream 6
Id =6
Name = Camera_6
Tbegin = 0
Tend = 10000
Count = 4000
28; 1
30; 2
32; 1
34; 2
32; 1
34; 2
33; 1
35; 2
37; 1
39; 2
39; 1
41; 2
41; 1
43; 2
41; 1
43; 2
42; 1
44; 2
42; 1
44; 2
42; 1
44; 2
43; 1
45; 2
44; 1
46; 2
53; 1
55; 2
53; 1
55; 2
56; 1
58; 2
57; 1
59; 2
66; 1
68; 2
66; 1
68; 2
67; 1
69; 2
68; 1
70; 2
71; 1
73; 2
72; 1
74; 2
76; 1
78; 2
84; 1
86; 2
85; 1
87; 2
87; 1
89; 2
88; 1
90; 2
90; 1
92; 2
91; 1
93; 2
93; 1
95; 2
95; 1
97; 2
95; 1
97; 2
95; 1
97; 2
95; 1
97; 2
96; 1
98; 2
98; 1
100; 2
99; 1
101; 2
100; 1
102; 2
103; 1
105; 2
103; 1
105; 2
104; 1
106; 2
108; 1
110; 2
115; 1
117; 2
116; 1
118; 2
118; 1
120; 2
120; 1
122; 2
125; 1
127; 2
129; 1
131; 2
131; 1
133; 2
131; 1
133; 2
131; 1
133; 2
132; 1
134; 2
134; 1
136; 2
136; 1
138; 2
137; 1
139; 2
137; 1
139; 2
138; 1
140; 2
139; 1
141; 2
143; 1
145; 2
147; 1
149; 2
150; 1
152; 2
154; 1
156; 2
156; 1
158; 2
156; 1
158; 2
157; 1
159; 2
159; 1
161; 2
160; 1
162; 2
161; 1
163; 2
161; 1
163; 2
162; 1
164; 2
163; 1
165; 2
166; 1
168; 2
168; 1
170; 2
169; 1
171; 2
172; 1
174; 2
172; 1
174; 2
174; 1
176; 2
175; 1
177; 2
180; 1
182; 2
183; 1
185; 2
191; 1
193; 2
192; 1
194; 2
193; 1
195; 2
197; 1
199; 2
198; 1
200; 2
199; 1
201; 2
200; 1
202; 2
205; 1
207; 2
207; 1
209; 2
209; 1
211; 2
213; 1
215; 2
213; 1
215; 2
213; 1
215; 2
214; 1
216; 2
218; 1
220; 2
224; 1
226; 2
226; 1
228; 2
226; 1
228; 2
230; 1
232; 2
234; 1
236; 2
237; 1
239; 2
237; 1
239; 2
240; 1
242; 2
243; 1
245; 2
245; 1
247; 2
247; 1
249; 2
247; 1
249; 2
266; 1
268; 2
268; 1
270; 2
269; 1
271; 2
271; 1
273; 2
271; 1
273; 2
283; 1
285; 2
284; 1
286; 2
285; 1
287; 2
287; 1
289; 2
291; 1
293; 2
293; 1
295; 2
293; 1
295; 2
295; 1
297; 2
296; 1
298; 2
299; 1
301; 2
305; 1
307; 2
309; 1
311; 2
323; 1
325; 2
326; 1
328; 2
326; 1
328; 2
328; 1
330; 2
335; 1
337; 2
343; 1
345; 2
344; 1
346; 2
347; 1
349; 2
347; 1
349; 2
347; 1
349; 2
358; 1
360; 2
361; 1
363; 2
370; 1
372; 2
378; 1
380; 2
379; 1
381; 2
394; 1
396; 2
398; 1
400; 2
400; 1
402; 2
407; 1
409; 2
409; 1
411; 2
411; 1
413; 2
412; 1
414; 2
412; 1
414; 2
413; 1
415; 2
414; 1
416; 2
423; 1
425; 2
426; 1
428; 2
427; 1
429; 2
432; 1
434; 2
433; 1
435; 2
437; 1
439; 2
437; 1
439; 2
438; 1
440; 2
439; 1
441; 2
443; 1
445; 2
443; 1
445; 2
449; 1
451; 2
450; 1
452; 2
451; 1
453; 2
453; 1
455; 2
463; 1
465; 2
463; 1
465; 2
465; 1
467; 2
466; 1
468; 2
467; 1
469; 2
474; 1
476; 2
479; 1
481; 2
480; 1
482; 2
481; 1
483; 2
482; 1
484; 2
482; 1
484; 2
482; 1
484; 2
483; 1
485; 2
484; 1
486; 2
484; 1
486; 2
485; 1
487; 2
490; 1
492; 2
493; 1
495; 2
500; 1
502; 2
501; 1
503; 2
503; 1
505; 2
510; 1
512; 2
512; 1
514; 2
516; 1
518; 2
517; 1
519; 2
518; 1
520; 2
524; 1
526; 2
525; 1
527; 2
529; 1
531; 2
533; 1
535; 2
534; 1
536; 2
538; 1
540; 2
540; 1
542; 2
540; 1
542; 2
541; 1
543; 2
544; 1
546; 2
548; 1
550; 2
548; 1
550; 2
549; 1
551; 2
553; 1
555; 2
559; 1
561; 2
559; 1
561; 2
561; 1
563; 2
562; 1
564; 2
566; 1
568; 2
566; 1
568; 2
567; 1
569; 2
575; 1
577; 2
578; 1
580; 2
579; 1
581; 2
582; 1
584; 2
582; 1
584; 2
586; 1
588; 2
587; 1
589; 2
589; 1
591; 2
596; 1
598; 2
601; 1
603; 2
603; 1
605; 2
608; 1
610; 2
609; 1
611; 2
610; 1
612; 2
611; 1
613; 2
611; 1
613; 2
621; 1
623; 2
621; 1
623; 2
622; 1
624; 2
625; 1
627; 2
631; 1
633; 2
634; 1
636; 2
635; 1
637; 2
635; 1
637; 2
639; 1
641; 2
639; 1
641; 2
642; 1
644; 2
645; 1
647; 2
647; 1
649; 2
651; 1
653; 2
657; 1
659; 2
659; 1
661; 2
660; 1
662; 2
660; 1
662; 2
662; 1
664; 2
664; 1
666; 2
664; 1
666; 2
666; 1
668; 2
668; 1
670; 2
675; 1
677; 2
676; 1
678; 2
677; 1
679; 2
680; 1
682; 2
682; 1
684; 2
682; 1
684; 2
690; 1
692; 2
691; 1
693; 2
693; 1
695; 2
695; 1
697; 2
701; 1
703; 2
703; 1
705; 2
703; 1
705; 2
703; 1
705; 2
705; 1
707; 2
705; 1
707; 2
708; 1
710; 2
711; 1
713; 2
713; 1
715; 2
715; 1
717; 2
720; 1
722; 2
737; 1
739; 2
737; 1
739; 2
739; 1
741; 2
740; 1
742; 2
744; 1
746; 2
745; 1
747; 2
745; 1
747; 2
751; 1
753; 2
753; 1
755; 2
756; 1
758; 2
757; 1
759; 2
761; 1
763; 2
761; 1
763; 2
764; 1
766; 2
769; 1
771; 2
773; 1
775; 2
773; 1
775; 2
775; 1
777; 2
780; 1
782; 2
782; 1
784; 2
784; 1
786; 2
785; 1
787; 2
785; 1
787; 2
786; 1
788; 2
786; 1
788; 2
789; 1
791; 2
793; 1
795; 2
796; 1
798; 2
798; 1
800; 2
798; 1
800; 2
798; 1
800; 2
799; 1
801; 2
799; 1
801; 2
807; 1
809; 2
807; 1
809; 2
809; 1
811; 2
812; 1
814; 2
816; 1
818; 2
822; 1
824; 2
824; 1
826; 2
824; 1
826; 2
826; 1
828; 2
827; 1
829; 2
828; 1
830; 2
829; 1
831; 2
835; 1
837; 2
835; 1
837; 2
836; 1
838; 2
839; 1
841; 2
839; 1
841; 2
839; 1
841; 2
840; 1
842; 2
841; 1
843; 2
843; 1
845; 2
847; 1
849; 2
854; 1
856; 2
856; 1
858; 2
865; 1
867; 2
868; 1
870; 2
870; 1
872; 2
871; 1
873; 2
872; 1
874; 2
876; 1
878; 2
876; 1
878; 2
876; 1
878; 2
885; 1
887; 2
887; 1
889; 2
889; 1
891; 2
891; 1
893; 2
905; 1
907; 2
905; 1
907; 2
905; 1
907; 2
910; 1
912; 2
911; 1
913; 2
915; 1
917; 2
920; 1
922; 2
920; 1
922; 2
927; 1
929; 2
930; 1
932; 2
931; 1
933; 2
932; 1
934; 2
934; 1
936; 2
938; 1
940; 2
940; 1
942; 2
941; 1
943; 2
942; 1
944; 2
943; 1
945; 2
943; 1
945; 2
945; 1
947; 2
945; 1
947; 2
948; 1
950; 2
951; 1
953; 2
954; 1
956; 2
954; 1
956; 2
957; 1
959; 2
963; 1
965; 2
963; 1
965; 2
965; 1
967; 2
965; 1
967; 2
967; 1
969; 2
969; 1
971; 2
972; 1
974; 2
973; 1
975; 2
978; 1
980; 2
979; 1
981; 2
981; 1
983; 2
984; 1
986; 2
987; 1
989; 2
989; 1
991; 2
998; 1
1000; 2
998; 1
1000; 2
1005; 1
1007; 2
1008; 1
1010; 2
1011; 1
1013; 2
1013; 1
1015; 2
1013; 1
1015; 2
1015; 1
1017; 2
1016; 1
1018; 2
1017; 1
1019; 2
1022; 1
1024; 2
1026; 1
1028; 2
1028; 1
1030; 2
1032; 1
1034; 2
1033; 1
1035; 2
1035; 1
1037; 2
1038; 1
1040; 2
1039; 1
1041; 2
1044; 1
1046; 2
1048; 1
1050; 2
1051; 1
1053; 2
1051; 1
1053; 2
1058; 1
1060; 2
1060; 1
1062; 2
1065; 1
1067; 2
1067; 1
1069; 2
1075; 1
1077; 2
1078; 1
1080; 2
1078; 1
1080; 2
1083; 1
1085; 2
1090; 1
1092; 2
1091; 1
1093; 2
1100; 1
1102; 2
1101; 1
1103; 2
1102; 1
1104; 2
1104; 1
1106; 2
1104; 1
1106; 2
1107; 1
1109; 2
1107; 1
1109; 2
1107; 1
1109; 2
1111; 1
1113; 2
1112; 1
1114; 2
1113; 1
1115; 2
1117; 1
1119; 2
1118; 1
1120; 2
1124; 1
1126; 2
1129; 1
1131; 2
1135; 1
1137; 2
1136; 1
1138; 2
1138; 1
1140; 2
1140; 1
1142; 2
1146; 1
1148; 2
1149; 1
1151; 2
1160; 1
1162; 2
1160; 1
1162; 2
1161; 1
1163; 2
1168; 1
1170; 2
1170; 1
1172; 2
1172; 1
1174; 2
1173; 1
1175; 2
1174; 1
1176; 2
1174; 1
1176; 2
1176; 1
1178; 2
1180; 1
1182; 2
1180; 1
1182; 2
1183; 1
1185; 2
1185; 1
1187; 2
1187; 1
1189; 2
1187; 1
1189; 2
1188; 1
1190; 2
1188; 1
1190; 2
1190; 1
1192; 2
1192; 1
1194; 2
1197; 1
1199; 2
1197; 1
1199; 2
1202; 1
1204; 2
1204; 1
1206; 2
1205; 1
1207; 2
1206; 1
1208; 2
1211; 1
1213; 2
1211; 1
1213; 2
1214; 1
1216; 2
1215; 1
1217; 2
1218; 1
1220; 2
1219; 1
1221; 2
1221; 1
1223; 2
1221; 1
1223; 2
1222; 1
1224; 2
1223; 1
1225; 2
1234; 1
1236; 2
1238; 1
1240; 2
1245; 1
1247; 2
1247; 1
1249; 2
1249; 1
1251; 2
1254; 1
1256; 2
1258; 1
1260; 2
1259; 1
1261; 2
1259; 1
1261; 2
1259; 1
1261; 2
1261; 1
1263; 2
1262; 1
1264; 2
1262; 1
1264; 2
1266; 1
1268; 2
1267; 1
1269; 2
1269; 1
1271; 2
1272; 1
1274; 2
1272; 1
1274; 2
1273; 1
1275; 2
1273; 1
1275; 2
1274; 1
1276; 2
1274; 1
1276; 2
1276; 1
1278; 2
1277; 1
1279; 2
1277; 1
1279; 2
1281; 1
1283; 2
1283; 1
1285; 2
1286; 1
1288; 2
1287; 1
1289; 2
1290; 1
1292; 2
1291; 1
1293; 2
1296; 1
1298; 2
1301; 1
1303; 2
1301; 1
1303; 2
1304; 1
1306; 2
1306; 1
1308; 2
1310; 1
1312; 2
1311; 1
1313; 2
1313; 1
1315; 2
1314; 1
1316; 2
1317; 1
1319; 2
1319; 1
1321; 2
1321; 1
1323; 2
1326; 1
1328; 2
1326; 1
1328; 2
1330; 1
1332; 2
1333; 1
1335; 2
1334; 1
1336; 2
1335; 1
1337; 2
1336; 1
1338; 2
1337; 1
1339; 2
1339; 1
1341; 2
1340; 1
1342; 2
1341; 1
1343; 2
1342; 1
1344; 2
1343; 1
1345; 2
1344; 1
1346; 2
1344; 1
1346; 2
1345; 1
1347; 2
1346; 1
1348; 2
1349; 1
1351; 2
1354; 1
1356; 2
1358; 1
1360; 2
1359; 1
1361; 2
1359; 1
1361; 2
1360; 1
1362; 2
1360; 1
1362; 2
1360; 1
1362; 2
1362; 1
1364; 2
1362; 1
1364; 2
1363; 1
1365; 2
1369; 1
1371; 2
1370; 1
1372; 2
1372; 1
1374; 2
1372; 1
1374; 2
1373; 1
1375; 2
1373; 1
1375; 2
1375; 1
1377; 2
1376; 1
1378; 2
1377; 1
1379; 2
1378; 1
1380; 2
1380; 1
1382; 2
1383; 1
1385; 2
1383; 1
1385; 2
1386; 1
1388; 2
1391; 1
1393; 2
1392; 1
1394; 2
1392; 1
1394; 2
1396; 1
1398; 2
1398; 1
1400; 2
1400; 1
1402; 2
1402; 1
1404; 2
1407; 1
1409; 2
1407; 1
1409; 2
1409; 1
1411; 2
1410; 1
1412; 2
1412; 1
1414; 2
1413; 1
1415; 2
1415; 1
1417; 2
1417; 1
1419; 2
1420; 1
1422; 2
1423; 1
1425; 2
1430; 1
1432; 2
1433; 1
1435; 2
1443; 1
1445; 2
1445; 1
1447; 2
1450; 1
1452; 2
1453; 1
1455; 2
1455; 1
1457; 2
1456; 1
1458; 2
1458; 1
1460; 2
1458; 1
1460; 2
1459; 1
1461; 2
1463; 1
1465; 2
1464; 1
1466; 2
1470; 1
1472; 2
1471; 1
1473; 2
1471; 1
1473; 2
1472; 1
1474; 2
1473; 1
1475; 2
1474; 1
1476; 2
1479; 1
1481; 2
1487; 1
1489; 2
1491; 1
1493; 2
1492; 1
1494; 2
1492; 1
1494; 2
1495; 1
1497; 2
1495; 1
1497; 2
1497; 1
1499; 2
1498; 1
1500; 2
1501; 1
1503; 2
1505; 1
1507; 2
1506; 1
1508; 2
1506; 1
1508; 2
1508; 1
1510; 2
1509; 1
1511; 2
1513; 1
1515; 2
1514; 1
1516; 2
1514; 1
1516; 2
1516; 1
1518; 2
1520; 1
1522; 2
1523; 1
1525; 2
1528; 1
1530; 2
1528; 1
1530; 2
1529; 1
1531; 2
1531; 1
1533; 2
1535; 1
1537; 2
1542; 1
1544; 2
1543; 1
1545; 2
1545; 1
1547; 2
1545; 1
1547; 2
1548; 1
1550; 2
1568; 1
1570; 2
1572; 1
1574; 2
1573; 1
1575; 2
1575; 1
1577; 2
1575; 1
1577; 2
1576; 1
1578; 2
1587; 1
1589; 2
1588; 1
1590; 2
1589; 1
1591; 2
1593; 1
1595; 2
1597; 1
1599; 2
1598; 1
1600; 2
1601; 1
1603; 2
1601; 1
1603; 2
1601; 1
1603; 2
1602; 1
1604; 2
1604; 1
1606; 2
1607; 1
1609; 2
1608; 1
1610; 2
1610; 1
1612; 2
1610; 1
1612; 2
1612; 1
1614; 2
1612; 1
1614; 2
1613; 1
1615; 2
1616; 1
1618; 2
1621; 1
1623; 2
1621; 1
1623; 2
1626; 1
1628; 2
1627; 1
1629; 2
1632; 1
1634; 2
1634; 1
1636; 2
1634; 1
1636; 2
1635; 1
1637; 2
1636; 1
1638; 2
1638; 1
1640; 2
1638; 1
1640; 2
1644; 1
1646; 2
1650; 1
1652; 2
1651; 1
1653; 2
1652; 1
1654; 2
1653; 1
1655; 2
1656; 1
1658; 2
1656; 1
1658; 2
1658; 1
1660; 2
1658; 1
1660; 2
1666; 1
1668; 2
1667; 1
1669; 2
1667; 1
1669; 2
1669; 1
1671; 2
1669; 1
1671; 2
1670; 1
1672; 2
1672; 1
1674; 2
1672; 1
1674; 2
1673; 1
1675; 2
1673; 1
1675; 2
1676; 1
1678; 2
1678; 1
1680; 2
1679; 1
1681; 2
1679; 1
1681; 2
1681; 1
1683; 2
1682; 1
1684; 2
1683; 1
1685; 2
1684; 1
1686; 2
1685; 1
1687; 2
1690; 1
1692; 2
1695; 1
1697; 2
1700; 1
1702; 2
1704; 1
1706; 2
1710; 1
1712; 2
1714; 1
1716; 2
1714; 1
1716; 2
1716; 1
1718; 2
1716; 1
1718; 2
1719; 1
1721; 2
1723; 1
1725; 2
1730; 1
1732; 2
1731; 1
1733; 2
1731; 1
1733; 2
1732; 1
1734; 2
1733; 1
1735; 2
1735; 1
1737; 2
1735; 1
1737; 2
1736; 1
1738; 2
1738; 1
1740; 2
1739; 1
1741; 2
1740; 1
1742; 2
1743; 1
1745; 2
1746; 1
1748; 2
1746; 1
1748; 2
1747; 1
1749; 2
1748; 1
1750; 2
1749; 1
1751; 2
1757; 1
1759; 2
1760; 1
1762; 2
1761; 1
1763; 2
1761; 1
1763; 2
1779; 1
1781; 2
1783; 1
1785; 2
1786; 1
1788; 2
1787; 1
1789; 2
1788; 1
1790; 2
1789; 1
1791; 2
1794; 1
1796; 2
1795; 1
1797; 2
1795; 1
1797; 2
1798; 1
1800; 2
1799; 1
1801; 2
1803; 1
1805; 2
1806; 1
1808; 2
1811; 1
1813; 2
1813; 1
1815; 2
1813; 1
1815; 2
1814; 1
1816; 2
1815; 1
1817; 2
1821; 1
1823; 2
1825; 1
1827; 2
1835; 1
1837; 2
1838; 1
1840; 2
1839; 1
1841; 2
1848; 1
1850; 2
1854; 1
1856; 2
1856; 1
1858; 2
1860; 1
1862; 2
1860; 1
1862; 2
1862; 1
1864; 2
1863; 1
1865; 2
1865; 1
1867; 2
1866; 1
1868; 2
1868; 1
1870; 2
1869; 1
1871; 2
1873; 1
1875; 2
1876; 1
1878; 2
1877; 1
1879; 2
1883; 1
1885; 2
1886; 1
1888; 2
1888; 1
1890; 2
1891; 1
1893; 2
1891; 1
1893; 2
1894; 1
1896; 2
1895; 1
1897; 2
1896; 1
1898; 2
1898; 1
1900; 2
1899; 1
1901; 2
1905; 1
1907; 2
1906; 1
1908; 2
1909; 1
1911; 2
1910; 1
1912; 2
1910; 1
1912; 2
1912; 1
1914; 2
1914; 1
1916; 2
1916; 1
1918; 2
1919; 1
1921; 2
1920; 1
1922; 2
1924; 1
1926; 2
1927; 1
1929; 2
1928; 1
1930; 2
1928; 1
1930; 2
1929; 1
1931; 2
1929; 1
1931; 2
1932; 1
1934; 2
1932; 1
1934; 2
1933; 1
1935; 2
1934; 1
1936; 2
1938; 1
1940; 2
1940; 1
1942; 2
1944; 1
1946; 2
1956; 1
1958; 2
1957; 1
1959; 2
1963; 1
1965; 2
1963; 1
1965; 2
1968; 1
1970; 2
1973; 1
1975; 2
1981; 1
1983; 2
1983; 1
1985; 2
1984; 1
1986; 2
1984; 1
1986; 2
1986; 1
1988; 2
1997; 1
1999; 2
1997; 1
1999; 2
2005; 1
2007; 2
2007; 1
2009; 2
2007; 1
2009; 2
2011; 1
2013; 2
2011; 1
2013; 2
2012; 1
2014; 2
2013; 1
2015; 2
2013; 1
2015; 2
2020; 1
2022; 2
2020; 1
2022; 2
2020; 1
2022; 2
2030; 1
2032; 2
2032; 1
2034; 2
2033; 1
2035; 2
2033; 1
2035; 2
2033; 1
2035; 2
2038; 1
2040; 2
2042; 1
2044; 2
2045; 1
2047; 2
2046; 1
2048; 2
2049; 1
2051; 2
2051; 1
2053; 2
2052; 1
2054; 2
2054; 1
2056; 2
2054; 1
2056; 2
2055; 1
2057; 2
2057; 1
2059; 2
2061; 1
2063; 2
2062; 1
2064; 2
2065; 1
2067; 2
2069; 1
2071; 2
2070; 1
2072; 2
2071; 1
2073; 2
2071; 1
2073; 2
2073; 1
2075; 2
2074; 1
2076; 2
2077; 1
2079; 2
2079; 1
2081; 2
2080; 1
2082; 2
2081; 1
2083; 2
2083; 1
2085; 2
2084; 1
2086; 2
2085; 1
2087; 2
2093; 1
2095; 2
2096; 1
2098; 2
2097; 1
2099; 2
2100; 1
2102; 2
2101; 1
2103; 2
2101; 1
2103; 2
2106; 1
2108; 2
2115; 1
2117; 2
2120; 1
2122; 2
2130; 1
2132; 2
2131; 1
2133; 2
2135; 1
2137; 2
2135; 1
2137; 2
2139; 1
2141; 2
2140; 1
2142; 2
2144; 1
2146; 2
2144; 1
2146; 2
2145; 1
2147; 2
2148; 1
2150; 2
2148; 1
2150; 2
2149; 1
2151; 2
2160; 1
2162; 2
2164; 1
2166; 2
2165; 1
2167; 2
2165; 1
2167; 2
2165; 1
2167; 2
2166; 1
2168; 2
2170; 1
2172; 2
2174; 1
2176; 2
2174; 1
2176; 2
2176; 1
2178; 2
2176; 1
2178; 2
2177; 1
2179; 2
2178; 1
2180; 2
2188; 1
2190; 2
2193; 1
2195; 2
2193; 1
2195; 2
2196; 1
2198; 2
2196; 1
2198; 2
2196; 1
2198; 2
2199; 1
2201; 2
2200; 1
2202; 2
2203; 1
2205; 2
2209; 1
2211; 2
2211; 1
2213; 2
2211; 1
2213; 2
2211; 1
2213; 2
2213; 1
2215; 2
2214; 1
2216; 2
2214; 1
2216; 2
2223; 1
2225; 2
2224; 1
2226; 2
2227; 1
2229; 2
2229; 1
2231; 2
2231; 1
2233; 2
2236; 1
2238; 2
2238; 1
2240; 2
2239; 1
2241; 2
2242; 1
2244; 2
2243; 1
2245; 2
2244; 1
2246; 2
2255; 1
2257; 2
2260; 1
2262; 2
2261; 1
2263; 2
2263; 1
2265; 2
2264; 1
2266; 2
2268; 1
2270; 2
2270; 1
2272; 2
2271; 1
2273; 2
2272; 1
2274; 2
2274; 1
2276; 2
2276; 1
2278; 2
2277; 1
2279; 2
2277; 1
2279; 2
2281; 1
2283; 2
2283; 1
2285; 2
2284; 1
2286; 2
2284; 1
2286; 2
2284; 1
2286; 2
2285; 1
2287; 2
2285; 1
2287; 2
2287; 1
2289; 2
2288; 1
2290; 2
2288; 1
2290; 2
2290; 1
2292; 2
2291; 1
2293; 2
2292; 1
2294; 2
2292; 1
2294; 2
2293; 1
2295; 2
2294; 1
2296; 2
2299; 1
2301; 2
2301; 1
2303; 2
2302; 1
2304; 2
2304; 1
2306; 2
2314; 1
2316; 2
2315; 1
2317; 2
2316; 1
2318; 2
2317; 1
2319; 2
2321; 1
2323; 2
2322; 1
2324; 2
2322; 1
2324; 2
2324; 1
2326; 2
2326; 1
2328; 2
2329; 1
2331; 2
2331; 1
2333; 2
2334; 1
2336; 2
2334; 1
2336; 2
2336; 1
2338; 2
2341; 1
2343; 2
2346; 1
2348; 2
2347; 1
2349; 2
2349; 1
2351; 2
2356; 1
2358; 2
2358; 1
2360; 2
2360; 1
2362; 2
2363; 1
2365; 2
2373; 1
2375; 2
2375; 1
2377; 2
2377; 1
2379; 2
2377; 1
2379; 2
2379; 1
2381; 2
2384; 1
2386; 2
2387; 1
2389; 2
2395; 1
2397; 2
2396; 1
2398; 2
2397; 1
2399; 2
2400; 1
2402; 2
2401; 1
2403; 2
2404; 1
2406; 2
2406; 1
2408; 2
2408; 1
2410; 2
2409; 1
2411; 2
2416; 1
2418; 2
2422; 1
2424; 2
2424; 1
2426; 2
2425; 1
2427; 2
2429; 1
2431; 2
2429; 1
2431; 2
2433; 1
2435; 2
2436; 1
2438; 2
2442; 1
2444; 2
2444; 1
2446; 2
2445; 1
2447; 2
2446; 1
2448; 2
2448; 1
2450; 2
2451; 1
2453; 2
2452; 1
2454; 2
2456; 1
2458; 2
2456; 1
2458; 2
2461; 1
2463; 2
2466; 1
2468; 2
2468; 1
2470; 2
2468; 1
2470; 2
2472; 1
2474; 2
2475; 1
2477; 2
2477; 1
2479; 2
2481; 1
2483; 2
2488; 1
2490; 2
2489; 1
2491; 2
2489; 1
2491; 2
2489; 1
2491; 2
2491; 1
2493; 2
2492; 1
2494; 2
2492; 1
2494; 2
2493; 1
2495; 2
2494; 1
2496; 2
2500; 1
2502; 2
2500; 1
2502; 2
2503; 1
2505; 2
2503; 1
2505; 2
2505; 1
2507; 2
2510; 1
2512; 2
2513; 1
2515; 2
2513; 1
2515; 2
2517; 1
2519; 2
2521; 1
2523; 2
2523; 1
2525; 2
2525; 1
2527; 2
2525; 1
2527; 2
2528; 1
2530; 2
2528; 1
2530; 2
2530; 1
2532; 2
2533; 1
2535; 2
2534; 1
2536; 2
2535; 1
2537; 2
2537; 1
2539; 2
2538; 1
2540; 2
2547; 1
2549; 2
2550; 1
2552; 2
2550; 1
2552; 2
2552; 1
2554; 2
2556; 1
2558; 2
2558; 1
2560; 2
2560; 1
2562; 2
2565; 1
2567; 2
2566; 1
2568; 2
2569; 1
2571; 2
2570; 1
2572; 2
2577; 1
2579; 2
2582; 1
2584; 2
2585; 1
2587; 2
2586; 1
2588; 2
2587; 1
2589; 2
2588; 1
2590; 2
2589; 1
2591; 2
2589; 1
2591; 2
2593; 1
2595; 2
2595; 1
2597; 2
2595; 1
2597; 2
2597; 1
2599; 2
2598; 1
2600; 2
2603; 1
2605; 2
2612; 1
2614; 2
2615; 1
2617; 2
2616; 1
2618; 2
2625; 1
2627; 2
2627; 1
2629; 2
2629; 1
2631; 2
2629; 1
2631; 2
2630; 1
2632; 2
2633; 1
2635; 2
2634; 1
2636; 2
2639; 1
2641; 2
2641; 1
2643; 2
2641; 1
2643; 2
2648; 1
2650; 2
2649; 1
2651; 2
2657; 1
2659; 2
2658; 1
2660; 2
2658; 1
2660; 2
2661; 1
2663; 2
2667; 1
2669; 2
2668; 1
2670; 2
2684; 1
2686; 2
2685; 1
2687; 2
2686; 1
2688; 2
2692; 1
2694; 2
2693; 1
2695; 2
2693; 1
2695; 2
2700; 1
2702; 2
2701; 1
2703; 2
2706; 1
2708; 2
2709; 1
2711; 2
2720; 1
2722; 2
2725; 1
2727; 2
2726; 1
2728; 2
2727; 1
2729; 2
2730; 1
2732; 2
2735; 1
2737; 2
2737; 1
2739; 2
2738; 1
2740; 2
2738; 1
2740; 2
2740; 1
2742; 2
2743; 1
2745; 2
2745; 1
2747; 2
2746; 1
2748; 2
2748; 1
2750; 2
2748; 1
2750; 2
2759; 1
2761; 2
2763; 1
2765; 2
2763; 1
2765; 2
2764; 1
2766; 2
2764; 1
2766; 2
2769; 1
2771; 2
2772; 1
2774; 2
2776; 1
2778; 2
2778; 1
2780; 2
2783; 1
2785; 2
2787; 1
2789; 2
2791; 1
2793; 2
2795; 1
2797; 2
2795; 1
2797; 2
2800; 1
2802; 2
2801; 1
2803; 2
2810; 1
2812; 2
2810; 1
2812; 2
2812; 1
2814; 2
2813; 1
2815; 2
2814; 1
2816; 2
2815; 1
2817; 2
2818; 1
2820; 2
2820; 1
2822; 2
2821; 1
2823; 2
2823; 1
2825; 2
2824; 1
2826; 2
2828; 1
2830; 2
2832; 1
2834; 2
2835; 1
2837; 2
2835; 1
2837; 2
2836; 1
2838; 2
2836; 1
2838; 2
2837; 1
2839; 2
2840; 1
2842; 2
2840; 1
2842; 2
2842; 1
2844; 2
2846; 1
2848; 2
2850; 1
2852; 2
2854; 1
2856; 2
2854; 1
2856; 2
2855; 1
2857; 2
2855; 1
2857; 2
2857; 1
2859; 2
2858; 1
2860; 2
2859; 1
2861; 2
2862; 1
2864; 2
2865; 1
2867; 2
2867; 1
2869; 2
2868; 1
2870; 2
2869; 1
2871; 2
2870; 1
2872; 2
2874; 1
2876; 2
2876; 1
2878; 2
2877; 1
2879; 2
2877; 1
2879; 2
2877; 1
2879; 2
2879; 1
2881; 2
2880; 1
2882; 2
2883; 1
2885; 2
2888; 1
2890; 2
2889; 1
2891; 2
2891; 1
2893; 2
2895; 1
2897; 2
2901; 1
2903; 2
2901; 1
2903; 2
2905; 1
2907; 2
2912; 1
2914; 2
2915; 1
2917; 2
2918; 1
2920; 2
2918; 1
2920; 2
2919; 1
2921; 2
2920; 1
2922; 2
2920; 1
2922; 2
2922; 1
2924; 2
2924; 1
2926; 2
2924; 1
2926; 2
2926; 1
2928; 2
2927; 1
2929; 2
2929; 1
2931; 2
2931; 1
2933; 2
2932; 1
2934; 2
2933; 1
2935; 2
2943; 1
2945; 2
2943; 1
2945; 2
2947; 1
2949; 2
2947; 1
2949; 2
2961; 1
2963; 2
2964; 1
2966; 2
2965; 1
2967; 2
2967; 1
2969; 2
2967; 1
2969; 2
2977; 1
2979; 2
2977; 1
2979; 2
2980; 1
2982; 2
2984; 1
2986; 2
2995; 1
2997; 2
2998; 1
3000; 2
3004; 1
3006; 2
3005; 1
3007; 2
3011; 1
3013; 2
3016; 1
3018; 2
3016; 1
3018; 2
3020; 1
3022; 2
3022; 1
3024; 2
3027; 1
3029; 2
3031; 1
3033; 2
3033; 1
3035; 2
3034; 1
3036; 2
3035; 1
3037; 2
3036; 1
3038; 2
3042; 1
3044; 2
3046; 1
3048; 2
3054; 1
3056; 2
3060; 1
3062; 2
3061; 1
3063; 2
3063; 1
3065; 2
3063; 1
3065; 2
3064; 1
3066; 2
3064; 1
3066; 2
3065; 1
3067; 2
3070; 1
3072; 2
3073; 1
3075; 2
3076; 1
3078; 2
3080; 1
3082; 2
3085; 1
3087; 2
3089; 1
3091; 2
3092; 1
3094; 2
3093; 1
3095; 2
3093; 1
3095; 2
3094; 1
3096; 2
3095; 1
3097; 2
3095; 1
3097; 2
3097; 1
3099; 2
3099; 1
3101; 2
3101; 1
3103; 2
3104; 1
3106; 2
3109; 1
3111; 2
3109; 1
3111; 2
3110; 1
3112; 2
3111; 1
3113; 2
3122; 1
3124; 2
3122; 1
3124; 2
3124; 1
3126; 2
3127; 1
3129; 2
3129; 1
3131; 2
3130; 1
3132; 2
3131; 1
3133; 2
3132; 1
3134; 2
3133; 1
3135; 2
3134; 1
3136; 2
3135; 1
3137; 2
3136; 1
3138; 2
3139; 1
3141; 2
3141; 1
3143; 2
3144; 1
3146; 2
3145; 1
3147; 2
3146; 1
3148; 2
3147; 1
3149; 2
3153; 1
3155; 2
3153; 1
3155; 2
3156; 1
3158; 2
3157; 1
3159; 2
3157; 1
3159; 2
3161; 1
3163; 2
3162; 1
3164; 2
3163; 1
3165; 2
3163; 1
3165; 2
3163; 1
3165; 2
3163; 1
3165; 2
3164; 1
3166; 2
3164; 1
3166; 2
3165; 1
3167; 2
3172; 1
3174; 2
3177; 1
3179; 2
3179; 1
3181; 2
3179; 1
3181; 2
3180; 1
3182; 2
3182; 1
3184; 2
3183; 1
3185; 2
3186; 1
3188; 2
3187; 1
3189; 2
3192; 1
3194; 2
3193; 1
3195; 2
3194; 1
3196; 2
3195; 1
3197; 2
3196; 1
3198; 2
3197; 1
3199; 2
3200; 1
3202; 2
3200; 1
3202; 2
3201; 1
3203; 2
3202; 1
3204; 2
3206; 1
3208; 2
3212; 1
3214; 2
3219; 1
3221; 2
3219; 1
3221; 2
3223; 1
3225; 2
3224; 1
3226; 2
3231; 1
3233; 2
3234; 1
3236; 2
3239; 1
3241; 2
3241; 1
3243; 2
3245; 1
3247; 2
3246; 1
3248; 2
3247; 1
3249; 2
3248; 1
3250; 2
3249; 1
3251; 2
3249; 1
3251; 2
3251; 1
3253; 2
3253; 1
3255; 2
3253; 1
3255; 2
3255; 1
3257; 2
3256; 1
3258; 2
3257; 1
3259; 2
3258; 1
3260; 2
3258; 1
3260; 2
3262; 1
3264; 2
3263; 1
3265; 2
3266; 1
3268; 2
3267; 1
3269; 2
3267; 1
3269; 2
3270; 1
3272; 2
3272; 1
3274; 2
3281; 1
3283; 2
3286; 1
3288; 2
3287; 1
3289; 2
3289; 1
3291; 2
3292; 1
3294; 2
3295; 1
3297; 2
3295; 1
3297; 2
3297; 1
3299; 2
3297; 1
3299; 2
3299; 1
3301; 2
3300; 1
3302; 2
3303; 1
3305; 2
3306; 1
3308; 2
3308; 1
3310; 2
3312; 1
3314; 2
3314; 1
3316; 2
3316; 1
3318; 2
3316; 1
3318; 2
3317; 1
3319; 2
3318; 1
3320; 2
3319; 1
3321; 2
3322; 1
3324; 2
3331; 1
3333; 2
3334; 1
3336; 2
3336; 1
3338; 2
3336; 1
3338; 2
3339; 1
3341; 2
3342; 1
3344; 2
3342; 1
3344; 2
3343; 1
3345; 2
3345; 1
3347; 2
3345; 1
3347; 2
3347; 1
3349; 2
3349; 1
3351; 2
3351; 1
3353; 2
3352; 1
3354; 2
3354; 1
3356; 2
3354; 1
3356; 2
3365; 1
3367; 2
3366; 1
3368; 2
3367; 1
3369; 2
3369; 1
3371; 2
3369; 1
3371; 2
3376; 1
3378; 2
3377; 1
3379; 2
3379; 1
3381; 2
3381; 1
3383; 2
3381; 1
3383; 2
3383; 1
3385; 2
3384; 1
3386; 2
3385; 1
3387; 2
3387; 1
3389; 2
3388; 1
3390; 2
3390; 1
3392; 2
3392; 1
3394; 2
3398; 1
3400; 2
3406; 1
3408; 2
3407; 1
3409; 2
3411; 1
3413; 2
3411; 1
3413; 2
3416; 1
3418; 2
3421; 1
3423; 2
3421; 1
3423; 2
3424; 1
3426; 2
3425; 1
3427; 2
3431; 1
3433; 2
3438; 1
3440; 2
3439; 1
3441; 2
3439; 1
3441; 2
3440; 1
3442; 2
3442; 1
3444; 2
3444; 1
3446; 2
3446; 1
3448; 2
3451; 1
3453; 2
3451; 1
3453; 2
3454; 1
3456; 2
3456; 1
3458; 2
3457; 1
3459; 2
3457; 1
3459; 2
3460; 1
3462; 2
3460; 1
3462; 2
3469; 1
3471; 2
3478; 1
3480; 2
3478; 1
3480; 2
3483; 1
3485; 2
3486; 1
3488; 2
3488; 1
3490; 2
3491; 1
3493; 2
3494; 1
3496; 2
3496; 1
3498; 2
3497; 1
3499; 2
3498; 1
3500; 2
3499; 1
3501; 2
3500; 1
3502; 2
3500; 1
3502; 2
3501; 1
3503; 2
3501; 1
3503; 2
3507; 1
3509; 2
3507; 1
3509; 2
3513; 1
3515; 2
3517; 1
3519; 2
3517; 1
3519; 2
3519; 1
3521; 2
3520; 1
3522; 2
3520; 1
3522; 2
3523; 1
3525; 2
3527; 1
3529; 2
3528; 1
3530; 2
3530; 1
3532; 2
3532; 1
3534; 2
3533; 1
3535; 2
3536; 1
3538; 2
3536; 1
3538; 2
3539; 1
3541; 2
3546; 1
3548; 2
3548; 1
3550; 2
3548; 1
3550; 2
3550; 1
3552; 2
3552; 1
3554; 2
3554; 1
3556; 2
3556; 1
3558; 2
3557; 1
3559; 2
3561; 1
3563; 2
3565; 1
3567; 2
3569; 1
3571; 2
3571; 1
3573; 2
3571; 1
3573; 2
3581; 1
3583; 2
3581; 1
3583; 2
3582; 1
3584; 2
3593; 1
3595; 2
3595; 1
3597; 2
3595; 1
3597; 2
3597; 1
3599; 2
3599; 1
3601; 2
3600; 1
3602; 2
3602; 1
3604; 2
3603; 1
3605; 2
3610; 1
3612; 2
3611; 1
3613; 2
3612; 1
3614; 2
3615; 1
3617; 2
3618; 1
3620; 2
3621; 1
3623; 2
3621; 1
3623; 2
3624; 1
3626; 2
3628; 1
3630; 2
3628; 1
3630; 2
3629; 1
3631; 2
3634; 1
3636; 2
3635; 1
3637; 2
3635; 1
3637; 2
3638; 1
3640; 2
3640; 1
3642; 2
3641; 1
3643; 2
3642; 1
3644; 2
3643; 1
3645; 2
3646; 1
3648; 2
3648; 1
3650; 2
3658; 1
3660; 2
3662; 1
3664; 2
3669; 1
3671; 2
3671; 1
3673; 2
3676; 1
3678; 2
3677; 1
3679; 2
3680; 1
3682; 2
3683; 1
3685; 2
3685; 1
3687; 2
3697; 1
3699; 2
3698; 1
3700; 2
3702; 1
3704; 2
3702; 1
3704; 2
3703; 1
3705; 2
3703; 1
3705; 2
3704; 1
3706; 2
3707; 1
3709; 2
3714; 1
3716; 2
3717; 1
3719; 2
3727; 1
3729; 2
3736; 1
3738; 2
3736; 1
3738; 2
3737; 1
3739; 2
3746; 1
3748; 2
3746; 1
3748; 2
3748; 1
3750; 2
3749; 1
3751; 2
3750; 1
3752; 2
3751; 1
3753; 2
3751; 1
3753; 2
3753; 1
3755; 2
3755; 1
3757; 2
3759; 1
3761; 2
3762; 1
3764; 2
3765; 1
3767; 2
3772; 1
3774; 2
3777; 1
3779; 2
3777; 1
3779; 2
3780; 1
3782; 2
3784; 1
3786; 2
3785; 1
3787; 2
3787; 1
3789; 2
3804; 1
3806; 2
3807; 1
3809; 2
3808; 1
3810; 2
3811; 1
3813; 2
3812; 1
3814; 2
3813; 1
3815; 2
3813; 1
3815; 2
3821; 1
3823; 2
3829; 1
3831; 2
3829; 1
3831; 2
3832; 1
3834; 2
3835; 1
3837; 2
3835; 1
3837; 2
3838; 1
3840; 2
3840; 1
3842; 2
3842; 1
3844; 2
3843; 1
3845; 2
3844; 1
3846; 2
3848; 1
3850; 2
3852; 1
3854; 2
3855; 1
3857; 2
3857; 1
3859; 2
3859; 1
3861; 2
3861; 1
3863; 2
3863; 1
3865; 2
3865; 1
3867; 2
3867; 1
3869; 2
3871; 1
3873; 2
3874; 1
3876; 2
3874; 1
3876; 2
3875; 1
3877; 2
3878; 1
3880; 2
3882; 1
3884; 2
3883; 1
3885; 2
3884; 1
3886; 2
3884; 1
3886; 2
3886; 1
3888; 2
3890; 1
3892; 2
3893; 1
3895; 2
3897; 1
3899; 2
3898; 1
3900; 2
3899; 1
3901; 2
3902; 1
3904; 2
3905; 1
3907; 2
3907; 1
3909; 2
3908; 1
3910; 2
3908; 1
3910; 2
3911; 1
3913; 2
3913; 1
3915; 2
3914; 1
3916; 2
3914; 1
3916; 2
3914; 1
3916; 2
3919; 1
3921; 2
3927; 1
3929; 2
3927; 1
3929; 2
3928; 1
3930; 2
3933; 1
3935; 2
3934; 1
3936; 2
3936; 1
3938; 2
3936; 1
3938; 2
3937; 1
3939; 2
3941; 1
3943; 2
3942; 1
3944; 2
3946; 1
3948; 2
3947; 1
3949; 2
3948; 1
3950; 2
3950; 1
3952; 2
3954; 1
3956; 2
3956; 1
3958; 2
3959; 1
3961; 2
3961; 1
3963; 2
3968; 1
3970; 2
3970; 1
3972; 2
3975; 1
3977; 2
3976; 1
3978; 2
3978; 1
3980; 2
3979; 1
3981; 2
3982; 1
3984; 2
3988; 1
3990; 2
3996; 1
3998; 2
3999; 1
4001; 2
4003; 1
4005; 2
4007; 1
4009; 2
4013; 1
4015; 2
4014; 1
4016; 2
4014; 1
4016; 2
4016; 1
4018; 2
4017; 1
4019; 2
4018; 1
4020; 2
4019; 1
4021; 2
4020; 1
4022; 2
4023; 1
4025; 2
4038; 1
4040; 2
4041; 1
4043; 2
4043; 1
4045; 2
4043; 1
4045; 2
4044; 1
4046; 2
4044; 1
4046; 2
4053; 1
4055; 2
4053; 1
4055; 2
4054; 1
4056; 2
4056; 1
4058; 2
4060; 1
4062; 2
4061; 1
4063; 2
4063; 1
4065; 2
4064; 1
4066; 2
4069; 1
4071; 2
4079; 1
4081; 2
4080; 1
4082; 2
4084; 1
4086; 2
4085; 1
4087; 2
4089; 1
4091; 2
4089; 1
4091; 2
4089; 1
4091; 2
4090; 1
4092; 2
4092; 1
4094; 2
4096; 1
4098; 2
4097; 1
4099; 2
4099; 1
4101; 2
4100; 1
4102; 2
4105; 1
4107; 2
4111; 1
4113; 2
4112; 1
4114; 2
4119; 1
4121; 2
4119; 1
4121; 2
4123; 1
4125; 2
4127; 1
4129; 2
4128; 1
4130; 2
4129; 1
4131; 2
4130; 1
4132; 2
4130; 1
4132; 2
4133; 1
4135; 2
4138; 1
4140; 2
4143; 1
4145; 2
4148; 1
4150; 2
4157; 1
4159; 2
4159; 1
4161; 2
4166; 1
4168; 2
4171; 1
4173; 2
4175; 1
4177; 2
4177; 1
4179; 2
4182; 1
4184; 2
4182; 1
4184; 2
4183; 1
4185; 2
4183; 1
4185; 2
4186; 1
4188; 2
4189; 1
4191; 2
4192; 1
4194; 2
4192; 1
4194; 2
4193; 1
4195; 2
4197; 1
4199; 2
4201; 1
4203; 2
4201; 1
4203; 2
4204; 1
4206; 2
4205; 1
4207; 2
4213; 1
4215; 2
4216; 1
4218; 2
4218; 1
4220; 2
4220; 1
4222; 2
4221; 1
4223; 2
4223; 1
4225; 2
4228; 1
4230; 2
4231; 1
4233; 2
4232; 1
4234; 2
4235; 1
4237; 2
4242; 1
4244; 2
4243; 1
4245; 2
4245; 1
4247; 2
4248; 1
4250; 2
4248; 1
4250; 2
4254; 1
4256; 2
4255; 1
4257; 2
4256; 1
4258; 2
4257; 1
4259; 2
4258; 1
4260; 2
4258; 1
4260; 2
4259; 1
4261; 2
4262; 1
4264; 2
4264; 1
4266; 2
4266; 1
4268; 2
4267; 1
4269; 2
4269; 1
4271; 2
4270; 1
4272; 2
4270; 1
4272; 2
4273; 1
4275; 2
4277; 1
4279; 2
4281; 1
4283; 2
4288; 1
4290; 2
4292; 1
4294; 2
4292; 1
4294; 2
4292; 1
4294; 2
4294; 1
4296; 2
4294; 1
4296; 2
4296; 1
4298; 2
4297; 1
4299; 2
4298; 1
4300; 2
4301; 1
4303; 2
4305; 1
4307; 2
4307; 1
4309; 2
4307; 1
4309; 2
4310; 1
4312; 2
4315; 1
4317; 2
4315; 1
4317; 2
4317; 1
4319; 2
4321; 1
4323; 2
4321; 1
4323; 2
4322; 1
4324; 2
4323; 1
4325; 2
4323; 1
4325; 2
4325; 1
4327; 2
4331; 1
4333; 2
4332; 1
4334; 2
4332; 1
4334; 2
4335; 1
4337; 2
4342; 1
4344; 2
4346; 1
4348; 2
4346; 1
4348; 2
4348; 1
4350; 2
4349; 1
4351; 2
4351; 1
4353; 2
4356; 1
4358; 2
4357; 1
4359; 2
4359; 1
4361; 2
4362; 1
4364; 2
4367; 1
4369; 2
4369; 1
4371; 2
4371; 1
4373; 2
4374; 1
4376; 2
4376; 1
4378; 2
4379; 1
4381; 2
4384; 1
4386; 2
4395; 1
4397; 2
4395; 1
4397; 2
4396; 1
4398; 2
4398; 1
4400; 2
4398; 1
4400; 2
4400; 1
4402; 2
4400; 1
4402; 2
4403; 1
4405; 2
4403; 1
4405; 2
4405; 1
4407; 2
4406; 1
4408; 2
4414; 1
4416; 2
4420; 1
4422; 2
4420; 1
4422; 2
4421; 1
4423; 2
4425; 1
4427; 2
4427; 1
4429; 2
4427; 1
4429; 2
4428; 1
4430; 2
4430; 1
4432; 2
4431; 1
4433; 2
4432; 1
4434; 2
4434; 1
4436; 2
4436; 1
4438; 2
4442; 1
4444; 2
4444; 1
4446; 2
4444; 1
4446; 2
4445; 1
4447; 2
4453; 1
4455; 2
4454; 1
4456; 2
4456; 1
4458; 2
4463; 1
4465; 2
4463; 1
4465; 2
4470; 1
4472; 2
4471; 1
4473; 2
4473; 1
4475; 2
4473; 1
4475; 2
4474; 1
4476; 2
4481; 1
4483; 2
4487; 1
4489; 2
4488; 1
4490; 2
4491; 1
4493; 2
4492; 1
4494; 2
4495; 1
4497; 2
4496; 1
4498; 2
4496; 1
4498; 2
4497; 1
4499; 2
4499; 1
4501; 2
4500; 1
4502; 2
4501; 1
4503; 2
4502; 1
4504; 2
4504; 1
4506; 2
4505; 1
4507; 2
4507; 1
4509; 2
4508; 1
4510; 2
4510; 1
4512; 2
4510; 1
4512; 2
4514; 1
4516; 2
4517; 1
4519; 2
4519; 1
4521; 2
4521; 1
4523; 2
4523; 1
4525; 2
4525; 1
4527; 2
4527; 1
4529; 2
4529; 1
4531; 2
4531; 1
4533; 2
4543; 1
4545; 2
4543; 1
4545; 2
4545; 1
4547; 2
4550; 1
4552; 2
4557; 1
4559; 2
4558; 1
4560; 2
4562; 1
4564; 2
4562; 1
4564; 2
4564; 1
4566; 2
4565; 1
4567; 2
4566; 1
4568; 2
4567; 1
4569; 2
4571; 1
4573; 2
4571; 1
4573; 2
4580; 1
4582; 2
4580; 1
4582; 2
4582; 1
4584; 2
4583; 1
4585; 2
4597; 1
4599; 2
4597; 1
4599; 2
4599; 1
4601; 2
4603; 1
4605; 2
4605; 1
4607; 2
4609; 1
4611; 2
4612; 1
4614; 2
4614; 1
4616; 2
4615; 1
4617; 2
4616; 1
4618; 2
4618; 1
4620; 2
4621; 1
4623; 2
4629; 1
4631; 2
4630; 1
4632; 2
4634; 1
4636; 2
4635; 1
4637; 2
4637; 1
4639; 2
4638; 1
4640; 2
4646; 1
4648; 2
4648; 1
4650; 2
4651; 1
4653; 2
4652; 1
4654; 2
4656; 1
4658; 2
4656; 1
4658; 2
4656; 1
4658; 2
4656; 1
4658; 2
4659; 1
4661; 2
4660; 1
4662; 2
4660; 1
4662; 2
4662; 1
4664; 2
4663; 1
4665; 2
4664; 1
4666; 2
4670; 1
4672; 2
4673; 1
4675; 2
4673; 1
4675; 2
4674; 1
4676; 2
4678; 1
4680; 2
4678; 1
4680; 2
4680; 1
4682; 2
4686; 1
4688; 2
4687; 1
4689; 2
4689; 1
4691; 2
4690; 1
4692; 2
4691; 1
4693; 2
4693; 1
4695; 2
4693; 1
4695; 2
4694; 1
4696; 2
4695; 1
4697; 2
4695; 1
4697; 2
4696; 1
4698; 2
4697; 1
4699; 2
4700; 1
4702; 2
4703; 1
4705; 2
4704; 1
4706; 2
4708; 1
4710; 2
4710; 1
4712; 2
4710; 1
4712; 2
4713; 1
4715; 2
4718; 1
4720; 2
4720; 1
4722; 2
4720; 1
4722; 2
4721; 1
4723; 2
4721; 1
4723; 2
4721; 1
4723; 2
4723; 1
4725; 2
4723; 1
4725; 2
4726; 1
4728; 2
4728; 1
4730; 2
4729; 1
4731; 2
4733; 1
4735; 2
4741; 1
4743; 2
4749; 1
4751; 2
4751; 1
4753; 2
4752; 1
4754; 2
4753; 1
4755; 2
4757; 1
4759; 2
4757; 1
4759; 2
4762; 1
4764; 2
4764; 1
4766; 2
4770; 1
4772; 2
4770; 1
4772; 2
4771; 1
4773; 2
4775; 1
4777; 2
4775; 1
4777; 2
4776; 1
4778; 2
4780; 1
4782; 2
4783; 1
4785; 2
4783; 1
4785; 2
4787; 1
4789; 2
4788; 1
4790; 2
4792; 1
4794; 2
4795; 1
4797; 2
4801; 1
4803; 2
4802; 1
4804; 2
4803; 1
4805; 2
4805; 1
4807; 2
4810; 1
4812; 2
4812; 1
4814; 2
4814; 1
4816; 2
4815; 1
4817; 2
4815; 1
4817; 2
4816; 1
4818; 2
4816; 1
4818; 2
4817; 1
4819; 2
4821; 1
4823; 2
4821; 1
4823; 2
4824; 1
4826; 2
4827; 1
4829; 2
4830; 1
4832; 2
4830; 1
4832; 2
4833; 1
4835; 2
4834; 1
4836; 2
4835; 1
4837; 2
4837; 1
4839; 2
4839; 1
4841; 2
4840; 1
4842; 2
4843; 1
4845; 2
4843; 1
4845; 2
4849; 1
4851; 2
4850; 1
4852; 2
4850; 1
4852; 2
4855; 1
4857; 2
4858; 1
4860; 2
4861; 1
4863; 2
4870; 1
4872; 2
4871; 1
4873; 2
4872; 1
4874; 2
4872; 1
4874; 2
4873; 1
4875; 2
4874; 1
4876; 2
4883; 1
4885; 2
4891; 1
4893; 2
4893; 1
4895; 2
4896; 1
4898; 2
4896; 1
4898; 2
4899; 1
4901; 2
4899; 1
4901; 2
4903; 1
4905; 2
4904; 1
4906; 2
4904; 1
4906; 2
4910; 1
4912; 2
4912; 1
4914; 2
4914; 1
4916; 2
4914; 1
4916; 2
4914; 1
4916; 2
4917; 1
4919; 2
4918; 1
4920; 2
4918; 1
4920; 2
4919; 1
4921; 2
4921; 1
4923; 2
4922; 1
4924; 2
4925; 1
4927; 2
4928; 1
4930; 2
4930; 1
4932; 2
4932; 1
4934; 2
4934; 1
4936; 2
4934; 1
4936; 2
4935; 1
4937; 2
4937; 1
4939; 2
4938; 1
4940; 2
4941; 1
4943; 2
4941; 1
4943; 2
4945; 1
4947; 2
4945; 1
4947; 2
4952; 1
4954; 2
4954; 1
4956; 2
4954; 1
4956; 2
4957; 1
4959; 2
4958; 1
4960; 2
4959; 1
4961; 2
4960; 1
4962; 2
4961; 1
4963; 2
4962; 1
4964; 2
4964; 1
4966; 2
4966; 1
4968; 2
4970; 1
4972; 2
4972; 1
4974; 2
4975; 1
4977; 2
4975; 1
4977; 2
4976; 1
4978; 2
4980; 1
4982; 2
4985; 1
4987; 2
4986; 1
4988; 2
4988; 1
4990; 2
4990; 1
4992; 2
4992; 1
4994; 2
4996; 1
4998; 2
4996; 1
4998; 2
4997; 1
4999; 2
5001; 1
5003; 2
5005; 1
5007; 2
5007; 1
5009; 2
5011; 1
5013; 2
5014; 1
5016; 2
5018; 1
5020; 2
5019; 1
5021; 2
5021; 1
5023; 2
5030; 1
5032; 2
5031; 1
5033; 2
5033; 1
5035; 2
5038; 1
5040; 2
5039; 1
5041; 2
5040; 1
5042; 2
5043; 1
5045; 2
5047; 1
5049; 2
5055; 1
5057; 2
5059; 1
5061; 2
5065; 1
5067; 2
5066; 1
5068; 2
5069; 1
5071; 2
5070; 1
5072; 2
5070; 1
5072; 2
5072; 1
5074; 2
5073; 1
5075; 2
5075; 1
5077; 2
5080; 1
5082; 2
5080; 1
5082; 2
5082; 1
5084; 2
5082; 1
5084; 2
5083; 1
5085; 2
5092; 1
5094; 2
5095; 1
5097; 2
5096; 1
5098; 2
5103; 1
5105; 2
5104; 1
5106; 2
5105; 1
5107; 2
5108; 1
5110; 2
5109; 1
5111; 2
5109; 1
5111; 2
5111; 1
5113; 2
5119; 1
5121; 2
5120; 1
5122; 2
5121; 1
5123; 2
5122; 1
5124; 2
5123; 1
5125; 2
5124; 1
5126; 2
5126; 1
5128; 2
5128; 1
5130; 2
5129; 1
5131; 2
5132; 1
5134; 2
5134; 1
5136; 2
5142; 1
5144; 2
5142; 1
5144; 2
5144; 1
5146; 2
5145; 1
5147; 2
5146; 1
5148; 2
5149; 1
5151; 2
5149; 1
5151; 2
5158; 1
5160; 2
5161; 1
5163; 2
5164; 1
5166; 2
5170; 1
5172; 2
5170; 1
5172; 2
5174; 1
5176; 2
5176; 1
5178; 2
5176; 1
5178; 2
5176; 1
5178; 2
5180; 1
5182; 2
5181; 1
5183; 2
5186; 1
5188; 2
5186; 1
5188; 2
5186; 1
5188; 2
5189; 1
5191; 2
5191; 1
5193; 2
5202; 1
5204; 2
5202; 1
5204; 2
5203; 1
5205; 2
5206; 1
5208; 2
5206; 1
5208; 2
5210; 1
5212; 2
5214; 1
5216; 2
5214; 1
5216; 2
5217; 1
5219; 2
5220; 1
5222; 2
5222; 1
5224; 2
5227; 1
5229; 2
5228; 1
5230; 2
5236; 1
5238; 2
5236; 1
5238; 2
5240; 1
5242; 2
5241; 1
5243; 2
5243; 1
5245; 2
5243; 1
5245; 2
5244; 1
5246; 2
5246; 1
5248; 2
5246; 1
5248; 2
5246; 1
5248; 2
5247; 1
5249; 2
5255; 1
5257; 2
5263; 1
5265; 2
5264; 1
5266; 2
5265; 1
5267; 2
5266; 1
5268; 2
5269; 1
5271; 2
5269; 1
5271; 2
5270; 1
5272; 2
5272; 1
5274; 2
5274; 1
5276; 2
5275; 1
5277; 2
5276; 1
5278; 2
5280; 1
5282; 2
5280; 1
5282; 2
5284; 1
5286; 2
5284; 1
5286; 2
5290; 1
5292; 2
5291; 1
5293; 2
5294; 1
5296; 2
5295; 1
5297; 2
5295; 1
5297; 2
5298; 1
5300; 2
5298; 1
5300; 2
5298; 1
5300; 2
5301; 1
5303; 2
5305; 1
5307; 2
5305; 1
5307; 2
5305; 1
5307; 2
5306; 1
5308; 2
5308; 1
5310; 2
5308; 1
5310; 2
5313; 1
5315; 2
5323; 1
5325; 2
5324; 1
5326; 2
5326; 1
5328; 2
5326; 1
5328; 2
5328; 1
5330; 2
5328; 1
5330; 2
5330; 1
5332; 2
5333; 1
5335; 2
5334; 1
5336; 2
5334; 1
5336; 2
5338; 1
5340; 2
5349; 1
5351; 2
5357; 1
5359; 2
5360; 1
5362; 2
5364; 1
5366; 2
5366; 1
5368; 2
5369; 1
5371; 2
5370; 1
5372; 2
5376; 1
5378; 2
5377; 1
5379; 2
5378; 1
5380; 2
5390; 1
5392; 2
5396; 1
5398; 2
5397; 1
5399; 2
5400; 1
5402; 2
5401; 1
5403; 2
5401; 1
5403; 2
5401; 1
5403; 2
5404; 1
5406; 2
5405; 1
5407; 2
5407; 1
5409; 2
5417; 1
5419; 2
5420; 1
5422; 2
5421; 1
5423; 2
5422; 1
5424; 2
5422; 1
5424; 2
5424; 1
5426; 2
5428; 1
5430; 2
5432; 1
5434; 2
5433; 1
5435; 2
5434; 1
5436; 2
5435; 1
5437; 2
5439; 1
5441; 2
5440; 1
5442; 2
5442; 1
5444; 2
5443; 1
5445; 2
5445; 1
5447; 2
5446; 1
5448; 2
5451; 1
5453; 2
5455; 1
5457; 2
5457; 1
5459; 2
5460; 1
5462; 2
5465; 1
5467; 2
5465; 1
5467; 2
5467; 1
5469; 2
5469; 1
5471; 2
5469; 1
5471; 2
5469; 1
5471; 2
5471; 1
5473; 2
5472; 1
5474; 2
5473; 1
5475; 2
5474; 1
5476; 2
5475; 1
5477; 2
5479; 1
5481; 2
5479; 1
5481; 2
5479; 1
5481; 2
5480; 1
5482; 2
5481; 1
5483; 2
5483; 1
5485; 2
5487; 1
5489; 2
5489; 1
5491; 2
5497; 1
5499; 2
5501; 1
5503; 2
5501; 1
5503; 2
5502; 1
5504; 2
5504; 1
5506; 2
5508; 1
5510; 2
5512; 1
5514; 2
5512; 1
5514; 2
5514; 1
5516; 2
5515; 1
5517; 2
5523; 1
5525; 2
5527; 1
5529; 2
5528; 1
5530; 2
5528; 1
5530; 2
5542; 1
5544; 2
5543; 1
5545; 2
5546; 1
5548; 2
5549; 1
5551; 2
5550; 1
5552; 2
5555; 1
5557; 2
5556; 1
5558; 2
5559; 1
5561; 2
5559; 1
5561; 2
5560; 1
5562; 2
5561; 1
5563; 2
5563; 1
5565; 2
5569; 1
5571; 2
5570; 1
5572; 2
5570; 1
5572; 2
5571; 1
5573; 2
5576; 1
5578; 2
5580; 1
5582; 2
5581; 1
5583; 2
5582; 1
5584; 2
5586; 1
5588; 2
5588; 1
5590; 2
5589; 1
5591; 2
5591; 1
5593; 2
5594; 1
5596; 2
5594; 1
5596; 2
5599; 1
5601; 2
5603; 1
5605; 2
5603; 1
5605; 2
5606; 1
5608; 2
5610; 1
5612; 2
5612; 1
5614; 2
5613; 1
5615; 2
5616; 1
5618; 2
5619; 1
5621; 2
5625; 1
5627; 2
5625; 1
5627; 2
5627; 1
5629; 2
5628; 1
5630; 2
5630; 1
5632; 2
5630; 1
5632; 2
5630; 1
5632; 2
5630; 1
5632; 2
5630; 1
5632; 2
5633; 1
5635; 2
5633; 1
5635; 2
5634; 1
5636; 2
5636; 1
5638; 2
5639; 1
5641; 2
5648; 1
5650; 2
5651; 1
5653; 2
5651; 1
5653; 2
5652; 1
5654; 2
5654; 1
5656; 2
5654; 1
5656; 2
5660; 1
5662; 2
5662; 1
5664; 2
5663; 1
5665; 2
5663; 1
5665; 2
5665; 1
5667; 2
5675; 1
5677; 2
5676; 1
5678; 2
5681; 1
5683; 2
5681; 1
5683; 2
5683; 1
5685; 2
5683; 1
5685; 2
5684; 1
5686; 2
5685; 1
5687; 2
5687; 1
5689; 2
5687; 1
5689; 2
5694; 1
5696; 2
5694; 1
5696; 2
5701; 1
5703; 2
5701; 1
5703; 2
5703; 1
5705; 2
5704; 1
5706; 2
5711; 1
5713; 2
5716; 1
5718; 2
5720; 1
5722; 2
5724; 1
5726; 2
5726; 1
5728; 2
5726; 1
5728; 2
5729; 1
5731; 2
5729; 1
5731; 2
5734; 1
5736; 2
5736; 1
5738; 2
5736; 1
5738; 2
5741; 1
5743; 2
5743; 1
5745; 2
5744; 1
5746; 2
5745; 1
5747; 2
5747; 1
5749; 2
5749; 1
5751; 2
5751; 1
5753; 2
5751; 1
5753; 2
5753; 1
5755; 2
5757; 1
5759; 2
5757; 1
5759; 2
5760; 1
5762; 2
5763; 1
5765; 2
5768; 1
5770; 2
5769; 1
5771; 2
5769; 1
5771; 2
5769; 1
5771; 2
5771; 1
5773; 2
5771; 1
5773; 2
5774; 1
5776; 2
5780; 1
5782; 2
5782; 1
5784; 2
5782; 1
5784; 2
5785; 1
5787; 2
5785; 1
5787; 2
5792; 1
5794; 2
5798; 1
5800; 2
5800; 1
5802; 2
5808; 1
5810; 2
5811; 1
5813; 2
5811; 1
5813; 2
5817; 1
5819; 2
5821; 1
5823; 2
5824; 1
5826; 2
5827; 1
5829; 2
5829; 1
5831; 2
5835; 1
5837; 2
5837; 1
5839; 2
5839; 1
5841; 2
5840; 1
5842; 2
5841; 1
5843; 2
5842; 1
5844; 2
5842; 1
5844; 2
5845; 1
5847; 2
5846; 1
5848; 2
5854; 1
5856; 2
5861; 1
5863; 2
5863; 1
5865; 2
5865; 1
5867; 2
5865; 1
5867; 2
5867; 1
5869; 2
5875; 1
5877; 2
5876; 1
5878; 2
5882; 1
5884; 2
5887; 1
5889; 2
5888; 1
5890; 2
5894; 1
5896; 2
5896; 1
5898; 2
5898; 1
5900; 2
5900; 1
5902; 2
5905; 1
5907; 2
5906; 1
5908; 2
5911; 1
5913; 2
5913; 1
5915; 2
5916; 1
5918; 2
5918; 1
5920; 2
5920; 1
5922; 2
5925; 1
5927; 2
5934; 1
5936; 2
5941; 1
5943; 2
5948; 1
5950; 2
5951; 1
5953; 2
5951; 1
5953; 2
5958; 1
5960; 2
5959; 1
5961; 2
5966; 1
5968; 2
5967; 1
5969; 2
5974; 1
5976; 2
5981; 1
5983; 2
5983; 1
5985; 2
5986; 1
5988; 2
5987; 1
5989; 2
5988; 1
5990; 2
5991; 1
5993; 2
5996; 1
5998; 2
5997; 1
5999; 2
5998; 1
6000; 2
5998; 1
6000; 2
5998; 1
6000; 2
6001; 1
6003; 2
6005; 1
6007; 2
6008; 1
6010; 2
6009; 1
6011; 2
6012; 1
6014; 2
6012; 1
6014; 2
6012; 1
6014; 2
6013; 1
6015; 2
6022; 1
6024; 2
6023; 1
6025; 2
6023; 1
6025; 2
6024; 1
6026; 2
6027; 1
6029; 2
6030; 1
6032; 2
6032; 1
6034; 2
6033; 1
6035; 2
6035; 1
6037; 2
6038; 1
6040; 2
6040; 1
6042; 2
6041; 1
6043; 2
6041; 1
6043; 2
6046; 1
6048; 2
6047; 1
6049; 2
6053; 1
6055; 2
6064; 1
6066; 2
6068; 1
6070; 2
6069; 1
6071; 2
6070; 1
6072; 2
6080; 1
6082; 2
6087; 1
6089; 2
6089; 1
6091; 2
6091; 1
6093; 2
6093; 1
6095; 2
6093; 1
6095; 2
6099; 1
6101; 2
6103; 1
6105; 2
6113; 1
6115; 2
6114; 1
6116; 2
6117; 1
6119; 2
6122; 1
6124; 2
6130; 1
6132; 2
6131; 1
6133; 2
6132; 1
6134; 2
6133; 1
6135; 2
6137; 1
6139; 2
6142; 1
6144; 2
6142; 1
6144; 2
6143; 1
6145; 2
6144; 1
6146; 2
6146; 1
6148; 2
6147; 1
6149; 2
6149; 1
6151; 2
6152; 1
6154; 2
6153; 1
6155; 2
6159; 1
6161; 2
6159; 1
6161; 2
6161; 1
6163; 2
6163; 1
6165; 2
6163; 1
6165; 2
6169; 1
6171; 2
6169; 1
6171; 2
6175; 1
6177; 2
6177; 1
6179; 2
6179; 1
6181; 2
6181; 1
6183; 2
6184; 1
6186; 2
6187; 1
6189; 2
6187; 1
6189; 2
6187; 1
6189; 2
6192; 1
6194; 2
6193; 1
6195; 2
6200; 1
6202; 2
6210; 1
6212; 2
6213; 1
6215; 2
6219; 1
6221; 2
6220; 1
6222; 2
6222; 1
6224; 2
6227; 1
6229; 2
6228; 1
6230; 2
6230; 1
6232; 2
6232; 1
6234; 2
6233; 1
6235; 2
6236; 1
6238; 2
6238; 1
6240; 2
6241; 1
6243; 2
6249; 1
6251; 2
6249; 1
6251; 2
6261; 1
6263; 2
6263; 1
6265; 2
6269; 1
6271; 2
6277; 1
6279; 2
6277; 1
6279; 2
6280; 1
6282; 2
6287; 1
6289; 2
6288; 1
6290; 2
6290; 1
6292; 2
6292; 1
6294; 2
6293; 1
6295; 2
6293; 1
6295; 2
6296; 1
6298; 2
6302; 1
6304; 2
6303; 1
6305; 2
6306; 1
6308; 2
6311; 1
6313; 2
6311; 1
6313; 2
6314; 1
6316; 2
6319; 1
6321; 2
6322; 1
6324; 2
6323; 1
6325; 2
6331; 1
6333; 2
6337; 1
6339; 2
6338; 1
6340; 2
6339; 1
6341; 2
6341; 1
6343; 2
6343; 1
6345; 2
6344; 1
6346; 2
6353; 1
6355; 2
6355; 1
6357; 2
6361; 1
6363; 2
6362; 1
6364; 2
6362; 1
6364; 2
6364; 1
6366; 2
6368; 1
6370; 2
6375; 1
6377; 2
6378; 1
6380; 2
6378; 1
6380; 2
6379; 1
6381; 2
6381; 1
6383; 2
6385; 1
6387; 2
6386; 1
6388; 2
6386; 1
6388; 2
6387; 1
6389; 2
6390; 1
6392; 2
6390; 1
6392; 2
6396; 1
6398; 2
6397; 1
6399; 2
6399; 1
6401; 2
6407; 1
6409; 2
6409; 1
6411; 2
6409; 1
6411; 2
6411; 1
6413; 2
6412; 1
6414; 2
6412; 1
6414; 2
6415; 1
6417; 2
6422; 1
6424; 2
6424; 1
6426; 2
6425; 1
6427; 2
6425; 1
6427; 2
6426; 1
6428; 2
6426; 1
6428; 2
6432; 1
6434; 2
6434; 1
6436; 2
6435; 1
6437; 2
6437; 1
6439; 2
6442; 1
6444; 2
6444; 1
6446; 2
6445; 1
6447; 2
6445; 1
6447; 2
6450; 1
6452; 2
6451; 1
6453; 2
6452; 1
6454; 2
6452; 1
6454; 2
6457; 1
6459; 2
6463; 1
6465; 2
6466; 1
6468; 2
6466; 1
6468; 2
6466; 1
6468; 2
6468; 1
6470; 2
6472; 1
6474; 2
6472; 1
6474; 2
6473; 1
6475; 2
6474; 1
6476; 2
6477; 1
6479; 2
6478; 1
6480; 2
6480; 1
6482; 2
6482; 1
6484; 2
6484; 1
6486; 2
6503; 1
6505; 2
6503; 1
6505; 2
6504; 1
6506; 2
6507; 1
6509; 2
6516; 1
6518; 2
6518; 1
6520; 2
6523; 1
6525; 2
6530; 1
6532; 2
6533; 1
6535; 2
6535; 1
6537; 2
6535; 1
6537; 2
6537; 1
6539; 2
6537; 1
6539; 2
6550; 1
6552; 2
6554; 1
6556; 2
6555; 1
6557; 2
6560; 1
6562; 2
6563; 1
6565; 2
6563; 1
6565; 2
6564; 1
6566; 2
6565; 1
6567; 2
6569; 1
6571; 2
6569; 1
6571; 2
6571; 1
6573; 2
6576; 1
6578; 2
6584; 1
6586; 2
6588; 1
6590; 2
6588; 1
6590; 2
6594; 1
6596; 2
6596; 1
6598; 2
6599; 1
6601; 2
6602; 1
6604; 2
6603; 1
6605; 2
6605; 1
6607; 2
6607; 1
6609; 2
6610; 1
6612; 2
6611; 1
6613; 2
6612; 1
6614; 2
6612; 1
6614; 2
6618; 1
6620; 2
6629; 1
6631; 2
6630; 1
6632; 2
6632; 1
6634; 2
6632; 1
6634; 2
6638; 1
6640; 2
6647; 1
6649; 2
6648; 1
6650; 2
6650; 1
6652; 2
6651; 1
6653; 2
6652; 1
6654; 2
6655; 1
6657; 2
6655; 1
6657; 2
6657; 1
6659; 2
6660; 1
6662; 2
6662; 1
6664; 2
6667; 1
6669; 2
6670; 1
6672; 2
6673; 1
6675; 2
6673; 1
6675; 2
6675; 1
6677; 2
6676; 1
6678; 2
6679; 1
6681; 2
6682; 1
6684; 2
6687; 1
6689; 2
6687; 1
6689; 2
6696; 1
6698; 2
6704; 1
6706; 2
6706; 1
6708; 2
6707; 1
6709; 2
6709; 1
6711; 2
6710; 1
6712; 2
6720; 1
6722; 2
6726; 1
6728; 2
6726; 1
6728; 2
6727; 1
6729; 2
6727; 1
6729; 2
6728; 1
6730; 2
6729; 1
6731; 2
6730; 1
6732; 2
6733; 1
6735; 2
6734; 1
6736; 2
6735; 1
6737; 2
6735; 1
6737; 2
6743; 1
6745; 2
6749; 1
6751; 2
6750; 1
6752; 2
6754; 1
6756; 2
6754; 1
6756; 2
6757; 1
6759; 2
6770; 1
6772; 2
6772; 1
6774; 2
6774; 1
6776; 2
6775; 1
6777; 2
6780; 1
6782; 2
6782; 1
6784; 2
6786; 1
6788; 2
6786; 1
6788; 2
6793; 1
6795; 2
6793; 1
6795; 2
6794; 1
6796; 2
6795; 1
6797; 2
6798; 1
6800; 2
6803; 1
6805; 2
6803; 1
6805; 2
6803; 1
6805; 2
6804; 1
6806; 2
6804; 1
6806; 2
6807; 1
6809; 2
6812; 1
6814; 2
6814; 1
6816; 2
6821; 1
6823; 2
6833; 1
6835; 2
6833; 1
6835; 2
6833; 1
6835; 2
6835; 1
6837; 2
6835; 1
6837; 2
6836; 1
6838; 2
6837; 1
6839; 2
6841; 1
6843; 2
6844; 1
6846; 2
6846; 1
6848; 2
6847; 1
6849; 2
6847; 1
6849; 2
6856; 1
6858; 2
6858; 1
6860; 2
6862; 1
6864; 2
6865; 1
6867; 2
6866; 1
6868; 2
6867; 1
6869; 2
6872; 1
6874; 2
6873; 1
6875; 2
6880; 1
6882; 2
6880; 1
6882; 2
6887; 1
6889; 2
6890; 1
6892; 2
6892; 1
6894; 2
6893; 1
6895; 2
6894; 1
6896; 2
6895; 1
6897; 2
6900; 1
6902; 2
6904; 1
6906; 2
6908; 1
6910; 2
6912; 1
6914; 2
6918; 1
6920; 2
6927; 1
6929; 2
6931; 1
6933; 2
6933; 1
6935; 2
6937; 1
6939; 2
6941; 1
6943; 2
6942; 1
6944; 2
6943; 1
6945; 2
6943; 1
6945; 2
6945; 1
6947; 2
6945; 1
6947; 2
6945; 1
6947; 2
6946; 1
6948; 2
6948; 1
6950; 2
6949; 1
6951; 2
6950; 1
6952; 2
6951; 1
6953; 2
6952; 1
6954; 2
6958; 1
6960; 2
6960; 1
6962; 2
6962; 1
6964; 2
6963; 1
6965; 2
6964; 1
6966; 2
6965; 1
6967; 2
6966; 1
6968; 2
6969; 1
6971; 2
6969; 1
6971; 2
6970; 1
6972; 2
6973; 1
6975; 2
6974; 1
6976; 2
6980; 1
6982; 2
6980; 1
6982; 2
6981; 1
6983; 2
6981; 1
6983; 2
6981; 1
6983; 2
6982; 1
6984; 2
6983; 1
6985; 2
6984; 1
6986; 2
6986; 1
6988; 2
6988; 1
6990; 2
6991; 1
6993; 2
6993; 1
6995; 2
6994; 1
6996; 2
6995; 1
6997; 2
6995; 1
6997; 2
6997; 1
6999; 2
6998; 1
7000; 2
6998; 1
7000; 2
6999; 1
7001; 2
7000; 1
7002; 2
7002; 1
7004; 2
7003; 1
7005; 2
7006; 1
7008; 2
7007; 1
7009; 2
7009; 1
7011; 2
7010; 1
7012; 2
7013; 1
7015; 2
7014; 1
7016; 2
7015; 1
7017; 2
7017; 1
7019; 2
7019; 1
7021; 2
7023; 1
7025; 2
7024; 1
7026; 2
7024; 1
7026; 2
7034; 1
7036; 2
7036; 1
7038; 2
7037; 1
7039; 2
7041; 1
7043; 2
7042; 1
7044; 2
7042; 1
7044; 2
7047; 1
7049; 2
7052; 1
7054; 2
7057; 1
7059; 2
7058; 1
7060; 2
7063; 1
7065; 2
7063; 1
7065; 2
7066; 1
7068; 2
7067; 1
7069; 2
7067; 1
7069; 2
7068; 1
7070; 2
7073; 1
7075; 2
7080; 1
7082; 2
7081; 1
7083; 2
7084; 1
7086; 2
7084; 1
7086; 2
7087; 1
7089; 2
7090; 1
7092; 2
7096; 1
7098; 2
7097; 1
7099; 2
7097; 1
7099; 2
7099; 1
7101; 2
7101; 1
7103; 2
7101; 1
7103; 2
7102; 1
7104; 2
7107; 1
7109; 2
7109; 1
7111; 2
7110; 1
7112; 2
7112; 1
7114; 2
7112; 1
7114; 2
7116; 1
7118; 2
7117; 1
7119; 2
7117; 1
7119; 2
7120; 1
7122; 2
7122; 1
7124; 2
7122; 1
7124; 2
7125; 1
7127; 2
7125; 1
7127; 2
7127; 1
7129; 2
7130; 1
7132; 2
7132; 1
7134; 2
7136; 1
7138; 2
7138; 1
7140; 2
7139; 1
7141; 2
7143; 1
7145; 2
7144; 1
7146; 2
7147; 1
7149; 2
7147; 1
7149; 2
7149; 1
7151; 2
7150; 1
7152; 2
7158; 1
7160; 2
7158; 1
7160; 2
7158; 1
7160; 2
7160; 1
7162; 2
7161; 1
7163; 2
7164; 1
7166; 2
7167; 1
7169; 2
7170; 1
7172; 2
7171; 1
7173; 2
7173; 1
7175; 2
7174; 1
7176; 2
7178; 1
7180; 2
7180; 1
7182; 2
7180; 1
7182; 2
7186; 1
7188; 2
7190; 1
7192; 2
7190; 1
7192; 2
7192; 1
7194; 2
7194; 1
7196; 2
7197; 1
7199; 2
7198; 1
7200; 2
7198; 1
7200; 2
7199; 1
7201; 2
7200; 1
7202; 2
7202; 1
7204; 2
7204; 1
7206; 2
7204; 1
7206; 2
7205; 1
7207; 2
7206; 1
7208; 2
7207; 1
7209; 2
7207; 1
7209; 2
7220; 1
7222; 2
7224; 1
7226; 2
7225; 1
7227; 2
7227; 1
7229; 2
7228; 1
7230; 2
7229; 1
7231; 2
7229; 1
7231; 2
7230; 1
7232; 2
7234; 1
7236; 2
7237; 1
7239; 2
7237; 1
7239; 2
7240; 1
7242; 2
7245; 1
7247; 2
7248; 1
7250; 2
7249; 1
7251; 2
7250; 1
7252; 2
7251; 1
7253; 2
7253; 1
7255; 2
7253; 1
7255; 2
7254; 1
7256; 2
7256; 1
7258; 2
7265; 1
7267; 2
7267; 1
7269; 2
7268; 1
7270; 2
7268; 1
7270; 2
7272; 1
7274; 2
7272; 1
7274; 2
7274; 1
7276; 2
7276; 1
7278; 2
7277; 1
7279; 2
7278; 1
7280; 2
7288; 1
7290; 2
7292; 1
7294; 2
7293; 1
7295; 2
7296; 1
7298; 2
7296; 1
7298; 2
7297; 1
7299; 2
7302; 1
7304; 2
7307; 1
7309; 2
7309; 1
7311; 2
7310; 1
7312; 2
7313; 1
7315; 2
7315; 1
7317; 2
7318; 1
7320; 2
7320; 1
7322; 2
7321; 1
7323; 2
7327; 1
7329; 2
7330; 1
7332; 2
7331; 1
7333; 2
7333; 1
7335; 2
7335; 1
7337; 2
7343; 1
7345; 2
7344; 1
7346; 2
7349; 1
7351; 2
7349; 1
7351; 2
7352; 1
7354; 2
7357; 1
7359; 2
7360; 1
7362; 2
7361; 1
7363; 2
7362; 1
7364; 2
7363; 1
7365; 2
7368; 1
7370; 2
7370; 1
7372; 2
7370; 1
7372; 2
7371; 1
7373; 2
7372; 1
7374; 2
7377; 1
7379; 2
7380; 1
7382; 2
7382; 1
7384; 2
7386; 1
7388; 2
7386; 1
7388; 2
7387; 1
7389; 2
7388; 1
7390; 2
7390; 1
7392; 2
7392; 1
7394; 2
7393; 1
7395; 2
7393; 1
7395; 2
7396; 1
7398; 2
7399; 1
7401; 2
7399; 1
7401; 2
7400; 1
7402; 2
7401; 1
7403; 2
7409; 1
7411; 2
7413; 1
7415; 2
7417; 1
7419; 2
7418; 1
7420; 2
7419; 1
7421; 2
7421; 1
7423; 2
7421; 1
7423; 2
7422; 1
7424; 2
7422; 1
7424; 2
7422; 1
7424; 2
7423; 1
7425; 2
7432; 1
7434; 2
7432; 1
7434; 2
7436; 1
7438; 2
7437; 1
7439; 2
7437; 1
7439; 2
7440; 1
7442; 2
7442; 1
7444; 2
7445; 1
7447; 2
7446; 1
7448; 2
7449; 1
7451; 2
7454; 1
7456; 2
7460; 1
7462; 2
7482; 1
7484; 2
7482; 1
7484; 2
7483; 1
7485; 2
7483; 1
7485; 2
7483; 1
7485; 2
7488; 1
7490; 2
7489; 1
7491; 2
7490; 1
7492; 2
7494; 1
7496; 2
7499; 1
7501; 2
7500; 1
7502; 2
7501; 1
7503; 2
7510; 1
7512; 2
7516; 1
7518; 2
7518; 1
7520; 2
7531; 1
7533; 2
7531; 1
7533; 2
7535; 1
7537; 2
7535; 1
7537; 2
7536; 1
7538; 2
7542; 1
7544; 2
7558; 1
7560; 2
7563; 1
7565; 2
7564; 1
7566; 2
7572; 1
7574; 2
7577; 1
7579; 2
7578; 1
7580; 2
7583; 1
7585; 2
7586; 1
7588; 2
7592; 1
7594; 2
7594; 1
7596; 2
7596; 1
7598; 2
7596; 1
7598; 2
7599; 1
7601; 2
7600; 1
7602; 2
7601; 1
7603; 2
7606; 1
7608; 2
7608; 1
7610; 2
7609; 1
7611; 2
7610; 1
7612; 2
7614; 1
7616; 2
7620; 1
7622; 2
7626; 1
7628; 2
7631; 1
7633; 2
7633; 1
7635; 2
7636; 1
7638; 2
7636; 1
7638; 2
7637; 1
7639; 2
7643; 1
7645; 2
7647; 1
7649; 2
7647; 1
7649; 2
7649; 1
7651; 2
7653; 1
7655; 2
7658; 1
7660; 2
7659; 1
7661; 2
7660; 1
7662; 2
7660; 1
7662; 2
7661; 1
7663; 2
7663; 1
7665; 2
7669; 1
7671; 2
7674; 1
7676; 2
7677; 1
7679; 2
7678; 1
7680; 2
7679; 1
7681; 2
7679; 1
7681; 2
7682; 1
7684; 2
7688; 1
7690; 2
7692; 1
7694; 2
7704; 1
7706; 2
7711; 1
7713; 2
7712; 1
7714; 2
7713; 1
7715; 2
7713; 1
7715; 2
7715; 1
7717; 2
7715; 1
7717; 2
7719; 1
7721; 2
7722; 1
7724; 2
7728; 1
7730; 2
7730; 1
7732; 2
7738; 1
7740; 2
7738; 1
7740; 2
7749; 1
7751; 2
7752; 1
7754; 2
7753; 1
7755; 2
7754; 1
7756; 2
7755; 1
7757; 2
7759; 1
7761; 2
7764; 1
7766; 2
7766; 1
7768; 2
7767; 1
7769; 2
7767; 1
7769; 2
7770; 1
7772; 2
7774; 1
7776; 2
7775; 1
7777; 2
7775; 1
7777; 2
7777; 1
7779; 2
7782; 1
7784; 2
7789; 1
7791; 2
7790; 1
7792; 2
7801; 1
7803; 2
7803; 1
7805; 2
7803; 1
7805; 2
7803; 1
7805; 2
7803; 1
7805; 2
7807; 1
7809; 2
7808; 1
7810; 2
7809; 1
7811; 2
7810; 1
7812; 2
7814; 1
7816; 2
7816; 1
7818; 2
7816; 1
7818; 2
7821; 1
7823; 2
7830; 1
7832; 2
7830; 1
7832; 2
7835; 1
7837; 2
7840; 1
7842; 2
7841; 1
7843; 2
7843; 1
7845; 2
7845; 1
7847; 2
7849; 1
7851; 2
7850; 1
7852; 2
7852; 1
7854; 2
7852; 1
7854; 2
7853; 1
7855; 2
7857; 1
7859; 2
7864; 1
7866; 2
7865; 1
7867; 2
7866; 1
7868; 2
7871; 1
7873; 2
7872; 1
7874; 2
7876; 1
7878; 2
7878; 1
7880; 2
7882; 1
7884; 2
7883; 1
7885; 2
7884; 1
7886; 2
7885; 1
7887; 2
7887; 1
7889; 2
7898; 1
7900; 2
7906; 1
7908; 2
7919; 1
7921; 2
7921; 1
7923; 2
7922; 1
7924; 2
7924; 1
7926; 2
7926; 1
7928; 2
7927; 1
7929; 2
7930; 1
7932; 2
7934; 1
7936; 2
7937; 1
7939; 2
7938; 1
7940; 2
7941; 1
7943; 2
7942; 1
7944; 2
7942; 1
7944; 2
7943; 1
7945; 2
7943; 1
7945; 2
7943; 1
7945; 2
7943; 1
7945; 2
7950; 1
7952; 2
7950; 1
7952; 2
7951; 1
7953; 2
7963; 1
7965; 2
7963; 1
7965; 2
7964; 1
7966; 2
7968; 1
7970; 2
7969; 1
7971; 2
7971; 1
7973; 2
7972; 1
7974; 2
7977; 1
7979; 2
7979; 1
7981; 2
7981; 1
7983; 2
7985; 1
7987; 2
7989; 1
7991; 2
7991; 1
7993; 2
7996; 1
7998; 2
7998; 1
8000; 2
8001; 1
8003; 2
8001; 1
8003; 2
8002; 1
8004; 2
8004; 1
8006; 2
8004; 1
8006; 2
8014; 1
8016; 2
8016; 1
8018; 2
8018; 1
8020; 2
8018; 1
8020; 2
8020; 1
8022; 2
8022; 1
8024; 2
8027; 1
8029; 2
8041; 1
8043; 2
8048; 1
8050; 2
8048; 1
8050; 2
8053; 1
8055; 2
8056; 1
8058; 2
8057; 1
8059; 2
8060; 1
8062; 2
8062; 1
8064; 2
8069; 1
8071; 2
8069; 1
8071; 2
8070; 1
8072; 2
8074; 1
8076; 2
8075; 1
8077; 2
8083; 1
8085; 2
8088; 1
8090; 2
8090; 1
8092; 2
8092; 1
8094; 2
8109; 1
8111; 2
8109; 1
8111; 2
8112; 1
8114; 2
8113; 1
8115; 2
8114; 1
8116; 2
8118; 1
8120; 2
8118; 1
8120; 2
8120; 1
8122; 2
8121; 1
8123; 2
8121; 1
8123; 2
8125; 1
8127; 2
8125; 1
8127; 2
8128; 1
8130; 2
8129; 1
8131; 2
8132; 1
8134; 2
8134; 1
8136; 2
8134; 1
8136; 2
8136; 1
8138; 2
8138; 1
8140; 2
8138; 1
8140; 2
8141; 1
8143; 2
8143; 1
8145; 2
8152; 1
8154; 2
8155; 1
8157; 2
8155; 1
8157; 2
8156; 1
8158; 2
8159; 1
8161; 2
8161; 1
8163; 2
8162; 1
8164; 2
8163; 1
8165; 2
8165; 1
8167; 2
8165; 1
8167; 2
8166; 1
8168; 2
8170; 1
8172; 2
8182; 1
8184; 2
8184; 1
8186; 2
8186; 1
8188; 2
8191; 1
8193; 2
8191; 1
8193; 2
8193; 1
8195; 2
8193; 1
8195; 2
8194; 1
8196; 2
8200; 1
8202; 2
8202; 1
8204; 2
8203; 1
8205; 2
8209; 1
8211; 2
8213; 1
8215; 2
8213; 1
8215; 2
8217; 1
8219; 2
8217; 1
8219; 2
8221; 1
8223; 2
8225; 1
8227; 2
8226; 1
8228; 2
8227; 1
8229; 2
8229; 1
8231; 2
8236; 1
8238; 2
8237; 1
8239; 2
8240; 1
8242; 2
8240; 1
8242; 2
8246; 1
8248; 2
8247; 1
8249; 2
8251; 1
8253; 2
8252; 1
8254; 2
8258; 1
8260; 2
8258; 1
8260; 2
8259; 1
8261; 2
8260; 1
8262; 2
8268; 1
8270; 2
8269; 1
8271; 2
8270; 1
8272; 2
8272; 1
8274; 2
8275; 1
8277; 2
8280; 1
8282; 2
8286; 1
8288; 2
8287; 1
8289; 2
8302; 1
8304; 2
8303; 1
8305; 2
8304; 1
8306; 2
8308; 1
8310; 2
8311; 1
8313; 2
8312; 1
8314; 2
8319; 1
8321; 2
8321; 1
8323; 2
8321; 1
8323; 2
8322; 1
8324; 2
8323; 1
8325; 2
8324; 1
8326; 2
8324; 1
8326; 2
8325; 1
8327; 2
8329; 1
8331; 2
8335; 1
8337; 2
8339; 1
8341; 2
8350; 1
8352; 2
8356; 1
8358; 2
8364; 1
8366; 2
8368; 1
8370; 2
8370; 1
8372; 2
8371; 1
8373; 2
8377; 1
8379; 2
8383; 1
8385; 2
8391; 1
8393; 2
8392; 1
8394; 2
8398; 1
8400; 2
8398; 1
8400; 2
8398; 1
8400; 2
8401; 1
8403; 2
8403; 1
8405; 2
8407; 1
8409; 2
8408; 1
8410; 2
8414; 1
8416; 2
8414; 1
8416; 2
8422; 1
8424; 2
8422; 1
8424; 2
8426; 1
8428; 2
8427; 1
8429; 2
8428; 1
8430; 2
8429; 1
8431; 2
8435; 1
8437; 2
8437; 1
8439; 2
8439; 1
8441; 2
8441; 1
8443; 2
8444; 1
8446; 2
8449; 1
8451; 2
8452; 1
8454; 2
8463; 1
8465; 2
8463; 1
8465; 2
8464; 1
8466; 2
8470; 1
8472; 2
8474; 1
8476; 2
8474; 1
8476; 2
8475; 1
8477; 2
8476; 1
8478; 2
8480; 1
8482; 2
8488; 1
8490; 2
8489; 1
8491; 2
8489; 1
8491; 2
8489; 1
8491; 2
8491; 1
8493; 2
8494; 1
8496; 2
8495; 1
8497; 2
8495; 1
8497; 2
8495; 1
8497; 2
8497; 1
8499; 2
8501; 1
8503; 2
8504; 1
8506; 2
8505; 1
8507; 2
8507; 1
8509; 2
8510; 1
8512; 2
8512; 1
8514; 2
8515; 1
8517; 2
8515; 1
8517; 2
8515; 1
8517; 2
8516; 1
8518; 2
8517; 1
8519; 2
8520; 1
8522; 2
8521; 1
8523; 2
8521; 1
8523; 2
8525; 1
8527; 2
8531; 1
8533; 2
8534; 1
8536; 2
8538; 1
8540; 2
8539; 1
8541; 2
8540; 1
8542; 2
8542; 1
8544; 2
8542; 1
8544; 2
8542; 1
8544; 2
8545; 1
8547; 2
8550; 1
8552; 2
8550; 1
8552; 2
8553; 1
8555; 2
8560; 1
8562; 2
8560; 1
8562; 2
8561; 1
8563; 2
8561; 1
8563; 2
8563; 1
8565; 2
8565; 1
8567; 2
8565; 1
8567; 2
8571; 1
8573; 2
8572; 1
8574; 2
8573; 1
8575; 2
8573; 1
8575; 2
8581; 1
8583; 2
8583; 1
8585; 2
8586; 1
8588; 2
8588; 1
8590; 2
8596; 1
8598; 2
8599; 1
8601; 2
8600; 1
8602; 2
8600; 1
8602; 2
8611; 1
8613; 2
8613; 1
8615; 2
8614; 1
8616; 2
8616; 1
8618; 2
8619; 1
8621; 2
8624; 1
8626; 2
8628; 1
8630; 2
8628; 1
8630; 2
8631; 1
8633; 2
8631; 1
8633; 2
8631; 1
8633; 2
8632; 1
8634; 2
8636; 1
8638; 2
8640; 1
8642; 2
8641; 1
8643; 2
8647; 1
8649; 2
8649; 1
8651; 2
8653; 1
8655; 2
8655; 1
8657; 2
8657; 1
8659; 2
8661; 1
8663; 2
8661; 1
8663; 2
8666; 1
8668; 2
8667; 1
8669; 2
8670; 1
8672; 2
8671; 1
8673; 2
8675; 1
8677; 2
8676; 1
8678; 2
8678; 1
8680; 2
8680; 1
8682; 2
8681; 1
8683; 2
8685; 1
8687; 2
8688; 1
8690; 2
8688; 1
8690; 2
8693; 1
8695; 2
8697; 1
8699; 2
8697; 1
8699; 2
8697; 1
8699; 2
8705; 1
8707; 2
8717; 1
8719; 2
8718; 1
8720; 2
8718; 1
8720; 2
8722; 1
8724; 2
8729; 1
8731; 2
8734; 1
8736; 2
8735; 1
8737; 2
8736; 1
8738; 2
8737; 1
8739; 2
8740; 1
8742; 2
8746; 1
8748; 2
8747; 1
8749; 2
8748; 1
8750; 2
8751; 1
8753; 2
8753; 1
8755; 2
8756; 1
8758; 2
8757; 1
8759; 2
8757; 1
8759; 2
8757; 1
8759; 2
8761; 1
8763; 2
8762; 1
8764; 2
8764; 1
8766; 2
8764; 1
8766; 2
8772; 1
8774; 2
8774; 1
8776; 2
8774; 1
8776; 2
8774; 1
8776; 2
8781; 1
8783; 2
8783; 1
8785; 2
8791; 1
8793; 2
8796; 1
8798; 2
8796; 1
8798; 2
8799; 1
8801; 2
8802; 1
8804; 2
8803; 1
8805; 2
8803; 1
8805; 2
8805; 1
8807; 2
8806; 1
8808; 2
8809; 1
8811; 2
8810; 1
8812; 2
8810; 1
8812; 2
8811; 1
8813; 2
8812; 1
8814; 2
8813; 1
8815; 2
8814; 1
8816; 2
8815; 1
8817; 2
8821; 1
8823; 2
8822; 1
8824; 2
8822; 1
8824; 2
8828; 1
8830; 2
8829; 1
8831; 2
8830; 1
8832; 2
8835; 1
8837; 2
8836; 1
8838; 2
8837; 1
8839; 2
8837; 1
8839; 2
8839; 1
8841; 2
8841; 1
8843; 2
8844; 1
8846; 2
8846; 1
8848; 2
8848; 1
8850; 2
8848; 1
8850; 2
8849; 1
8851; 2
8850; 1
8852; 2
8852; 1
8854; 2
8860; 1
8862; 2
8864; 1
8866; 2
8867; 1
8869; 2
8869; 1
8871; 2
8871; 1
8873; 2
8873; 1
8875; 2
8873; 1
8875; 2
8875; 1
8877; 2
8875; 1
8877; 2
8878; 1
8880; 2
8879; 1
8881; 2
8885; 1
8887; 2
8887; 1
8889; 2
8892; 1
8894; 2
8892; 1
8894; 2
8894; 1
8896; 2
8894; 1
8896; 2
8901; 1
8903; 2
8902; 1
8904; 2
8909; 1
8911; 2
8910; 1
8912; 2
8914; 1
8916; 2
8916; 1
8918; 2
8917; 1
8919; 2
8921; 1
8923; 2
8922; 1
8924; 2
8925; 1
8927; 2
8929; 1
8931; 2
8933; 1
8935; 2
8934; 1
8936; 2
8935; 1
8937; 2
8936; 1
8938; 2
8936; 1
8938; 2
8939; 1
8941; 2
8940; 1
8942; 2
8941; 1
8943; 2
8943; 1
8945; 2
8944; 1
8946; 2
8947; 1
8949; 2
8948; 1
8950; 2
8950; 1
8952; 2
8954; 1
8956; 2
8958; 1
8960; 2
8959; 1
8961; 2
8961; 1
8963; 2
8962; 1
8964; 2
8976; 1
8978; 2
8980; 1
8982; 2
8984; 1
8986; 2
8987; 1
8989; 2
8987; 1
8989; 2
8988; 1
8990; 2
8988; 1
8990; 2
8991; 1
8993; 2
8996; 1
8998; 2
9000; 1
9002; 2
9001; 1
9003; 2
9003; 1
9005; 2
9005; 1
9007; 2
9005; 1
9007; 2
9008; 1
9010; 2
9015; 1
9017; 2
9018; 1
9020; 2
9019; 1
9021; 2
9021; 1
9023; 2
9022; 1
9024; 2
9022; 1
9024; 2
9023; 1
9025; 2
9024; 1
9026; 2
9031; 1
9033; 2
9031; 1
9033; 2
9035; 1
9037; 2
9037; 1
9039; 2
9040; 1
9042; 2
9041; 1
9043; 2
9041; 1
9043; 2
9042; 1
9044; 2
9046; 1
9048; 2
9047; 1
9049; 2
9052; 1
9054; 2
9053; 1
9055; 2
9054; 1
9056; 2
9057; 1
9059; 2
9057; 1
9059; 2
9063; 1
9065; 2
9067; 1
9069; 2
9067; 1
9069; 2
9069; 1
9071; 2
9072; 1
9074; 2
9073; 1
9075; 2
9074; 1
9076; 2
9080; 1
9082; 2
9081; 1
9083; 2
9082; 1
9084; 2
9084; 1
9086; 2
9086; 1
9088; 2
9089; 1
9091; 2
9091; 1
9093; 2
9092; 1
9094; 2
9093; 1
9095; 2
9093; 1
9095; 2
9094; 1
9096; 2
9094; 1
9096; 2
9097; 1
9099; 2
9100; 1
9102; 2
9101; 1
9103; 2
9102; 1
9104; 2
9105; 1
9107; 2
9108; 1
9110; 2
9110; 1
9112; 2
9112; 1
9114; 2
9119; 1
9121; 2
9120; 1
9122; 2
9121; 1
9123; 2
9122; 1
9124; 2
9126; 1
9128; 2
9129; 1
9131; 2
9132; 1
9134; 2
9139; 1
9141; 2
9139; 1
9141; 2
9140; 1
9142; 2
9141; 1
9143; 2
9145; 1
9147; 2
9146; 1
9148; 2
9148; 1
9150; 2
9150; 1
9152; 2
9154; 1
9156; 2
9157; 1
9159; 2
9158; 1
9160; 2
9159; 1
9161; 2
9160; 1
9162; 2
9160; 1
9162; 2
9161; 1
9163; 2
9161; 1
9163; 2
9161; 1
9163; 2
9162; 1
9164; 2
9166; 1
9168; 2
9172; 1
9174; 2
9175; 1
9177; 2
9175; 1
9177; 2
9176; 1
9178; 2
9178; 1
9180; 2
9182; 1
9184; 2
9182; 1
9184; 2
9183; 1
9185; 2
9185; 1
9187; 2
9189; 1
9191; 2
9193; 1
9195; 2
9204; 1
9206; 2
9205; 1
9207; 2
9205; 1
9207; 2
9206; 1
9208; 2
9207; 1
9209; 2
9211; 1
9213; 2
9217; 1
9219; 2
9225; 1
9227; 2
9229; 1
9231; 2
9232; 1
9234; 2
9233; 1
9235; 2
9234; 1
9236; 2
9234; 1
9236; 2
9239; 1
9241; 2
9241; 1
9243; 2
9247; 1
9249; 2
9251; 1
9253; 2
9253; 1
9255; 2
9254; 1
9256; 2
9256; 1
9258; 2
9260; 1
9262; 2
9265; 1
9267; 2
9266; 1
9268; 2
9268; 1
9270; 2
9273; 1
9275; 2
9274; 1
9276; 2
9275; 1
9277; 2
9275; 1
9277; 2
9282; 1
9284; 2
9289; 1
9291; 2
9289; 1
9291; 2
9293; 1
9295; 2
9294; 1
9296; 2
9296; 1
9298; 2
9299; 1
9301; 2
9301; 1
9303; 2
9305; 1
9307; 2
9313; 1
9315; 2
9314; 1
9316; 2
9315; 1
9317; 2
9315; 1
9317; 2
9318; 1
9320; 2
9320; 1
9322; 2
9325; 1
9327; 2
9325; 1
9327; 2
9326; 1
9328; 2
9327; 1
9329; 2
9327; 1
9329; 2
9329; 1
9331; 2
9330; 1
9332; 2
9331; 1
9333; 2
9331; 1
9333; 2
9332; 1
9334; 2
9333; 1
9335; 2
9333; 1
9335; 2
9334; 1
9336; 2
9335; 1
9337; 2
9336; 1
9338; 2
9338; 1
9340; 2
9342; 1
9344; 2
9342; 1
9344; 2
9346; 1
9348; 2
9350; 1
9352; 2
9350; 1
9352; 2
9352; 1
9354; 2
9353; 1
9355; 2
9353; 1
9355; 2
9354; 1
9356; 2
9355; 1
9357; 2
9359; 1
9361; 2
9362; 1
9364; 2
9363; 1
9365; 2
9371; 1
9373; 2
9372; 1
9374; 2
9374; 1
9376; 2
9381; 1
9383; 2
9381; 1
9383; 2
9383; 1
9385; 2
9384; 1
9386; 2
9388; 1
9390; 2
9389; 1
9391; 2
9391; 1
9393; 2
9392; 1
9394; 2
9394; 1
9396; 2
9398; 1
9400; 2
9412; 1
9414; 2
9413; 1
9415; 2
9415; 1
9417; 2
9419; 1
9421; 2
9421; 1
9423; 2
9422; 1
9424; 2
9425; 1
9427; 2
9428; 1
9430; 2
9429; 1
9431; 2
9432; 1
9434; 2
9433; 1
9435; 2
9436; 1
9438; 2
9437; 1
9439; 2
9442; 1
9444; 2
9443; 1
9445; 2
9445; 1
9447; 2
9447; 1
9449; 2
9448; 1
9450; 2
9453; 1
9455; 2
9455; 1
9457; 2
9465; 1
9467; 2
9465; 1
9467; 2
9467; 1
9469; 2
9472; 1
9474; 2
9474; 1
9476; 2
9476; 1
9478; 2
9477; 1
9479; 2
9478; 1
9480; 2
9479; 1
9481; 2
9482; 1
9484; 2
9482; 1
9484; 2
9486; 1
9488; 2
9486; 1
9488; 2
9488; 1
9490; 2
9488; 1
9490; 2
9489; 1
9491; 2
9490; 1
9492; 2
9492; 1
9494; 2
9497; 1
9499; 2
9497; 1
9499; 2
9497; 1
9499; 2
9499; 1
9501; 2
9501; 1
9503; 2
9501; 1
9503; 2
9501; 1
9503; 2
9505; 1
9507; 2
9507; 1
9509; 2
9509; 1
9511; 2
9510; 1
9512; 2
9510; 1
9512; 2
9510; 1
9512; 2
9513; 1
9515; 2
9513; 1
9515; 2
9513; 1
9515; 2
9517; 1
9519; 2
9519; 1
9521; 2
9527; 1
9529; 2
9527; 1
9529; 2
9528; 1
9530; 2
9532; 1
9534; 2
9533; 1
9535; 2
9533; 1
9535; 2
9533; 1
9535; 2
9534; 1
9536; 2
9536; 1
9538; 2
9538; 1
9540; 2
9546; 1
9548; 2
9546; 1
9548; 2
9549; 1
9551; 2
9555; 1
9557; 2
9556; 1
9558; 2
9559; 1
9561; 2
9563; 1
9565; 2
9564; 1
9566; 2
9565; 1
9567; 2
9567; 1
9569; 2
9569; 1
9571; 2
9570; 1
9572; 2
9571; 1
9573; 2
9573; 1
9575; 2
9575; 1
9577; 2
9583; 1
9585; 2
9583; 1
9585; 2
9585; 1
9587; 2
9586; 1
9588; 2
9591; 1
9593; 2
9591; 1
9593; 2
9593; 1
9595; 2
9594; 1
9596; 2
9595; 1
9597; 2
9596; 1
9598; 2
9598; 1
9600; 2
9599; 1
9601; 2
9599; 1
9601; 2
9606; 1
9608; 2
9612; 1
9614; 2
9614; 1
9616; 2
9615; 1
9617; 2
9616; 1
9618; 2
9621; 1
9623; 2
9622; 1
9624; 2
9624; 1
9626; 2
9626; 1
9628; 2
9626; 1
9628; 2
9627; 1
9629; 2
9630; 1
9632; 2
9632; 1
9634; 2
9634; 1
9636; 2
9635; 1
9637; 2
9635; 1
9637; 2
9636; 1
9638; 2
9639; 1
9641; 2
9640; 1
9642; 2
9640; 1
9642; 2
9641; 1
9643; 2
9643; 1
9645; 2
9645; 1
9647; 2
9645; 1
9647; 2
9649; 1
9651; 2
9662; 1
9664; 2
9662; 1
9664; 2
9663; 1
9665; 2
9665; 1
9667; 2
9668; 1
9670; 2
9669; 1
9671; 2
9672; 1
9674; 2
9672; 1
9674; 2
9673; 1
9675; 2
9678; 1
9680; 2
9683; 1
9685; 2
9684; 1
9686; 2
9685; 1
9687; 2
9691; 1
9693; 2
9699; 1
9701; 2
9699; 1
9701; 2
9699; 1
9701; 2
9700; 1
9702; 2
9710; 1
9712; 2
9710; 1
9712; 2
9714; 1
9716; 2
9716; 1
9718; 2
9717; 1
9719; 2
9720; 1
9722; 2
9722; 1
9724; 2
9724; 1
9726; 2
9726; 1
9728; 2
9726; 1
9728; 2
9727; 1
9729; 2
9732; 1
9734; 2
9733; 1
9735; 2
9735; 1
9737; 2
9738; 1
9740; 2
9739; 1
9741; 2
9741; 1
9743; 2
9741; 1
9743; 2
9746; 1
9748; 2
9751; 1
9753; 2
9752; 1
9754; 2
9754; 1
9756; 2
9755; 1
9757; 2
9756; 1
9758; 2
9756; 1
9758; 2
9757; 1
9759; 2
9759; 1
9761; 2
9759; 1
9761; 2
9759; 1
9761; 2
9765; 1
9767; 2
9766; 1
9768; 2
9766; 1
9768; 2
9767; 1
9769; 2
9767; 1
9769; 2
9773; 1
9775; 2
9777; 1
9779; 2
9778; 1
9780; 2
9779; 1
9781; 2
9782; 1
9784; 2
9782; 1
9784; 2
9784; 1
9786; 2
9786; 1
9788; 2
9787; 1
9789; 2
9790; 1
9792; 2
9796; 1
9798; 2
9796; 1
9798; 2
9798; 1
9800; 2
9798; 1
9800; 2
9798; 1
9800; 2
9800; 1
9802; 2
9803; 1
9805; 2
9814; 1
9816; 2
9814; 1
9816; 2
9816; 1
9818; 2
9816; 1
9818; 2
9816; 1
9818; 2
9824; 1
9826; 2
9824; 1
9826; 2
9834; 1
9836; 2
9837; 1
9839; 2
9838; 1
9840; 2
9840; 1
9842; 2
9840; 1
9842; 2
9840; 1
9842; 2
9842; 1
9844; 2
9842; 1
9844; 2
9842; 1
9844; 2
9847; 1
9849; 2
9849; 1
9851; 2
9850; 1
9852; 2
9850; 1
9852; 2
9855; 1
9857; 2
9857; 1
9859; 2
9857; 1
9859; 2
9858; 1
9860; 2
9861; 1
9863; 2
9866; 1
9868; 2
9867; 1
9869; 2
9867; 1
9869; 2
9868; 1
9870; 2
9869; 1
9871; 2
9870; 1
9872; 2
9872; 1
9874; 2
9873; 1
9875; 2
9873; 1
9875; 2
9874; 1
9876; 2
9878; 1
9880; 2
9878; 1
9880; 2
9883; 1
9885; 2
9885; 1
9887; 2
9889; 1
9891; 2
9892; 1
9894; 2
9893; 1
9895; 2
9895; 1
9897; 2
9900; 1
9902; 2
9902; 1
9904; 2
9902; 1
9904; 2
9903; 1
9905; 2
9904; 1
9906; 2
9905; 1
9907; 2
9907; 1
9909; 2
9908; 1
9910; 2
9913; 1
9915; 2
9914; 1
9916; 2
9916; 1
9918; 2
9919; 1
9921; 2
9919; 1
9921; 2
9921; 1
9923; 2
9922; 1
9924; 2
9925; 1
9927; 2
9928; 1
9930; 2
9929; 1
9931; 2
9931; 1
9933; 2
9932; 1
9934; 2
9933; 1
9935; 2
9940; 1
9942; 2
9942; 1
9944; 2
9947; 1
9949; 2
9947; 1
9949; 2
9953; 1
9955; 2
9953; 1
9955; 2
9954; 1
9956; 2
9968; 1
9970; 2
9969; 1
9971; 2
9973; 1
9975; 2
9975; 1
9977; 2
9979; 1
9981; 2
9982; 1
9984; 2
9995; 1
9997; 2
10004; 1
10006; 2
10008; 1
10010; 2
10009; 1
10011; 2
10013; 1
10015; 2
10014; 1
10016; 2
10015; 1
10017; 2
10015; 1
10017; 2
10022; 1
10024; 2
