Sequence of timestamped events V1.0
Stream 2
Id =2
Name = Camera_2
Tbegin = 0
Tend = 10000
Count = 500
76; 1
80; 2
76; 1
81; 2
92; 1
99; 2
150; 1
156; 2
166; 1
171; 2
167; 1
173; 2
194; 1
200; 2
197; 1
203; 2
221; 1
227; 2
227; 1
232; 2
269; 1
275; 2
270; 1
275; 2
277; 1
281; 2
287; 1
293; 2
290; 1
296; 2
338; 1
343; 2
349; 1
355; 2
368; 1
374; 2
422; 1
426; 2
427; 1
433; 2
434; 1
441; 2
449; 1
455; 2
461; 1
466; 2
476; 1
482; 2
538; 1
544; 2
539; 1
545; 2
567; 1
574; 2
579; 1
583; 2
583; 1
589; 2
624; 1
629; 2
627; 1
634; 2
645; 1
653; 2
647; 1
651; 2
689; 1
695; 2
715; 1
720; 2
721; 1
727; 2
734; 1
741; 2
737; 1
743; 2
747; 1
751; 2
750; 1
754; 2
764; 1
770; 2
793; 1
798; 2
804; 1
808; 2
843; 1
849; 2
883; 1
889; 2
901; 1
909; 2
993; 1
997; 2
1014; 1
1019; 2
1014; 1
1020; 2
1043; 1
1048; 2
1074; 1
1078; 2
1074; 1
1080; 2
1083; 1
1087; 2
1097; 1
1102; 2
1120; 1
1125; 2
1121; 1
1127; 2
1131; 1
1137; 2
1163; 1
1167; 2
1175; 1
1181; 2
1197; 1
1203; 2
1277; 1
1283; 2
1279; 1
1287; 2
1297; 1
1303; 2
1299; 1
1305; 2
1303; 1
1310; 2
1321; 1
1327; 2
1330; 1
1335; 2
1363; 1
1369; 2
1368; 1
1374; 2
1395; 1
1400; 2
1417; 1
1422; 2
1483; 1
1489; 2
1521; 1
1526; 2
1525; 1
1532; 2
1528; 1
1532; 2
1536; 1
1544; 2
1550; 1
1555; 2
1566; 1
1573; 2
1567; 1
1573; 2
1603; 1
1607; 2
1606; 1
1613; 2
1623; 1
1629; 2
1639; 1
1645; 2
1686; 1
1692; 2
1694; 1
1700; 2
1742; 1
1747; 2
1808; 1
1815; 2
1808; 1
1815; 2
1867; 1
1873; 2
1881; 1
1888; 2
1890; 1
1896; 2
1890; 1
1896; 2
1909; 1
1915; 2
1930; 1
1935; 2
1961; 1
1967; 2
1971; 1
1976; 2
1989; 1
1995; 2
1991; 1
1997; 2
2002; 1
2006; 2
2011; 1
2017; 2
2062; 1
2068; 2
2068; 1
2074; 2
2072; 1
2077; 2
2127; 1
2133; 2
2155; 1
2161; 2
2219; 1
2223; 2
2229; 1
2235; 2
2240; 1
2244; 2
2243; 1
2249; 2
2249; 1
2255; 2
2261; 1
2267; 2
2284; 1
2289; 2
2312; 1
2317; 2
2328; 1
2334; 2
2393; 1
2397; 2
2393; 1
2399; 2
2401; 1
2408; 2
2407; 1
2413; 2
2412; 1
2418; 2
2457; 1
2463; 2
2494; 1
2501; 2
2517; 1
2523; 2
2535; 1
2540; 2
2584; 1
2591; 2
2586; 1
2593; 2
2591; 1
2596; 2
2595; 1
2601; 2
2605; 1
2610; 2
2610; 1
2614; 2
2612; 1
2618; 2
2645; 1
2651; 2
2659; 1
2663; 2
2679; 1
2685; 2
2733; 1
2739; 2
2745; 1
2751; 2
2751; 1
2759; 2
2758; 1
2762; 2
2777; 1
2782; 2
2805; 1
2811; 2
2840; 1
2846; 2
2913; 1
2919; 2
2916; 1
2922; 2
2957; 1
2962; 2
2969; 1
2973; 2
2986; 1
2992; 2
3011; 1
3018; 2
3016; 1
3024; 2
3017; 1
3023; 2
3039; 1
3046; 2
3041; 1
3047; 2
3044; 1
3050; 2
3069; 1
3073; 2
3076; 1
3080; 2
3087; 1
3094; 2
3090; 1
3094; 2
3123; 1
3129; 2
3135; 1
3141; 2
3145; 1
3150; 2
3148; 1
3154; 2
3181; 1
3187; 2
3218; 1
3223; 2
3272; 1
3278; 2
3301; 1
3307; 2
3310; 1
3316; 2
3341; 1
3346; 2
3346; 1
3350; 2
3391; 1
3397; 2
3408; 1
3413; 2
3417; 1
3423; 2
3484; 1
3490; 2
3503; 1
3509; 2
3542; 1
3547; 2
3566; 1
3571; 2
3584; 1
3588; 2
3595; 1
3600; 2
3613; 1
3618; 2
3627; 1
3633; 2
3636; 1
3640; 2
3641; 1
3647; 2
3671; 1
3677; 2
3672; 1
3678; 2
3675; 1
3680; 2
3703; 1
3708; 2
3728; 1
3732; 2
3749; 1
3755; 2
3758; 1
3764; 2
3773; 1
3777; 2
3789; 1
3794; 2
3798; 1
3804; 2
3804; 1
3810; 2
3804; 1
3810; 2
3825; 1
3831; 2
3828; 1
3834; 2
3864; 1
3868; 2
3868; 1
3875; 2
3875; 1
3881; 2
3897; 1
3902; 2
3900; 1
3905; 2
3921; 1
3927; 2
3963; 1
3969; 2
3970; 1
3976; 2
3980; 1
3986; 2
3992; 1
3998; 2
3997; 1
4003; 2
4028; 1
4034; 2
4031; 1
4037; 2
4033; 1
4041; 2
4041; 1
4047; 2
4041; 1
4047; 2
4053; 1
4059; 2
4170; 1
4175; 2
4171; 1
4177; 2
4184; 1
4189; 2
4219; 1
4225; 2
4251; 1
4257; 2
4260; 1
4266; 2
4275; 1
4281; 2
4291; 1
4296; 2
4297; 1
4302; 2
4302; 1
4308; 2
4324; 1
4330; 2
4329; 1
4335; 2
4369; 1
4375; 2
4379; 1
4385; 2
4379; 1
4385; 2
4441; 1
4448; 2
4449; 1
4454; 2
4469; 1
4473; 2
4536; 1
4542; 2
4607; 1
4613; 2
4613; 1
4621; 2
4636; 1
4642; 2
4675; 1
4682; 2
4682; 1
4688; 2
4692; 1
4699; 2
4708; 1
4715; 2
4736; 1
4742; 2
4753; 1
4759; 2
4838; 1
4843; 2
4841; 1
4848; 2
4863; 1
4868; 2
4923; 1
4929; 2
4950; 1
4954; 2
4973; 1
4980; 2
4978; 1
4983; 2
4982; 1
4988; 2
4996; 1
5003; 2
5013; 1
5021; 2
5018; 1
5024; 2
5021; 1
5027; 2
5024; 1
5031; 2
5047; 1
5052; 2
5049; 1
5055; 2
5106; 1
5112; 2
5128; 1
5132; 2
5132; 1
5137; 2
5175; 1
5182; 2
5198; 1
5204; 2
5243; 1
5249; 2
5280; 1
5288; 2
5312; 1
5317; 2
5336; 1
5342; 2
5354; 1
5358; 2
5367; 1
5372; 2
5388; 1
5394; 2
5396; 1
5402; 2
5407; 1
5411; 2
5433; 1
5437; 2
5449; 1
5455; 2
5480; 1
5486; 2
5486; 1
5491; 2
5495; 1
5501; 2
5515; 1
5520; 2
5548; 1
5554; 2
5555; 1
5559; 2
5586; 1
5593; 2
5596; 1
5602; 2
5603; 1
5609; 2
5614; 1
5621; 2
5626; 1
5632; 2
5656; 1
5663; 2
5662; 1
5667; 2
5667; 1
5672; 2
5677; 1
5682; 2
5679; 1
5685; 2
5697; 1
5702; 2
5753; 1
5757; 2
5755; 1
5759; 2
5792; 1
5796; 2
5815; 1
5821; 2
5828; 1
5836; 2
5833; 1
5839; 2
5845; 1
5851; 2
5856; 1
5862; 2
5871; 1
5877; 2
5937; 1
5944; 2
5948; 1
5953; 2
5953; 1
5959; 2
5981; 1
5987; 2
5996; 1
6000; 2
6024; 1
6030; 2
6025; 1
6029; 2
6025; 1
6031; 2
6026; 1
6032; 2
6046; 1
6052; 2
6053; 1
6057; 2
6054; 1
6060; 2
6077; 1
6083; 2
6082; 1
6087; 2
6114; 1
6120; 2
6139; 1
6145; 2
6169; 1
6175; 2
6186; 1
6194; 2
6196; 1
6203; 2
6214; 1
6221; 2
6219; 1
6223; 2
6227; 1
6233; 2
6253; 1
6259; 2
6262; 1
6268; 2
6274; 1
6280; 2
6305; 1
6311; 2
6320; 1
6326; 2
6380; 1
6385; 2
6418; 1
6424; 2
6440; 1
6444; 2
6442; 1
6448; 2
6462; 1
6467; 2
6462; 1
6468; 2
6485; 1
6491; 2
6490; 1
6495; 2
6494; 1
6501; 2
6515; 1
6521; 2
6532; 1
6538; 2
6534; 1
6540; 2
6558; 1
6564; 2
6558; 1
6564; 2
6570; 1
6578; 2
6571; 1
6575; 2
6668; 1
6672; 2
6686; 1
6692; 2
6717; 1
6723; 2
6730; 1
6735; 2
6752; 1
6758; 2
6765; 1
6769; 2
6839; 1
6844; 2
6856; 1
6862; 2
6861; 1
6867; 2
6861; 1
6867; 2
6875; 1
6881; 2
6900; 1
6904; 2
6935; 1
6941; 2
6975; 1
6982; 2
6987; 1
6993; 2
7000; 1
7006; 2
7000; 1
7006; 2
7002; 1
7007; 2
7006; 1
7012; 2
7018; 1
7024; 2
7037; 1
7043; 2
7044; 1
7050; 2
7076; 1
7083; 2
7090; 1
7095; 2
7103; 1
7109; 2
7132; 1
7138; 2
7144; 1
7150; 2
7163; 1
7170; 2
7191; 1
7197; 2
7206; 1
7212; 2
7220; 1
7226; 2
7227; 1
7233; 2
7253; 1
7257; 2
7259; 1
7265; 2
7297; 1
7303; 2
7304; 1
7310; 2
7375; 1
7380; 2
7393; 1
7397; 2
7395; 1
7401; 2
7406; 1
7412; 2
7437; 1
7442; 2
7469; 1
7474; 2
7490; 1
7496; 2
7493; 1
7498; 2
7528; 1
7534; 2
7586; 1
7592; 2
7618; 1
7623; 2
7631; 1
7635; 2
7631; 1
7637; 2
7654; 1
7658; 2
7660; 1
7667; 2
7672; 1
7677; 2
7672; 1
7678; 2
7675; 1
7681; 2
7746; 1
7752; 2
7773; 1
7778; 2
7793; 1
7798; 2
7888; 1
7892; 2
7897; 1
7903; 2
7919; 1
7925; 2
7967; 1
7971; 2
7981; 1
7985; 2
7996; 1
8001; 2
8028; 1
8034; 2
8037; 1
8043; 2
8041; 1
8047; 2
8064; 1
8070; 2
8070; 1
8077; 2
8099; 1
8105; 2
8100; 1
8105; 2
8121; 1
8127; 2
8133; 1
8140; 2
8136; 1
8141; 2
8151; 1
8157; 2
8201; 1
8207; 2
8230; 1
8234; 2
8236; 1
8241; 2
8252; 1
8257; 2
8305; 1
8310; 2
8333; 1
8339; 2
8339; 1
8343; 2
8343; 1
8349; 2
8359; 1
8364; 2
8372; 1
8379; 2
8391; 1
8397; 2
8403; 1
8408; 2
8423; 1
8429; 2
8428; 1
8434; 2
8491; 1
8499; 2
8492; 1
8498; 2
8503; 1
8509; 2
8518; 1
8524; 2
8573; 1
8579; 2
8605; 1
8611; 2
8618; 1
8622; 2
8623; 1
8629; 2
8636; 1
8643; 2
8708; 1
8714; 2
8718; 1
8723; 2
8768; 1
8773; 2
8819; 1
8826; 2
8835; 1
8841; 2
8862; 1
8868; 2
8873; 1
8878; 2
8885; 1
8891; 2
8916; 1
8922; 2
8931; 1
8938; 2
8961; 1
8966; 2
8961; 1
8967; 2
9013; 1
9018; 2
9017; 1
9023; 2
9050; 1
9055; 2
9117; 1
9123; 2
9146; 1
9152; 2
9150; 1
9156; 2
9155; 1
9161; 2
9156; 1
9161; 2
9175; 1
9180; 2
9179; 1
9185; 2
9189; 1
9194; 2
9189; 1
9194; 2
9197; 1
9201; 2
9200; 1
9206; 2
9223; 1
9229; 2
9252; 1
9258; 2
9260; 1
9268; 2
9287; 1
9293; 2
9317; 1
9322; 2
9334; 1
9338; 2
9352; 1
9358; 2
9360; 1
9366; 2
9410; 1
9418; 2
9420; 1
9426; 2
9435; 1
9441; 2
9449; 1
9454; 2
9454; 1
9459; 2
9469; 1
9473; 2
9476; 1
9482; 2
9499; 1
9503; 2
9511; 1
9517; 2
9545; 1
9549; 2
9556; 1
9562; 2
9571; 1
9578; 2
9582; 1
9588; 2
9616; 1
9621; 2
9617; 1
9623; 2
9618; 1
9624; 2
9620; 1
9626; 2
9631; 1
9637; 2
9636; 1
9642; 2
9641; 1
9645; 2
9647; 1
9652; 2
9683; 1
9688; 2
9695; 1
9700; 2
9756; 1
9760; 2
9770; 1
9775; 2
9777; 1
9781; 2
9860; 1
9866; 2
9948; 1
9954; 2
9975; 1
9979; 2
10012; 1
10017; 2
10021; 1
10027; 2
