Sequence of timestamped events V1.0
Stream 8
Id =8
Name = Camera_8
Tbegin = 0
Tend = 10000
Count = 500
134; 1
138; 2
138; 1
143; 2
178; 1
185; 2
219; 1
224; 2
228; 1
233; 2
236; 1
241; 2
266; 1
271; 2
271; 1
277; 2
289; 1
294; 2
290; 1
295; 2
332; 1
337; 2
335; 1
339; 2
346; 1
352; 2
359; 1
364; 2
364; 1
370; 2
400; 1
405; 2
426; 1
432; 2
437; 1
442; 2
480; 1
484; 2
496; 1
501; 2
518; 1
523; 2
520; 1
527; 2
523; 1
528; 2
545; 1
550; 2
607; 1
612; 2
608; 1
613; 2
637; 1
641; 2
652; 1
657; 2
653; 1
660; 2
686; 1
691; 2
705; 1
709; 2
713; 1
720; 2
743; 1
751; 2
758; 1
763; 2
777; 1
782; 2
798; 1
804; 2
805; 1
809; 2
806; 1
811; 2
808; 1
812; 2
820; 1
827; 2
833; 1
838; 2
855; 1
860; 2
862; 1
866; 2
920; 1
926; 2
952; 1
957; 2
999; 1
1007; 2
1051; 1
1055; 2
1076; 1
1081; 2
1083; 1
1088; 2
1105; 1
1110; 2
1126; 1
1131; 2
1135; 1
1140; 2
1151; 1
1157; 2
1159; 1
1164; 2
1182; 1
1187; 2
1190; 1
1195; 2
1200; 1
1205; 2
1221; 1
1225; 2
1244; 1
1249; 2
1274; 1
1280; 2
1346; 1
1351; 2
1366; 1
1371; 2
1368; 1
1373; 2
1377; 1
1385; 2
1389; 1
1396; 2
1392; 1
1397; 2
1398; 1
1404; 2
1440; 1
1446; 2
1445; 1
1451; 2
1457; 1
1462; 2
1479; 1
1484; 2
1560; 1
1566; 2
1583; 1
1588; 2
1586; 1
1590; 2
1611; 1
1618; 2
1612; 1
1617; 2
1634; 1
1642; 2
1644; 1
1650; 2
1652; 1
1659; 2
1661; 1
1665; 2
1692; 1
1699; 2
1700; 1
1706; 2
1708; 1
1713; 2
1755; 1
1760; 2
1763; 1
1768; 2
1804; 1
1809; 2
1894; 1
1901; 2
1894; 1
1901; 2
1936; 1
1941; 2
1959; 1
1964; 2
1967; 1
1973; 2
1967; 1
1974; 2
1978; 1
1983; 2
1992; 1
1997; 2
2033; 1
2038; 2
2038; 1
2044; 2
2060; 1
2064; 2
2066; 1
2072; 2
2068; 1
2074; 2
2080; 1
2085; 2
2134; 1
2139; 2
2137; 1
2142; 2
2139; 1
2145; 2
2196; 1
2201; 2
2224; 1
2229; 2
2277; 1
2281; 2
2298; 1
2302; 2
2298; 1
2303; 2
2320; 1
2326; 2
2326; 1
2332; 2
2330; 1
2335; 2
2346; 1
2351; 2
2374; 1
2379; 2
2405; 1
2411; 2
2451; 1
2455; 2
2470; 1
2476; 2
2484; 1
2490; 2
2487; 1
2494; 2
2489; 1
2495; 2
2526; 1
2531; 2
2580; 1
2587; 2
2594; 1
2600; 2
2597; 1
2602; 2
2653; 1
2658; 2
2664; 1
2669; 2
2667; 1
2672; 2
2668; 1
2672; 2
2670; 1
2677; 2
2672; 1
2679; 2
2681; 1
2686; 2
2717; 1
2721; 2
2722; 1
2728; 2
2756; 1
2762; 2
2802; 1
2807; 2
2810; 1
2815; 2
2814; 1
2819; 2
2839; 1
2844; 2
2849; 1
2857; 2
2874; 1
2879; 2
2909; 1
2914; 2
2990; 1
2996; 2
2993; 1
2999; 2
3019; 1
3024; 2
3027; 1
3031; 2
3063; 1
3069; 2
3094; 1
3100; 2
3097; 1
3104; 2
3110; 1
3115; 2
3114; 1
3122; 2
3121; 1
3127; 2
3125; 1
3132; 2
3127; 1
3131; 2
3134; 1
3138; 2
3148; 1
3152; 2
3173; 1
3180; 2
3200; 1
3206; 2
3204; 1
3209; 2
3207; 1
3212; 2
3217; 1
3222; 2
3258; 1
3264; 2
3280; 1
3285; 2
3341; 1
3346; 2
3370; 1
3375; 2
3379; 1
3384; 2
3398; 1
3403; 2
3403; 1
3408; 2
3468; 1
3474; 2
3470; 1
3475; 2
3494; 1
3500; 2
3561; 1
3567; 2
3572; 1
3577; 2
3604; 1
3609; 2
3628; 1
3633; 2
3642; 1
3646; 2
3657; 1
3662; 2
3675; 1
3680; 2
3694; 1
3698; 2
3704; 1
3710; 2
3718; 1
3724; 2
3737; 1
3742; 2
3740; 1
3745; 2
3741; 1
3746; 2
3765; 1
3770; 2
3786; 1
3790; 2
3818; 1
3823; 2
3827; 1
3832; 2
3831; 1
3835; 2
3851; 1
3856; 2
3873; 1
3878; 2
3875; 1
3881; 2
3881; 1
3887; 2
3894; 1
3899; 2
3905; 1
3911; 2
3922; 1
3926; 2
3944; 1
3949; 2
3954; 1
3961; 2
3959; 1
3964; 2
3962; 1
3967; 2
3990; 1
3995; 2
4040; 1
4046; 2
4047; 1
4053; 2
4057; 1
4063; 2
4061; 1
4066; 2
4066; 1
4071; 2
4105; 1
4111; 2
4108; 1
4114; 2
4110; 1
4115; 2
4118; 1
4124; 2
4130; 1
4136; 2
4131; 1
4139; 2
4232; 1
4237; 2
4246; 1
4251; 2
4248; 1
4254; 2
4288; 1
4293; 2
4320; 1
4325; 2
4337; 1
4343; 2
4344; 1
4349; 2
4353; 1
4358; 2
4359; 1
4364; 2
4371; 1
4376; 2
4393; 1
4398; 2
4406; 1
4412; 2
4446; 1
4452; 2
4448; 1
4453; 2
4456; 1
4462; 2
4511; 1
4516; 2
4527; 1
4531; 2
4527; 1
4534; 2
4605; 1
4610; 2
4684; 1
4690; 2
4705; 1
4710; 2
4711; 1
4719; 2
4759; 1
4765; 2
4761; 1
4768; 2
4778; 1
4785; 2
4794; 1
4801; 2
4805; 1
4810; 2
4830; 1
4836; 2
4900; 1
4905; 2
4925; 1
4930; 2
4927; 1
4934; 2
5000; 1
5006; 2
5008; 1
5012; 2
5040; 1
5045; 2
5059; 1
5065; 2
5059; 1
5066; 2
5082; 1
5089; 2
5087; 1
5092; 2
5098; 1
5104; 2
5109; 1
5114; 2
5110; 1
5117; 2
5111; 1
5119; 2
5126; 1
5132; 2
5175; 1
5180; 2
5180; 1
5185; 2
5194; 1
5199; 2
5261; 1
5268; 2
5275; 1
5281; 2
5312; 1
5317; 2
5374; 1
5379; 2
5378; 1
5386; 2
5412; 1
5416; 2
5413; 1
5419; 2
5429; 1
5434; 2
5465; 1
5469; 2
5465; 1
5470; 2
5465; 1
5471; 2
5485; 1
5490; 2
5526; 1
5532; 2
5548; 1
5553; 2
5557; 1
5563; 2
5564; 1
5569; 2
5577; 1
5582; 2
5607; 1
5612; 2
5625; 1
5631; 2
5672; 1
5677; 2
5672; 1
5679; 2
5673; 1
5679; 2
5695; 1
5700; 2
5700; 1
5707; 2
5724; 1
5729; 2
5729; 1
5734; 2
5739; 1
5744; 2
5742; 1
5749; 2
5756; 1
5762; 2
5759; 1
5764; 2
5807; 1
5812; 2
5811; 1
5815; 2
5850; 1
5854; 2
5892; 1
5898; 2
5902; 1
5907; 2
5922; 1
5928; 2
5925; 1
5930; 2
5926; 1
5934; 2
5940; 1
5945; 2
6010; 1
6015; 2
6022; 1
6027; 2
6023; 1
6030; 2
6054; 1
6058; 2
6058; 1
6064; 2
6074; 1
6078; 2
6093; 1
6098; 2
6094; 1
6099; 2
6103; 1
6109; 2
6111; 1
6115; 2
6123; 1
6129; 2
6131; 1
6137; 2
6144; 1
6149; 2
6146; 1
6151; 2
6191; 1
6197; 2
6208; 1
6213; 2
6246; 1
6252; 2
6277; 1
6281; 2
6282; 1
6289; 2
6284; 1
6292; 2
6296; 1
6301; 2
6300; 1
6307; 2
6322; 1
6327; 2
6331; 1
6336; 2
6343; 1
6348; 2
6374; 1
6379; 2
6397; 1
6403; 2
6442; 1
6447; 2
6487; 1
6492; 2
6498; 1
6502; 2
6511; 1
6516; 2
6524; 1
6529; 2
6539; 1
6545; 2
6552; 1
6557; 2
6554; 1
6559; 2
6580; 1
6587; 2
6592; 1
6598; 2
6601; 1
6606; 2
6611; 1
6617; 2
6629; 1
6633; 2
6635; 1
6641; 2
6635; 1
6641; 2
6668; 1
6676; 2
6726; 1
6730; 2
6763; 1
6769; 2
6792; 1
6797; 2
6794; 1
6800; 2
6821; 1
6826; 2
6823; 1
6827; 2
6901; 1
6906; 2
6925; 1
6930; 2
6930; 1
6935; 2
6938; 1
6944; 2
6944; 1
6949; 2
6958; 1
6962; 2
7004; 1
7009; 2
7056; 1
7061; 2
7061; 1
7068; 2
7064; 1
7069; 2
7069; 1
7074; 2
7075; 1
7080; 2
7077; 1
7083; 2
7095; 1
7101; 2
7106; 1
7111; 2
7113; 1
7118; 2
7152; 1
7157; 2
7162; 1
7169; 2
7180; 1
7186; 2
7209; 1
7215; 2
7213; 1
7218; 2
7249; 1
7256; 2
7268; 1
7274; 2
7283; 1
7289; 2
7297; 1
7303; 2
7304; 1
7310; 2
7305; 1
7310; 2
7328; 1
7333; 2
7373; 1
7378; 2
7374; 1
7380; 2
7437; 1
7442; 2
7451; 1
7455; 2
7472; 1
7478; 2
7475; 1
7480; 2
7499; 1
7504; 2
7531; 1
7536; 2
7555; 1
7560; 2
7567; 1
7573; 2
7597; 1
7602; 2
7663; 1
7669; 2
7680; 1
7685; 2
7689; 1
7693; 2
7700; 1
7705; 2
7703; 1
7707; 2
7734; 1
7739; 2
7746; 1
7753; 2
7749; 1
7755; 2
7752; 1
7758; 2
7815; 1
7820; 2
7835; 1
7840; 2
7855; 1
7860; 2
7946; 1
7950; 2
7966; 1
7971; 2
7996; 1
8002; 2
8025; 1
8029; 2
8039; 1
8043; 2
8058; 1
8063; 2
8097; 1
8102; 2
8106; 1
8111; 2
8118; 1
8124; 2
8133; 1
8138; 2
8156; 1
8163; 2
8162; 1
8167; 2
8168; 1
8173; 2
8190; 1
8195; 2
8198; 1
8203; 2
8219; 1
8226; 2
8228; 1
8234; 2
8270; 1
8275; 2
8288; 1
8292; 2
8298; 1
8303; 2
8314; 1
8319; 2
8367; 1
8372; 2
8397; 1
8401; 2
8402; 1
8407; 2
8412; 1
8417; 2
8421; 1
8426; 2
8458; 1
8465; 2
8460; 1
8465; 2
8465; 1
8470; 2
8500; 1
8506; 2
8505; 1
8511; 2
8561; 1
8566; 2
8572; 1
8577; 2
8587; 1
8592; 2
8589; 1
8597; 2
8642; 1
8647; 2
8676; 1
8680; 2
8682; 1
8688; 2
8700; 1
8706; 2
8722; 1
8729; 2
8777; 1
8782; 2
8780; 1
8785; 2
8830; 1
8835; 2
8905; 1
8912; 2
8912; 1
8918; 2
8931; 1
8936; 2
8935; 1
8940; 2
8954; 1
8959; 2
8985; 1
8990; 2
9017; 1
9024; 2
9023; 1
9028; 2
9030; 1
9035; 2
9075; 1
9080; 2
9094; 1
9100; 2
9112; 1
9117; 2
9186; 1
9191; 2
9215; 1
9220; 2
9218; 1
9223; 2
9224; 1
9229; 2
9227; 1
9233; 2
9237; 1
9242; 2
9248; 1
9253; 2
9251; 1
9256; 2
9251; 1
9256; 2
9255; 1
9259; 2
9269; 1
9274; 2
9292; 1
9297; 2
9329; 1
9335; 2
9356; 1
9361; 2
9358; 1
9366; 2
9379; 1
9384; 2
9392; 1
9396; 2
9421; 1
9426; 2
9429; 1
9434; 2
9497; 1
9503; 2
9504; 1
9509; 2
9508; 1
9516; 2
9511; 1
9516; 2
9516; 1
9521; 2
9527; 1
9531; 2
9545; 1
9550; 2
9557; 1
9561; 2
9580; 1
9585; 2
9603; 1
9607; 2
9633; 1
9639; 2
9657; 1
9664; 2
9659; 1
9665; 2
9678; 1
9683; 2
9686; 1
9691; 2
9687; 1
9692; 2
9697; 1
9703; 2
9699; 1
9703; 2
9705; 1
9710; 2
9708; 1
9714; 2
9709; 1
9714; 2
9745; 1
9750; 2
9757; 1
9762; 2
9814; 1
9818; 2
9829; 1
9834; 2
9832; 1
9837; 2
9937; 1
9943; 2
10017; 1
10022; 2
10033; 1
10037; 2
10074; 1
10079; 2
10098; 1
10104; 2
