Sequence of timestamped events V1.0
Stream 6
Id =6
Name = Camera_6
Tbegin = 0
Tend = 10000
Count = 500
115; 1
120; 2
117; 1
122; 2
150; 1
157; 2
196; 1
202; 2
207; 1
212; 2
213; 1
219; 2
243; 1
249; 2
246; 1
252; 2
267; 1
273; 2
268; 1
273; 2
311; 1
316; 2
316; 1
321; 2
321; 1
327; 2
336; 1
342; 2
339; 1
345; 2
379; 1
384; 2
401; 1
407; 2
414; 1
420; 2
461; 1
466; 2
473; 1
479; 2
492; 1
499; 2
495; 1
501; 2
502; 1
507; 2
522; 1
528; 2
584; 1
590; 2
585; 1
591; 2
618; 1
623; 2
625; 1
632; 2
629; 1
635; 2
665; 1
670; 2
685; 1
692; 2
686; 1
691; 2
711; 1
719; 2
735; 1
741; 2
756; 1
761; 2
773; 1
779; 2
783; 1
789; 2
786; 1
791; 2
789; 1
794; 2
792; 1
799; 2
810; 1
816; 2
834; 1
839; 2
843; 1
848; 2
895; 1
901; 2
929; 1
935; 2
967; 1
975; 2
1032; 1
1037; 2
1055; 1
1060; 2
1060; 1
1066; 2
1084; 1
1089; 2
1109; 1
1114; 2
1118; 1
1123; 2
1126; 1
1132; 2
1138; 1
1143; 2
1161; 1
1166; 2
1167; 1
1173; 2
1177; 1
1183; 2
1202; 1
1207; 2
1221; 1
1227; 2
1249; 1
1255; 2
1323; 1
1329; 2
1343; 1
1349; 2
1345; 1
1351; 2
1345; 1
1353; 2
1361; 1
1368; 2
1371; 1
1376; 2
1373; 1
1379; 2
1415; 1
1421; 2
1420; 1
1426; 2
1436; 1
1441; 2
1458; 1
1463; 2
1535; 1
1541; 2
1562; 1
1567; 2
1567; 1
1572; 2
1583; 1
1590; 2
1591; 1
1596; 2
1602; 1
1610; 2
1619; 1
1625; 2
1624; 1
1631; 2
1642; 1
1647; 2
1664; 1
1671; 2
1675; 1
1681; 2
1685; 1
1691; 2
1732; 1
1738; 2
1740; 1
1746; 2
1783; 1
1788; 2
1866; 1
1873; 2
1866; 1
1873; 2
1913; 1
1919; 2
1936; 1
1942; 2
1939; 1
1946; 2
1942; 1
1948; 2
1955; 1
1961; 2
1971; 1
1976; 2
2012; 1
2017; 2
2013; 1
2019; 2
2041; 1
2046; 2
2041; 1
2047; 2
2043; 1
2049; 2
2057; 1
2063; 2
2113; 1
2118; 2
2114; 1
2120; 2
2114; 1
2120; 2
2173; 1
2179; 2
2201; 1
2207; 2
2258; 1
2263; 2
2275; 1
2281; 2
2279; 1
2284; 2
2295; 1
2301; 2
2301; 1
2307; 2
2307; 1
2313; 2
2325; 1
2330; 2
2353; 1
2358; 2
2380; 1
2386; 2
2432; 1
2437; 2
2445; 1
2451; 2
2459; 1
2465; 2
2459; 1
2466; 2
2464; 1
2470; 2
2503; 1
2509; 2
2552; 1
2559; 2
2569; 1
2575; 2
2576; 1
2581; 2
2632; 1
2637; 2
2641; 1
2647; 2
2642; 1
2649; 2
2644; 1
2651; 2
2646; 1
2651; 2
2649; 1
2654; 2
2658; 1
2664; 2
2697; 1
2703; 2
2698; 1
2703; 2
2731; 1
2737; 2
2779; 1
2785; 2
2791; 1
2797; 2
2793; 1
2798; 2
2817; 1
2825; 2
2818; 1
2823; 2
2851; 1
2857; 2
2886; 1
2892; 2
2965; 1
2971; 2
2968; 1
2974; 2
2998; 1
3003; 2
3008; 1
3013; 2
3038; 1
3044; 2
3069; 1
3075; 2
3069; 1
3076; 2
3082; 1
3090; 2
3087; 1
3093; 2
3096; 1
3102; 2
3097; 1
3104; 2
3108; 1
3113; 2
3115; 1
3120; 2
3129; 1
3134; 2
3145; 1
3152; 2
3175; 1
3181; 2
3181; 1
3187; 2
3186; 1
3191; 2
3194; 1
3200; 2
3233; 1
3239; 2
3259; 1
3264; 2
3318; 1
3324; 2
3347; 1
3353; 2
3356; 1
3362; 2
3381; 1
3386; 2
3382; 1
3387; 2
3443; 1
3449; 2
3449; 1
3454; 2
3469; 1
3475; 2
3536; 1
3542; 2
3549; 1
3555; 2
3583; 1
3588; 2
3607; 1
3612; 2
3623; 1
3628; 2
3636; 1
3641; 2
3654; 1
3659; 2
3675; 1
3680; 2
3679; 1
3685; 2
3693; 1
3699; 2
3716; 1
3721; 2
3717; 1
3723; 2
3718; 1
3724; 2
3744; 1
3749; 2
3767; 1
3772; 2
3795; 1
3801; 2
3804; 1
3810; 2
3812; 1
3817; 2
3830; 1
3835; 2
3850; 1
3856; 2
3850; 1
3856; 2
3856; 1
3862; 2
3871; 1
3877; 2
3880; 1
3886; 2
3903; 1
3908; 2
3921; 1
3927; 2
3926; 1
3933; 2
3938; 1
3943; 2
3941; 1
3946; 2
3967; 1
3973; 2
4015; 1
4021; 2
4022; 1
4028; 2
4032; 1
4038; 2
4038; 1
4044; 2
4043; 1
4049; 2
4080; 1
4086; 2
4083; 1
4089; 2
4087; 1
4093; 2
4093; 1
4099; 2
4099; 1
4107; 2
4105; 1
4111; 2
4211; 1
4216; 2
4223; 1
4229; 2
4225; 1
4230; 2
4265; 1
4271; 2
4297; 1
4303; 2
4312; 1
4318; 2
4321; 1
4327; 2
4332; 1
4337; 2
4338; 1
4343; 2
4348; 1
4354; 2
4370; 1
4376; 2
4381; 1
4387; 2
4421; 1
4427; 2
4425; 1
4431; 2
4431; 1
4437; 2
4490; 1
4495; 2
4499; 1
4506; 2
4508; 1
4513; 2
4582; 1
4588; 2
4659; 1
4665; 2
4679; 1
4687; 2
4682; 1
4688; 2
4733; 1
4740; 2
4734; 1
4740; 2
4750; 1
4757; 2
4766; 1
4773; 2
4782; 1
4788; 2
4805; 1
4811; 2
4879; 1
4884; 2
4899; 1
4906; 2
4904; 1
4909; 2
4975; 1
4981; 2
4989; 1
4994; 2
5019; 1
5024; 2
5031; 1
5038; 2
5034; 1
5040; 2
5054; 1
5061; 2
5064; 1
5070; 2
5073; 1
5079; 2
5079; 1
5087; 2
5082; 1
5089; 2
5088; 1
5093; 2
5101; 1
5107; 2
5152; 1
5158; 2
5163; 1
5168; 2
5173; 1
5178; 2
5233; 1
5240; 2
5250; 1
5256; 2
5289; 1
5295; 2
5346; 1
5354; 2
5353; 1
5358; 2
5388; 1
5394; 2
5393; 1
5398; 2
5408; 1
5413; 2
5440; 1
5446; 2
5442; 1
5448; 2
5446; 1
5451; 2
5468; 1
5473; 2
5501; 1
5507; 2
5527; 1
5532; 2
5532; 1
5538; 2
5541; 1
5547; 2
5556; 1
5561; 2
5590; 1
5595; 2
5600; 1
5606; 2
5644; 1
5651; 2
5648; 1
5654; 2
5649; 1
5655; 2
5672; 1
5678; 2
5672; 1
5679; 2
5703; 1
5708; 2
5708; 1
5713; 2
5714; 1
5721; 2
5718; 1
5723; 2
5731; 1
5737; 2
5738; 1
5743; 2
5790; 1
5795; 2
5792; 1
5797; 2
5831; 1
5836; 2
5867; 1
5873; 2
5879; 1
5885; 2
5894; 1
5902; 2
5897; 1
5903; 2
5902; 1
5908; 2
5917; 1
5923; 2
5989; 1
5994; 2
5995; 1
6002; 2
5999; 1
6005; 2
6033; 1
6039; 2
6035; 1
6040; 2
6058; 1
6062; 2
6070; 1
6076; 2
6071; 1
6077; 2
6078; 1
6084; 2
6092; 1
6097; 2
6098; 1
6104; 2
6106; 1
6112; 2
6123; 1
6128; 2
6123; 1
6129; 2
6166; 1
6172; 2
6185; 1
6191; 2
6221; 1
6227; 2
6252; 1
6260; 2
6254; 1
6261; 2
6258; 1
6263; 2
6272; 1
6279; 2
6273; 1
6279; 2
6299; 1
6305; 2
6308; 1
6314; 2
6320; 1
6326; 2
6351; 1
6357; 2
6372; 1
6378; 2
6421; 1
6426; 2
6464; 1
6470; 2
6479; 1
6484; 2
6488; 1
6494; 2
6503; 1
6508; 2
6514; 1
6520; 2
6531; 1
6536; 2
6531; 1
6537; 2
6552; 1
6559; 2
6567; 1
6573; 2
6578; 1
6584; 2
6586; 1
6592; 2
6610; 1
6615; 2
6610; 1
6616; 2
6610; 1
6616; 2
6636; 1
6644; 2
6707; 1
6712; 2
6738; 1
6744; 2
6769; 1
6775; 2
6771; 1
6776; 2
6798; 1
6804; 2
6804; 1
6809; 2
6880; 1
6885; 2
6902; 1
6908; 2
6907; 1
6913; 2
6913; 1
6919; 2
6921; 1
6927; 2
6939; 1
6944; 2
6981; 1
6987; 2
7033; 1
7039; 2
7033; 1
7040; 2
7043; 1
7048; 2
7046; 1
7052; 2
7052; 1
7058; 2
7052; 1
7058; 2
7070; 1
7076; 2
7083; 1
7089; 2
7090; 1
7096; 2
7131; 1
7136; 2
7134; 1
7141; 2
7155; 1
7161; 2
7184; 1
7190; 2
7190; 1
7196; 2
7221; 1
7228; 2
7243; 1
7249; 2
7258; 1
7264; 2
7272; 1
7278; 2
7279; 1
7285; 2
7288; 1
7293; 2
7305; 1
7311; 2
7349; 1
7355; 2
7350; 1
7356; 2
7416; 1
7421; 2
7432; 1
7437; 2
7447; 1
7453; 2
7452; 1
7458; 2
7478; 1
7483; 2
7510; 1
7515; 2
7534; 1
7539; 2
7542; 1
7548; 2
7574; 1
7580; 2
7638; 1
7644; 2
7659; 1
7664; 2
7670; 1
7675; 2
7677; 1
7683; 2
7687; 1
7691; 2
7713; 1
7718; 2
7718; 1
7725; 2
7724; 1
7730; 2
7727; 1
7733; 2
7792; 1
7798; 2
7814; 1
7819; 2
7834; 1
7839; 2
7927; 1
7932; 2
7943; 1
7949; 2
7971; 1
7977; 2
8006; 1
8011; 2
8020; 1
8025; 2
8037; 1
8042; 2
8074; 1
8080; 2
8083; 1
8089; 2
8093; 1
8099; 2
8110; 1
8116; 2
8128; 1
8135; 2
8141; 1
8146; 2
8145; 1
8151; 2
8167; 1
8173; 2
8177; 1
8182; 2
8191; 1
8198; 2
8203; 1
8209; 2
8247; 1
8253; 2
8269; 1
8274; 2
8277; 1
8282; 2
8293; 1
8298; 2
8346; 1
8351; 2
8378; 1
8383; 2
8379; 1
8385; 2
8389; 1
8395; 2
8400; 1
8405; 2
8430; 1
8437; 2
8437; 1
8443; 2
8444; 1
8449; 2
8475; 1
8481; 2
8480; 1
8486; 2
8538; 1
8544; 2
8549; 1
8555; 2
8557; 1
8565; 2
8564; 1
8570; 2
8619; 1
8625; 2
8657; 1
8662; 2
8657; 1
8663; 2
8675; 1
8681; 2
8694; 1
8701; 2
8754; 1
8760; 2
8759; 1
8764; 2
8809; 1
8814; 2
8877; 1
8884; 2
8887; 1
8893; 2
8908; 1
8914; 2
8914; 1
8919; 2
8931; 1
8937; 2
8962; 1
8968; 2
8989; 1
8996; 2
9002; 1
9007; 2
9007; 1
9013; 2
9054; 1
9059; 2
9069; 1
9075; 2
9091; 1
9096; 2
9163; 1
9169; 2
9192; 1
9198; 2
9197; 1
9202; 2
9201; 1
9207; 2
9202; 1
9208; 2
9216; 1
9221; 2
9225; 1
9231; 2
9230; 1
9235; 2
9230; 1
9235; 2
9236; 1
9241; 2
9246; 1
9252; 2
9269; 1
9275; 2
9304; 1
9310; 2
9326; 1
9334; 2
9333; 1
9339; 2
9358; 1
9363; 2
9373; 1
9378; 2
9398; 1
9404; 2
9406; 1
9412; 2
9472; 1
9478; 2
9476; 1
9484; 2
9481; 1
9487; 2
9490; 1
9495; 2
9495; 1
9500; 2
9508; 1
9513; 2
9522; 1
9528; 2
9538; 1
9543; 2
9557; 1
9563; 2
9584; 1
9589; 2
9608; 1
9614; 2
9629; 1
9636; 2
9634; 1
9640; 2
9657; 1
9662; 2
9663; 1
9669; 2
9664; 1
9670; 2
9672; 1
9678; 2
9680; 1
9685; 2
9682; 1
9688; 2
9683; 1
9689; 2
9688; 1
9693; 2
9724; 1
9729; 2
9736; 1
9741; 2
9795; 1
9800; 2
9811; 1
9816; 2
9812; 1
9817; 2
9912; 1
9918; 2
9994; 1
10000; 2
10014; 1
10019; 2
10053; 1
10058; 2
10073; 1
10079; 2
