Sequence of timestamped events V1.0
Stream 7
Id =7
Name = Camera_7
Tbegin = 0
Tend = 10000
Count = 500
85; 1
90; 2
99; 1
106; 2
102; 1
107; 2
110; 1
115; 2
127; 1
134; 2
137; 1
142; 2
154; 1
159; 2
163; 1
168; 2
173; 1
180; 2
184; 1
189; 2
227; 1
232; 2
229; 1
236; 2
250; 1
255; 2
271; 1
276; 2
284; 1
289; 2
341; 1
346; 2
346; 1
351; 2
353; 1
358; 2
360; 1
365; 2
419; 1
424; 2
424; 1
429; 2
427; 1
434; 2
429; 1
434; 2
441; 1
446; 2
445; 1
450; 2
483; 1
488; 2
510; 1
515; 2
523; 1
528; 2
537; 1
542; 2
537; 1
542; 2
576; 1
581; 2
601; 1
606; 2
622; 1
627; 2
651; 1
656; 2
698; 1
703; 2
724; 1
731; 2
786; 1
791; 2
842; 1
847; 2
903; 1
908; 2
932; 1
937; 2
975; 1
982; 2
980; 1
985; 2
997; 1
1002; 2
999; 1
1004; 2
1038; 1
1043; 2
1071; 1
1076; 2
1076; 1
1081; 2
1081; 1
1086; 2
1101; 1
1106; 2
1107; 1
1112; 2
1118; 1
1123; 2
1144; 1
1149; 2
1156; 1
1161; 2
1156; 1
1161; 2
1183; 1
1188; 2
1183; 1
1188; 2
1210; 1
1215; 2
1219; 1
1224; 2
1237; 1
1242; 2
1249; 1
1254; 2
1264; 1
1269; 2
1276; 1
1281; 2
1321; 1
1326; 2
1348; 1
1353; 2
1421; 1
1426; 2
1422; 1
1427; 2
1424; 1
1429; 2
1425; 1
1430; 2
1427; 1
1432; 2
1491; 1
1496; 2
1513; 1
1518; 2
1518; 1
1523; 2
1536; 1
1541; 2
1559; 1
1564; 2
1605; 1
1610; 2
1615; 1
1622; 2
1645; 1
1650; 2
1693; 1
1698; 2
1738; 1
1743; 2
1742; 1
1747; 2
1768; 1
1775; 2
1776; 1
1781; 2
1882; 1
1889; 2
1941; 1
1948; 2
1962; 1
1967; 2
1976; 1
1981; 2
2004; 1
2009; 2
2030; 1
2035; 2
2037; 1
2044; 2
2039; 1
2044; 2
2042; 1
2047; 2
2050; 1
2055; 2
2056; 1
2061; 2
2062; 1
2069; 2
2088; 1
2093; 2
2097; 1
2102; 2
2119; 1
2124; 2
2162; 1
2167; 2
2172; 1
2179; 2
2191; 1
2196; 2
2204; 1
2209; 2
2216; 1
2221; 2
2222; 1
2227; 2
2225; 1
2230; 2
2249; 1
2254; 2
2251; 1
2256; 2
2294; 1
2299; 2
2310; 1
2315; 2
2322; 1
2327; 2
2377; 1
2382; 2
2413; 1
2418; 2
2414; 1
2421; 2
2416; 1
2421; 2
2420; 1
2425; 2
2440; 1
2445; 2
2520; 1
2525; 2
2524; 1
2529; 2
2545; 1
2552; 2
2552; 1
2557; 2
2559; 1
2564; 2
2565; 1
2570; 2
2570; 1
2577; 2
2574; 1
2579; 2
2628; 1
2633; 2
2633; 1
2640; 2
2635; 1
2640; 2
2655; 1
2662; 2
2670; 1
2675; 2
2688; 1
2693; 2
2727; 1
2732; 2
2731; 1
2738; 2
2734; 1
2739; 2
2770; 1
2775; 2
2819; 1
2826; 2
2827; 1
2834; 2
2840; 1
2847; 2
2861; 1
2868; 2
2884; 1
2889; 2
2910; 1
2917; 2
2915; 1
2920; 2
2915; 1
2922; 2
2919; 1
2924; 2
2933; 1
2938; 2
2944; 1
2949; 2
2984; 1
2989; 2
3015; 1
3020; 2
3018; 1
3023; 2
3026; 1
3031; 2
3045; 1
3050; 2
3062; 1
3067; 2
3096; 1
3101; 2
3143; 1
3148; 2
3170; 1
3177; 2
3210; 1
3215; 2
3214; 1
3219; 2
3245; 1
3250; 2
3252; 1
3257; 2
3260; 1
3267; 2
3285; 1
3290; 2
3300; 1
3305; 2
3307; 1
3312; 2
3373; 1
3378; 2
3407; 1
3414; 2
3414; 1
3419; 2
3440; 1
3445; 2
3464; 1
3471; 2
3480; 1
3485; 2
3488; 1
3493; 2
3502; 1
3507; 2
3510; 1
3515; 2
3569; 1
3576; 2
3578; 1
3583; 2
3580; 1
3585; 2
3611; 1
3616; 2
3612; 1
3619; 2
3655; 1
3660; 2
3670; 1
3675; 2
3685; 1
3692; 2
3696; 1
3701; 2
3696; 1
3701; 2
3763; 1
3768; 2
3770; 1
3775; 2
3776; 1
3781; 2
3791; 1
3796; 2
3794; 1
3799; 2
3814; 1
3819; 2
3843; 1
3848; 2
3855; 1
3862; 2
3860; 1
3865; 2
3872; 1
3877; 2
3911; 1
3916; 2
3921; 1
3928; 2
3937; 1
3942; 2
3944; 1
3949; 2
3986; 1
3991; 2
4017; 1
4022; 2
4105; 1
4110; 2
4114; 1
4119; 2
4131; 1
4138; 2
4146; 1
4151; 2
4148; 1
4153; 2
4148; 1
4153; 2
4148; 1
4155; 2
4155; 1
4160; 2
4168; 1
4175; 2
4169; 1
4176; 2
4240; 1
4245; 2
4245; 1
4250; 2
4253; 1
4260; 2
4301; 1
4306; 2
4313; 1
4318; 2
4322; 1
4327; 2
4338; 1
4343; 2
4357; 1
4362; 2
4379; 1
4384; 2
4410; 1
4417; 2
4444; 1
4449; 2
4451; 1
4456; 2
4454; 1
4459; 2
4472; 1
4477; 2
4546; 1
4553; 2
4555; 1
4560; 2
4592; 1
4597; 2
4596; 1
4603; 2
4605; 1
4610; 2
4627; 1
4634; 2
4640; 1
4645; 2
4678; 1
4683; 2
4679; 1
4686; 2
4719; 1
4724; 2
4732; 1
4737; 2
4733; 1
4738; 2
4785; 1
4790; 2
4801; 1
4808; 2
4808; 1
4813; 2
4831; 1
4838; 2
4928; 1
4933; 2
4953; 1
4958; 2
4962; 1
4967; 2
4970; 1
4977; 2
4973; 1
4978; 2
4979; 1
4984; 2
4994; 1
4999; 2
5001; 1
5006; 2
5046; 1
5051; 2
5061; 1
5066; 2
5071; 1
5076; 2
5077; 1
5082; 2
5079; 1
5084; 2
5115; 1
5122; 2
5119; 1
5124; 2
5121; 1
5126; 2
5125; 1
5132; 2
5125; 1
5132; 2
5144; 1
5149; 2
5155; 1
5162; 2
5180; 1
5185; 2
5193; 1
5198; 2
5221; 1
5228; 2
5243; 1
5248; 2
5327; 1
5334; 2
5353; 1
5360; 2
5378; 1
5383; 2
5456; 1
5461; 2
5479; 1
5484; 2
5530; 1
5537; 2
5571; 1
5576; 2
5602; 1
5607; 2
5634; 1
5639; 2
5648; 1
5655; 2
5665; 1
5670; 2
5684; 1
5689; 2
5703; 1
5708; 2
5708; 1
5713; 2
5710; 1
5715; 2
5718; 1
5723; 2
5729; 1
5734; 2
5777; 1
5782; 2
5823; 1
5828; 2
5858; 1
5863; 2
5858; 1
5863; 2
5870; 1
5875; 2
5890; 1
5895; 2
5908; 1
5915; 2
5921; 1
5926; 2
5945; 1
5950; 2
5946; 1
5953; 2
6038; 1
6043; 2
6087; 1
6092; 2
6092; 1
6097; 2
6129; 1
6134; 2
6144; 1
6149; 2
6144; 1
6149; 2
6192; 1
6197; 2
6207; 1
6212; 2
6209; 1
6216; 2
6231; 1
6236; 2
6234; 1
6239; 2
6243; 1
6248; 2
6260; 1
6265; 2
6275; 1
6282; 2
6280; 1
6285; 2
6307; 1
6312; 2
6308; 1
6313; 2
6392; 1
6397; 2
6470; 1
6475; 2
6486; 1
6491; 2
6498; 1
6503; 2
6498; 1
6503; 2
6506; 1
6511; 2
6510; 1
6517; 2
6513; 1
6518; 2
6526; 1
6531; 2
6532; 1
6537; 2
6539; 1
6544; 2
6539; 1
6544; 2
6588; 1
6593; 2
6595; 1
6602; 2
6599; 1
6604; 2
6608; 1
6613; 2
6640; 1
6645; 2
6657; 1
6664; 2
6659; 1
6664; 2
6660; 1
6667; 2
6673; 1
6678; 2
6692; 1
6697; 2
6703; 1
6710; 2
6706; 1
6713; 2
6718; 1
6723; 2
6720; 1
6725; 2
6737; 1
6742; 2
6743; 1
6750; 2
6754; 1
6761; 2
6768; 1
6773; 2
6800; 1
6805; 2
6881; 1
6888; 2
6915; 1
6920; 2
6934; 1
6941; 2
6950; 1
6955; 2
6968; 1
6973; 2
7003; 1
7008; 2
7051; 1
7058; 2
7077; 1
7082; 2
7088; 1
7093; 2
7129; 1
7134; 2
7136; 1
7141; 2
7141; 1
7146; 2
7143; 1
7148; 2
7152; 1
7157; 2
7157; 1
7162; 2
7225; 1
7230; 2
7246; 1
7251; 2
7251; 1
7258; 2
7255; 1
7260; 2
7289; 1
7294; 2
7309; 1
7314; 2
7423; 1
7428; 2
7445; 1
7450; 2
7447; 1
7452; 2
7456; 1
7461; 2
7464; 1
7469; 2
7473; 1
7478; 2
7474; 1
7479; 2
7519; 1
7524; 2
7528; 1
7535; 2
7535; 1
7540; 2
7568; 1
7573; 2
7581; 1
7586; 2
7588; 1
7593; 2
7615; 1
7622; 2
7652; 1
7659; 2
7689; 1
7694; 2
7745; 1
7750; 2
7769; 1
7774; 2
7818; 1
7825; 2
7833; 1
7838; 2
7847; 1
7852; 2
7899; 1
7906; 2
7903; 1
7908; 2
7908; 1
7913; 2
7914; 1
7921; 2
7965; 1
7970; 2
8003; 1
8008; 2
8020; 1
8025; 2
8081; 1
8086; 2
8102; 1
8107; 2
8114; 1
8119; 2
8119; 1
8126; 2
8137; 1
8142; 2
8146; 1
8151; 2
8148; 1
8153; 2
8153; 1
8158; 2
8161; 1
8166; 2
8180; 1
8185; 2
8214; 1
8219; 2
8218; 1
8225; 2
8224; 1
8229; 2
8232; 1
8237; 2
8243; 1
8248; 2
8243; 1
8250; 2
8316; 1
8321; 2
8347; 1
8352; 2
8350; 1
8355; 2
8350; 1
8357; 2
8368; 1
8373; 2
8404; 1
8411; 2
8406; 1
8411; 2
8429; 1
8434; 2
8471; 1
8476; 2
8473; 1
8478; 2
8477; 1
8482; 2
8494; 1
8499; 2
8502; 1
8507; 2
8540; 1
8545; 2
8582; 1
8587; 2
8624; 1
8629; 2
8645; 1
8650; 2
8645; 1
8650; 2
8647; 1
8652; 2
8649; 1
8656; 2
8681; 1
8686; 2
8696; 1
8701; 2
8715; 1
8720; 2
8750; 1
8755; 2
8761; 1
8766; 2
8761; 1
8766; 2
8841; 1
8846; 2
8864; 1
8869; 2
8905; 1
8912; 2
8913; 1
8918; 2
8925; 1
8930; 2
8967; 1
8972; 2
8996; 1
9003; 2
9009; 1
9014; 2
9020; 1
9025; 2
9028; 1
9033; 2
9032; 1
9037; 2
9046; 1
9051; 2
9054; 1
9061; 2
9086; 1
9091; 2
9089; 1
9094; 2
9096; 1
9101; 2
9126; 1
9131; 2
9126; 1
9131; 2
9129; 1
9134; 2
9157; 1
9162; 2
9168; 1
9175; 2
9204; 1
9209; 2
9231; 1
9236; 2
9237; 1
9242; 2
9276; 1
9281; 2
9299; 1
9304; 2
9315; 1
9322; 2
9318; 1
9323; 2
9349; 1
9356; 2
9357; 1
9362; 2
9398; 1
9403; 2
9418; 1
9423; 2
9422; 1
9427; 2
9424; 1
9429; 2
9433; 1
9440; 2
9437; 1
9442; 2
9438; 1
9443; 2
9450; 1
9455; 2
9462; 1
9467; 2
9487; 1
9492; 2
9492; 1
9497; 2
9534; 1
9539; 2
9550; 1
9555; 2
9551; 1
9556; 2
9561; 1
9566; 2
9584; 1
9589; 2
9585; 1
9592; 2
9588; 1
9595; 2
9590; 1
9597; 2
9601; 1
9606; 2
9618; 1
9623; 2
9619; 1
9624; 2
9686; 1
9691; 2
9688; 1
9695; 2
9707; 1
9712; 2
9719; 1
9724; 2
9786; 1
9793; 2
9799; 1
9804; 2
9802; 1
9809; 2
9835; 1
9842; 2
9842; 1
9847; 2
9845; 1
9850; 2
9848; 1
9853; 2
9849; 1
9854; 2
9883; 1
9890; 2
9893; 1
9898; 2
9909; 1
9914; 2
9916; 1
9921; 2
9952; 1
9957; 2
9962; 1
9967; 2
9983; 1
9988; 2
10017; 1
10022; 2
10019; 1
10024; 2
10076; 1
10083; 2
