Sequence of timestamped events V1.0
Stream 1
Id =1
Name = Camera_1
Tbegin = 0
Tend = 10000
Count = 500
16; 1
21; 2
22; 1
29; 2
40; 1
46; 2
41; 1
46; 2
50; 1
57; 2
75; 1
81; 2
85; 1
90; 2
96; 1
103; 2
101; 1
107; 2
115; 1
120; 2
152; 1
159; 2
158; 1
163; 2
188; 1
194; 2
209; 1
215; 2
215; 1
220; 2
272; 1
277; 2
284; 1
289; 2
284; 1
290; 2
291; 1
296; 2
350; 1
355; 2
350; 1
357; 2
355; 1
360; 2
360; 1
365; 2
372; 1
377; 2
376; 1
381; 2
414; 1
419; 2
441; 1
446; 2
454; 1
459; 2
468; 1
473; 2
468; 1
473; 2
507; 1
512; 2
532; 1
537; 2
553; 1
558; 2
582; 1
587; 2
629; 1
634; 2
647; 1
654; 2
717; 1
722; 2
773; 1
778; 2
841; 1
847; 2
863; 1
868; 2
898; 1
905; 2
922; 1
927; 2
928; 1
933; 2
930; 1
935; 2
976; 1
982; 2
1002; 1
1007; 2
1007; 1
1012; 2
1012; 1
1017; 2
1032; 1
1037; 2
1045; 1
1051; 2
1056; 1
1062; 2
1082; 1
1088; 2
1087; 1
1092; 2
1094; 1
1100; 2
1114; 1
1119; 2
1121; 1
1127; 2
1141; 1
1146; 2
1157; 1
1163; 2
1175; 1
1181; 2
1180; 1
1185; 2
1195; 1
1200; 2
1207; 1
1212; 2
1252; 1
1257; 2
1279; 1
1284; 2
1352; 1
1357; 2
1353; 1
1358; 2
1355; 1
1360; 2
1356; 1
1361; 2
1358; 1
1363; 2
1422; 1
1427; 2
1444; 1
1449; 2
1449; 1
1454; 2
1467; 1
1472; 2
1490; 1
1495; 2
1536; 1
1541; 2
1538; 1
1545; 2
1576; 1
1581; 2
1624; 1
1629; 2
1669; 1
1674; 2
1673; 1
1678; 2
1691; 1
1698; 2
1714; 1
1720; 2
1805; 1
1812; 2
1864; 1
1871; 2
1893; 1
1898; 2
1907; 1
1912; 2
1935; 1
1940; 2
1960; 1
1967; 2
1968; 1
1974; 2
1973; 1
1978; 2
1977; 1
1983; 2
1981; 1
1986; 2
1985; 1
1992; 2
1987; 1
1992; 2
2019; 1
2024; 2
2028; 1
2033; 2
2050; 1
2055; 2
2095; 1
2102; 2
2100; 1
2106; 2
2122; 1
2127; 2
2142; 1
2148; 2
2153; 1
2158; 2
2154; 1
2160; 2
2156; 1
2161; 2
2180; 1
2185; 2
2182; 1
2187; 2
2232; 1
2238; 2
2241; 1
2246; 2
2253; 1
2258; 2
2308; 1
2313; 2
2337; 1
2344; 2
2347; 1
2352; 2
2351; 1
2356; 2
2351; 1
2357; 2
2371; 1
2376; 2
2451; 1
2456; 2
2455; 1
2460; 2
2468; 1
2475; 2
2483; 1
2488; 2
2493; 1
2500; 2
2496; 1
2501; 2
2497; 1
2503; 2
2505; 1
2510; 2
2556; 1
2563; 2
2566; 1
2572; 2
2573; 1
2579; 2
2578; 1
2585; 2
2601; 1
2606; 2
2619; 1
2624; 2
2654; 1
2661; 2
2665; 1
2670; 2
2665; 1
2671; 2
2701; 1
2706; 2
2733; 1
2740; 2
2750; 1
2757; 2
2763; 1
2770; 2
2784; 1
2791; 2
2815; 1
2820; 2
2833; 1
2840; 2
2838; 1
2845; 2
2846; 1
2851; 2
2850; 1
2855; 2
2864; 1
2869; 2
2875; 1
2880; 2
2915; 1
2920; 2
2949; 1
2954; 2
2953; 1
2959; 2
2957; 1
2962; 2
2976; 1
2981; 2
3000; 1
3006; 2
3034; 1
3040; 2
3074; 1
3079; 2
3093; 1
3100; 2
3141; 1
3146; 2
3156; 1
3161; 2
3176; 1
3181; 2
3183; 1
3188; 2
3183; 1
3190; 2
3216; 1
3221; 2
3231; 1
3236; 2
3238; 1
3243; 2
3304; 1
3309; 2
3330; 1
3337; 2
3352; 1
3358; 2
3371; 1
3376; 2
3387; 1
3394; 2
3418; 1
3424; 2
3426; 1
3432; 2
3433; 1
3438; 2
3448; 1
3454; 2
3492; 1
3499; 2
3509; 1
3514; 2
3518; 1
3524; 2
3535; 1
3542; 2
3542; 1
3547; 2
3586; 1
3591; 2
3601; 1
3606; 2
3608; 1
3615; 2
3627; 1
3632; 2
3627; 1
3632; 2
3694; 1
3699; 2
3701; 1
3706; 2
3714; 1
3720; 2
3722; 1
3727; 2
3725; 1
3730; 2
3745; 1
3750; 2
3774; 1
3779; 2
3778; 1
3785; 2
3791; 1
3796; 2
3803; 1
3808; 2
3842; 1
3847; 2
3844; 1
3851; 2
3868; 1
3873; 2
3875; 1
3880; 2
3917; 1
3922; 2
3948; 1
3953; 2
4036; 1
4041; 2
4045; 1
4050; 2
4054; 1
4061; 2
4071; 1
4078; 2
4077; 1
4082; 2
4079; 1
4084; 2
4086; 1
4091; 2
4086; 1
4092; 2
4091; 1
4098; 2
4092; 1
4099; 2
4171; 1
4176; 2
4176; 1
4181; 2
4176; 1
4183; 2
4232; 1
4237; 2
4244; 1
4249; 2
4253; 1
4258; 2
4269; 1
4274; 2
4288; 1
4293; 2
4310; 1
4315; 2
4333; 1
4340; 2
4375; 1
4380; 2
4389; 1
4395; 2
4392; 1
4398; 2
4410; 1
4416; 2
4469; 1
4476; 2
4493; 1
4499; 2
4519; 1
4526; 2
4530; 1
4536; 2
4536; 1
4541; 2
4550; 1
4557; 2
4571; 1
4576; 2
4602; 1
4609; 2
4609; 1
4614; 2
4650; 1
4655; 2
4663; 1
4668; 2
4664; 1
4669; 2
4715; 1
4722; 2
4716; 1
4721; 2
4746; 1
4752; 2
4754; 1
4761; 2
4859; 1
4864; 2
4884; 1
4889; 2
4893; 1
4898; 2
4893; 1
4900; 2
4904; 1
4909; 2
4910; 1
4915; 2
4925; 1
4930; 2
4932; 1
4937; 2
4977; 1
4982; 2
4992; 1
4997; 2
5002; 1
5007; 2
5008; 1
5013; 2
5010; 1
5015; 2
5038; 1
5045; 2
5048; 1
5055; 2
5048; 1
5055; 2
5050; 1
5055; 2
5052; 1
5057; 2
5075; 1
5080; 2
5078; 1
5085; 2
5111; 1
5116; 2
5131; 1
5137; 2
5144; 1
5151; 2
5174; 1
5179; 2
5250; 1
5257; 2
5276; 1
5283; 2
5309; 1
5314; 2
5387; 1
5392; 2
5410; 1
5415; 2
5453; 1
5460; 2
5502; 1
5507; 2
5533; 1
5538; 2
5565; 1
5570; 2
5571; 1
5578; 2
5603; 1
5609; 2
5615; 1
5620; 2
5634; 1
5639; 2
5639; 1
5644; 2
5641; 1
5646; 2
5649; 1
5654; 2
5660; 1
5665; 2
5708; 1
5713; 2
5754; 1
5759; 2
5789; 1
5794; 2
5796; 1
5802; 2
5801; 1
5806; 2
5821; 1
5826; 2
5831; 1
5838; 2
5852; 1
5857; 2
5869; 1
5876; 2
5876; 1
5881; 2
5969; 1
5974; 2
6025; 1
6031; 2
6030; 1
6036; 2
6067; 1
6073; 2
6075; 1
6080; 2
6075; 1
6080; 2
6123; 1
6128; 2
6132; 1
6139; 2
6138; 1
6143; 2
6169; 1
6175; 2
6172; 1
6178; 2
6174; 1
6179; 2
6191; 1
6196; 2
6198; 1
6205; 2
6211; 1
6216; 2
6239; 1
6244; 2
6245; 1
6251; 2
6323; 1
6328; 2
6408; 1
6414; 2
6424; 1
6430; 2
6424; 1
6431; 2
6429; 1
6434; 2
6429; 1
6434; 2
6444; 1
6449; 2
6444; 1
6450; 2
6457; 1
6462; 2
6470; 1
6475; 2
6470; 1
6475; 2
6470; 1
6476; 2
6518; 1
6525; 2
6519; 1
6524; 2
6537; 1
6543; 2
6539; 1
6544; 2
6571; 1
6576; 2
6580; 1
6587; 2
6583; 1
6590; 2
6590; 1
6595; 2
6604; 1
6609; 2
6623; 1
6628; 2
6626; 1
6633; 2
6629; 1
6636; 2
6649; 1
6654; 2
6658; 1
6664; 2
6666; 1
6673; 2
6668; 1
6673; 2
6677; 1
6684; 2
6699; 1
6704; 2
6731; 1
6736; 2
6804; 1
6811; 2
6846; 1
6851; 2
6857; 1
6864; 2
6881; 1
6886; 2
6906; 1
6912; 2
6934; 1
6939; 2
6974; 1
6981; 2
7008; 1
7013; 2
7026; 1
7032; 2
7060; 1
7065; 2
7067; 1
7072; 2
7072; 1
7077; 2
7074; 1
7079; 2
7088; 1
7093; 2
7090; 1
7096; 2
7156; 1
7161; 2
7174; 1
7181; 2
7184; 1
7190; 2
7193; 1
7199; 2
7227; 1
7233; 2
7240; 1
7245; 2
7354; 1
7359; 2
7376; 1
7381; 2
7378; 1
7383; 2
7387; 1
7392; 2
7402; 1
7408; 2
7405; 1
7410; 2
7411; 1
7417; 2
7450; 1
7455; 2
7451; 1
7458; 2
7466; 1
7471; 2
7499; 1
7504; 2
7512; 1
7517; 2
7519; 1
7524; 2
7538; 1
7545; 2
7575; 1
7582; 2
7620; 1
7625; 2
7676; 1
7681; 2
7700; 1
7705; 2
7741; 1
7748; 2
7771; 1
7777; 2
7785; 1
7791; 2
7822; 1
7829; 2
7834; 1
7839; 2
7837; 1
7844; 2
7839; 1
7844; 2
7896; 1
7901; 2
7941; 1
7947; 2
7951; 1
7956; 2
8019; 1
8025; 2
8033; 1
8038; 2
8042; 1
8049; 2
8045; 1
8050; 2
8068; 1
8073; 2
8077; 1
8082; 2
8079; 1
8084; 2
8084; 1
8089; 2
8092; 1
8097; 2
8118; 1
8124; 2
8141; 1
8148; 2
8152; 1
8158; 2
8162; 1
8168; 2
8166; 1
8173; 2
8170; 1
8176; 2
8181; 1
8187; 2
8247; 1
8252; 2
8273; 1
8280; 2
8278; 1
8283; 2
8281; 1
8286; 2
8306; 1
8312; 2
8327; 1
8334; 2
8344; 1
8350; 2
8360; 1
8365; 2
8402; 1
8407; 2
8408; 1
8413; 2
8411; 1
8417; 2
8425; 1
8430; 2
8440; 1
8446; 2
8471; 1
8476; 2
8513; 1
8518; 2
8555; 1
8560; 2
8572; 1
8579; 2
8576; 1
8581; 2
8578; 1
8583; 2
8583; 1
8589; 2
8612; 1
8617; 2
8627; 1
8632; 2
8646; 1
8651; 2
8688; 1
8694; 2
8692; 1
8697; 2
8692; 1
8697; 2
8772; 1
8777; 2
8795; 1
8800; 2
8828; 1
8835; 2
8844; 1
8849; 2
8856; 1
8861; 2
8898; 1
8903; 2
8919; 1
8926; 2
8940; 1
8945; 2
8951; 1
8956; 2
8959; 1
8964; 2
8963; 1
8968; 2
8977; 1
8982; 2
8977; 1
8984; 2
9017; 1
9022; 2
9020; 1
9025; 2
9027; 1
9032; 2
9057; 1
9062; 2
9057; 1
9062; 2
9060; 1
9065; 2
9088; 1
9093; 2
9091; 1
9098; 2
9135; 1
9140; 2
9162; 1
9167; 2
9175; 1
9181; 2
9207; 1
9212; 2
9237; 1
9243; 2
9238; 1
9245; 2
9249; 1
9254; 2
9272; 1
9279; 2
9288; 1
9293; 2
9336; 1
9342; 2
9349; 1
9354; 2
9353; 1
9358; 2
9355; 1
9360; 2
9356; 1
9363; 2
9368; 1
9373; 2
9376; 1
9382; 2
9381; 1
9386; 2
9393; 1
9398; 2
9418; 1
9423; 2
9430; 1
9436; 2
9465; 1
9470; 2
9481; 1
9486; 2
9482; 1
9487; 2
9492; 1
9497; 2
9508; 1
9515; 2
9511; 1
9518; 2
9513; 1
9520; 2
9515; 1
9520; 2
9532; 1
9537; 2
9549; 1
9554; 2
9557; 1
9563; 2
9611; 1
9618; 2
9624; 1
9630; 2
9638; 1
9643; 2
9650; 1
9655; 2
9709; 1
9716; 2
9725; 1
9732; 2
9737; 1
9743; 2
9758; 1
9765; 2
9773; 1
9778; 2
9776; 1
9781; 2
9780; 1
9785; 2
9786; 1
9792; 2
9806; 1
9813; 2
9831; 1
9837; 2
9840; 1
9845; 2
9847; 1
9852; 2
9890; 1
9896; 2
9900; 1
9906; 2
9914; 1
9919; 2
9948; 1
9953; 2
9950; 1
9955; 2
9999; 1
10006; 2
