Sequence of timestamped events V1.0
Stream 9
Id =9
Name = Camera_9
Tbegin = 0
Tend = 10000
Count = 500
107; 1
114; 2
123; 1
129; 2
124; 1
132; 2
132; 1
139; 2
152; 1
160; 2
158; 1
164; 2
176; 1
183; 2
184; 1
190; 2
198; 1
206; 2
206; 1
213; 2
249; 1
256; 2
254; 1
262; 2
271; 1
277; 2
292; 1
298; 2
306; 1
313; 2
363; 1
370; 2
367; 1
373; 2
375; 1
382; 2
382; 1
389; 2
441; 1
448; 2
446; 1
453; 2
451; 1
458; 2
452; 1
460; 2
463; 1
470; 2
467; 1
474; 2
505; 1
512; 2
532; 1
539; 2
545; 1
552; 2
559; 1
566; 2
559; 1
566; 2
598; 1
605; 2
623; 1
630; 2
644; 1
651; 2
673; 1
680; 2
720; 1
727; 2
749; 1
757; 2
808; 1
815; 2
864; 1
871; 2
924; 1
930; 2
954; 1
961; 2
999; 1
1005; 2
1000; 1
1008; 2
1019; 1
1026; 2
1021; 1
1028; 2
1059; 1
1065; 2
1093; 1
1100; 2
1098; 1
1105; 2
1103; 1
1110; 2
1123; 1
1130; 2
1128; 1
1134; 2
1139; 1
1145; 2
1165; 1
1171; 2
1177; 1
1183; 2
1178; 1
1185; 2
1204; 1
1210; 2
1205; 1
1212; 2
1232; 1
1239; 2
1240; 1
1246; 2
1258; 1
1264; 2
1271; 1
1278; 2
1286; 1
1293; 2
1298; 1
1305; 2
1343; 1
1350; 2
1370; 1
1377; 2
1443; 1
1450; 2
1444; 1
1451; 2
1446; 1
1453; 2
1447; 1
1454; 2
1449; 1
1456; 2
1513; 1
1520; 2
1535; 1
1542; 2
1540; 1
1547; 2
1558; 1
1565; 2
1581; 1
1588; 2
1627; 1
1634; 2
1640; 1
1648; 2
1667; 1
1674; 2
1715; 1
1722; 2
1760; 1
1767; 2
1764; 1
1771; 2
1793; 1
1801; 2
1797; 1
1803; 2
1907; 1
1915; 2
1966; 1
1974; 2
1984; 1
1991; 2
1998; 1
2005; 2
2026; 1
2033; 2
2051; 1
2057; 2
2060; 1
2066; 2
2062; 1
2070; 2
2064; 1
2071; 2
2072; 1
2079; 2
2078; 1
2085; 2
2087; 1
2095; 2
2110; 1
2117; 2
2119; 1
2126; 2
2141; 1
2148; 2
2183; 1
2189; 2
2197; 1
2205; 2
2213; 1
2220; 2
2225; 1
2231; 2
2237; 1
2243; 2
2244; 1
2251; 2
2247; 1
2254; 2
2271; 1
2278; 2
2273; 1
2280; 2
2315; 1
2321; 2
2332; 1
2339; 2
2344; 1
2351; 2
2399; 1
2406; 2
2434; 1
2440; 2
2438; 1
2445; 2
2439; 1
2447; 2
2442; 1
2449; 2
2462; 1
2469; 2
2542; 1
2549; 2
2546; 1
2553; 2
2570; 1
2578; 2
2574; 1
2581; 2
2580; 1
2586; 2
2587; 1
2594; 2
2595; 1
2603; 2
2596; 1
2603; 2
2649; 1
2655; 2
2656; 1
2662; 2
2658; 1
2666; 2
2680; 1
2688; 2
2692; 1
2699; 2
2710; 1
2717; 2
2748; 1
2754; 2
2756; 1
2763; 2
2756; 1
2764; 2
2792; 1
2799; 2
2847; 1
2856; 2
2852; 1
2860; 2
2865; 1
2873; 2
2886; 1
2894; 2
2906; 1
2913; 2
2935; 1
2943; 2
2937; 1
2944; 2
2940; 1
2948; 2
2941; 1
2948; 2
2955; 1
2962; 2
2966; 1
2973; 2
3006; 1
3013; 2
3036; 1
3042; 2
3040; 1
3047; 2
3048; 1
3055; 2
3067; 1
3074; 2
3083; 1
3089; 2
3117; 1
3123; 2
3165; 1
3172; 2
3195; 1
3203; 2
3232; 1
3239; 2
3233; 1
3239; 2
3267; 1
3274; 2
3274; 1
3281; 2
3285; 1
3293; 2
3307; 1
3314; 2
3322; 1
3329; 2
3329; 1
3336; 2
3395; 1
3402; 2
3432; 1
3440; 2
3435; 1
3441; 2
3462; 1
3469; 2
3489; 1
3497; 2
3501; 1
3507; 2
3509; 1
3515; 2
3524; 1
3531; 2
3531; 1
3537; 2
3594; 1
3602; 2
3600; 1
3607; 2
3601; 1
3607; 2
3633; 1
3640; 2
3637; 1
3645; 2
3677; 1
3684; 2
3692; 1
3699; 2
3710; 1
3718; 2
3718; 1
3725; 2
3718; 1
3725; 2
3785; 1
3792; 2
3792; 1
3799; 2
3797; 1
3803; 2
3813; 1
3820; 2
3816; 1
3823; 2
3836; 1
3843; 2
3865; 1
3872; 2
3880; 1
3888; 2
3882; 1
3889; 2
3894; 1
3901; 2
3933; 1
3940; 2
3946; 1
3954; 2
3959; 1
3966; 2
3966; 1
3973; 2
4008; 1
4015; 2
4039; 1
4046; 2
4127; 1
4134; 2
4136; 1
4143; 2
4156; 1
4164; 2
4168; 1
4175; 2
4169; 1
4175; 2
4170; 1
4177; 2
4173; 1
4181; 2
4177; 1
4184; 2
4193; 1
4201; 2
4194; 1
4202; 2
4262; 1
4269; 2
4267; 1
4274; 2
4278; 1
4286; 2
4323; 1
4330; 2
4335; 1
4342; 2
4344; 1
4351; 2
4360; 1
4367; 2
4379; 1
4386; 2
4401; 1
4408; 2
4435; 1
4443; 2
4466; 1
4473; 2
4472; 1
4478; 2
4475; 1
4481; 2
4493; 1
4499; 2
4571; 1
4579; 2
4576; 1
4582; 2
4613; 1
4619; 2
4621; 1
4629; 2
4627; 1
4634; 2
4652; 1
4660; 2
4662; 1
4669; 2
4700; 1
4707; 2
4704; 1
4712; 2
4741; 1
4748; 2
4754; 1
4761; 2
4755; 1
4762; 2
4807; 1
4814; 2
4829; 1
4835; 2
4829; 1
4838; 2
4856; 1
4864; 2
4950; 1
4957; 2
4975; 1
4982; 2
4984; 1
4991; 2
4995; 1
5002; 2
4995; 1
5003; 2
5001; 1
5008; 2
5016; 1
5023; 2
5023; 1
5030; 2
5068; 1
5075; 2
5083; 1
5090; 2
5093; 1
5100; 2
5099; 1
5106; 2
5101; 1
5108; 2
5140; 1
5148; 2
5141; 1
5148; 2
5143; 1
5150; 2
5150; 1
5158; 2
5150; 1
5158; 2
5166; 1
5173; 2
5180; 1
5188; 2
5202; 1
5209; 2
5214; 1
5220; 2
5246; 1
5254; 2
5265; 1
5272; 2
5352; 1
5360; 2
5378; 1
5386; 2
5400; 1
5407; 2
5478; 1
5485; 2
5501; 1
5508; 2
5555; 1
5563; 2
5593; 1
5600; 2
5624; 1
5631; 2
5656; 1
5663; 2
5673; 1
5681; 2
5686; 1
5692; 2
5706; 1
5713; 2
5725; 1
5732; 2
5730; 1
5737; 2
5732; 1
5739; 2
5740; 1
5747; 2
5751; 1
5758; 2
5799; 1
5806; 2
5845; 1
5852; 2
5879; 1
5885; 2
5880; 1
5887; 2
5892; 1
5899; 2
5912; 1
5919; 2
5933; 1
5941; 2
5943; 1
5950; 2
5967; 1
5974; 2
5971; 1
5979; 2
6060; 1
6067; 2
6108; 1
6114; 2
6113; 1
6119; 2
6150; 1
6156; 2
6166; 1
6173; 2
6166; 1
6173; 2
6214; 1
6221; 2
6229; 1
6236; 2
6234; 1
6242; 2
6252; 1
6258; 2
6255; 1
6261; 2
6265; 1
6272; 2
6282; 1
6289; 2
6300; 1
6308; 2
6302; 1
6309; 2
6328; 1
6334; 2
6330; 1
6337; 2
6414; 1
6421; 2
6491; 1
6497; 2
6507; 1
6513; 2
6520; 1
6527; 2
6520; 1
6527; 2
6527; 1
6533; 2
6535; 1
6542; 2
6538; 1
6547; 2
6548; 1
6555; 2
6553; 1
6559; 2
6561; 1
6568; 2
6561; 1
6568; 2
6610; 1
6617; 2
6620; 1
6626; 2
6620; 1
6628; 2
6630; 1
6637; 2
6662; 1
6669; 2
6681; 1
6688; 2
6682; 1
6690; 2
6685; 1
6693; 2
6695; 1
6702; 2
6714; 1
6721; 2
6728; 1
6736; 2
6731; 1
6739; 2
6740; 1
6747; 2
6741; 1
6747; 2
6759; 1
6766; 2
6768; 1
6776; 2
6779; 1
6787; 2
6790; 1
6797; 2
6822; 1
6829; 2
6906; 1
6914; 2
6937; 1
6944; 2
6959; 1
6967; 2
6972; 1
6979; 2
6989; 1
6995; 2
7025; 1
7032; 2
7076; 1
7084; 2
7099; 1
7106; 2
7109; 1
7115; 2
7151; 1
7158; 2
7158; 1
7165; 2
7163; 1
7170; 2
7165; 1
7172; 2
7173; 1
7179; 2
7179; 1
7186; 2
7247; 1
7254; 2
7267; 1
7273; 2
7276; 1
7282; 2
7276; 1
7284; 2
7310; 1
7316; 2
7331; 1
7338; 2
7445; 1
7452; 2
7467; 1
7474; 2
7469; 1
7476; 2
7478; 1
7485; 2
7485; 1
7491; 2
7494; 1
7500; 2
7496; 1
7503; 2
7541; 1
7548; 2
7553; 1
7561; 2
7557; 1
7564; 2
7590; 1
7597; 2
7603; 1
7610; 2
7610; 1
7617; 2
7640; 1
7648; 2
7677; 1
7685; 2
7711; 1
7718; 2
7767; 1
7774; 2
7791; 1
7798; 2
7843; 1
7851; 2
7854; 1
7860; 2
7868; 1
7874; 2
7924; 1
7932; 2
7925; 1
7932; 2
7930; 1
7937; 2
7939; 1
7947; 2
7987; 1
7994; 2
8024; 1
8030; 2
8042; 1
8049; 2
8102; 1
8108; 2
8124; 1
8131; 2
8136; 1
8143; 2
8144; 1
8152; 2
8159; 1
8166; 2
8168; 1
8175; 2
8170; 1
8177; 2
8175; 1
8182; 2
8183; 1
8190; 2
8201; 1
8207; 2
8235; 1
8241; 2
8243; 1
8251; 2
8245; 1
8251; 2
8253; 1
8259; 2
8264; 1
8270; 2
8268; 1
8276; 2
8338; 1
8345; 2
8369; 1
8376; 2
8372; 1
8379; 2
8375; 1
8383; 2
8389; 1
8395; 2
8427; 1
8433; 2
8429; 1
8437; 2
8451; 1
8458; 2
8493; 1
8500; 2
8494; 1
8500; 2
8499; 1
8506; 2
8516; 1
8523; 2
8523; 1
8529; 2
8562; 1
8569; 2
8604; 1
8611; 2
8646; 1
8653; 2
8666; 1
8672; 2
8667; 1
8674; 2
8669; 1
8676; 2
8674; 1
8682; 2
8703; 1
8710; 2
8718; 1
8725; 2
8737; 1
8744; 2
8771; 1
8777; 2
8783; 1
8790; 2
8783; 1
8790; 2
8863; 1
8870; 2
8886; 1
8893; 2
8930; 1
8938; 2
8935; 1
8942; 2
8947; 1
8954; 2
8989; 1
8996; 2
9021; 1
9029; 2
9031; 1
9038; 2
9042; 1
9049; 2
9050; 1
9057; 2
9054; 1
9061; 2
9068; 1
9075; 2
9079; 1
9087; 2
9108; 1
9115; 2
9111; 1
9118; 2
9118; 1
9125; 2
9148; 1
9155; 2
9148; 1
9155; 2
9151; 1
9158; 2
9179; 1
9186; 2
9193; 1
9201; 2
9226; 1
9233; 2
9253; 1
9260; 2
9258; 1
9264; 2
9298; 1
9305; 2
9320; 1
9326; 2
9340; 1
9347; 2
9340; 1
9348; 2
9374; 1
9382; 2
9379; 1
9386; 2
9419; 1
9425; 2
9440; 1
9447; 2
9444; 1
9451; 2
9446; 1
9453; 2
9458; 1
9466; 2
9459; 1
9465; 2
9459; 1
9466; 2
9472; 1
9479; 2
9484; 1
9491; 2
9509; 1
9516; 2
9513; 1
9519; 2
9556; 1
9563; 2
9572; 1
9579; 2
9573; 1
9580; 2
9583; 1
9590; 2
9606; 1
9613; 2
9610; 1
9618; 2
9613; 1
9621; 2
9615; 1
9623; 2
9623; 1
9630; 2
9640; 1
9646; 2
9640; 1
9647; 2
9707; 1
9713; 2
9713; 1
9721; 2
9729; 1
9736; 2
9741; 1
9748; 2
9811; 1
9819; 2
9820; 1
9826; 2
9827; 1
9835; 2
9860; 1
9868; 2
9864; 1
9871; 2
9867; 1
9874; 2
9869; 1
9875; 2
9871; 1
9878; 2
9908; 1
9916; 2
9914; 1
9920; 2
9931; 1
9938; 2
9938; 1
9945; 2
9973; 1
9979; 2
9983; 1
9989; 2
10005; 1
10012; 2
10039; 1
10046; 2
10041; 1
10048; 2
10101; 1
10109; 2
