Sequence of timestamped events V1.0
Stream 8
Id =8
Name = Camera_8
Tbegin = 0
Tend = 10000
Count = 500
96; 1
101; 2
112; 1
118; 2
113; 1
118; 2
121; 1
126; 2
140; 1
146; 2
148; 1
153; 2
165; 1
170; 2
174; 1
179; 2
186; 1
192; 2
195; 1
200; 2
238; 1
243; 2
242; 1
248; 2
261; 1
266; 2
282; 1
287; 2
295; 1
300; 2
352; 1
357; 2
357; 1
362; 2
364; 1
369; 2
371; 1
376; 2
430; 1
435; 2
435; 1
440; 2
440; 1
445; 2
440; 1
446; 2
452; 1
457; 2
456; 1
461; 2
494; 1
499; 2
521; 1
526; 2
534; 1
539; 2
548; 1
553; 2
548; 1
553; 2
587; 1
592; 2
612; 1
617; 2
633; 1
638; 2
662; 1
667; 2
709; 1
714; 2
737; 1
743; 2
797; 1
802; 2
853; 1
858; 2
914; 1
919; 2
943; 1
948; 2
988; 1
994; 2
990; 1
994; 2
1008; 1
1013; 2
1010; 1
1015; 2
1049; 1
1054; 2
1082; 1
1087; 2
1087; 1
1092; 2
1092; 1
1097; 2
1112; 1
1117; 2
1118; 1
1123; 2
1129; 1
1134; 2
1155; 1
1160; 2
1167; 1
1172; 2
1167; 1
1172; 2
1194; 1
1199; 2
1194; 1
1199; 2
1221; 1
1226; 2
1230; 1
1235; 2
1248; 1
1253; 2
1260; 1
1265; 2
1275; 1
1280; 2
1287; 1
1292; 2
1332; 1
1337; 2
1359; 1
1364; 2
1432; 1
1437; 2
1433; 1
1438; 2
1435; 1
1440; 2
1436; 1
1441; 2
1438; 1
1443; 2
1502; 1
1507; 2
1524; 1
1529; 2
1529; 1
1534; 2
1547; 1
1552; 2
1570; 1
1575; 2
1616; 1
1621; 2
1628; 1
1634; 2
1656; 1
1661; 2
1704; 1
1709; 2
1749; 1
1754; 2
1753; 1
1758; 2
1781; 1
1787; 2
1787; 1
1792; 2
1895; 1
1901; 2
1954; 1
1960; 2
1973; 1
1978; 2
1987; 1
1992; 2
2015; 1
2020; 2
2041; 1
2046; 2
2050; 1
2055; 2
2050; 1
2056; 2
2053; 1
2058; 2
2061; 1
2066; 2
2067; 1
2072; 2
2075; 1
2081; 2
2099; 1
2104; 2
2108; 1
2113; 2
2130; 1
2135; 2
2173; 1
2178; 2
2185; 1
2191; 2
2202; 1
2207; 2
2215; 1
2220; 2
2227; 1
2232; 2
2233; 1
2238; 2
2236; 1
2241; 2
2260; 1
2265; 2
2262; 1
2267; 2
2305; 1
2310; 2
2321; 1
2326; 2
2333; 1
2338; 2
2388; 1
2393; 2
2424; 1
2429; 2
2427; 1
2432; 2
2427; 1
2433; 2
2431; 1
2436; 2
2451; 1
2456; 2
2531; 1
2536; 2
2535; 1
2540; 2
2558; 1
2564; 2
2563; 1
2568; 2
2570; 1
2575; 2
2576; 1
2581; 2
2583; 1
2589; 2
2585; 1
2590; 2
2639; 1
2644; 2
2646; 1
2651; 2
2646; 1
2652; 2
2668; 1
2674; 2
2681; 1
2686; 2
2699; 1
2704; 2
2738; 1
2743; 2
2744; 1
2750; 2
2745; 1
2750; 2
2781; 1
2786; 2
2833; 1
2840; 2
2840; 1
2846; 2
2853; 1
2859; 2
2874; 1
2880; 2
2895; 1
2900; 2
2923; 1
2929; 2
2926; 1
2931; 2
2928; 1
2934; 2
2930; 1
2935; 2
2944; 1
2949; 2
2955; 1
2960; 2
2995; 1
3000; 2
3026; 1
3031; 2
3029; 1
3034; 2
3037; 1
3042; 2
3056; 1
3061; 2
3073; 1
3078; 2
3107; 1
3112; 2
3154; 1
3159; 2
3183; 1
3189; 2
3221; 1
3226; 2
3224; 1
3228; 2
3256; 1
3261; 2
3263; 1
3268; 2
3273; 1
3279; 2
3296; 1
3301; 2
3311; 1
3316; 2
3318; 1
3323; 2
3384; 1
3389; 2
3420; 1
3426; 2
3425; 1
3430; 2
3451; 1
3456; 2
3477; 1
3483; 2
3491; 1
3496; 2
3499; 1
3504; 2
3513; 1
3518; 2
3521; 1
3526; 2
3582; 1
3588; 2
3589; 1
3594; 2
3591; 1
3596; 2
3622; 1
3627; 2
3625; 1
3631; 2
3666; 1
3671; 2
3681; 1
3686; 2
3698; 1
3704; 2
3707; 1
3712; 2
3707; 1
3712; 2
3774; 1
3779; 2
3781; 1
3786; 2
3787; 1
3792; 2
3802; 1
3807; 2
3805; 1
3810; 2
3825; 1
3830; 2
3854; 1
3859; 2
3868; 1
3874; 2
3871; 1
3876; 2
3883; 1
3888; 2
3922; 1
3927; 2
3934; 1
3940; 2
3948; 1
3953; 2
3955; 1
3960; 2
3997; 1
4002; 2
4028; 1
4033; 2
4116; 1
4121; 2
4125; 1
4130; 2
4144; 1
4150; 2
4157; 1
4162; 2
4159; 1
4164; 2
4159; 1
4164; 2
4161; 1
4167; 2
4166; 1
4171; 2
4181; 1
4187; 2
4182; 1
4188; 2
4251; 1
4256; 2
4256; 1
4261; 2
4266; 1
4272; 2
4312; 1
4317; 2
4324; 1
4329; 2
4333; 1
4338; 2
4349; 1
4354; 2
4368; 1
4373; 2
4390; 1
4395; 2
4423; 1
4429; 2
4455; 1
4460; 2
4462; 1
4467; 2
4465; 1
4470; 2
4483; 1
4488; 2
4559; 1
4565; 2
4566; 1
4571; 2
4603; 1
4608; 2
4609; 1
4615; 2
4616; 1
4621; 2
4640; 1
4646; 2
4651; 1
4656; 2
4689; 1
4694; 2
4692; 1
4698; 2
4730; 1
4735; 2
4743; 1
4748; 2
4744; 1
4749; 2
4796; 1
4801; 2
4815; 1
4822; 2
4819; 1
4824; 2
4844; 1
4850; 2
4939; 1
4944; 2
4964; 1
4969; 2
4973; 1
4978; 2
4983; 1
4989; 2
4984; 1
4989; 2
4990; 1
4995; 2
5005; 1
5010; 2
5012; 1
5017; 2
5057; 1
5062; 2
5072; 1
5077; 2
5082; 1
5087; 2
5088; 1
5093; 2
5090; 1
5095; 2
5128; 1
5134; 2
5130; 1
5135; 2
5132; 1
5137; 2
5138; 1
5144; 2
5138; 1
5144; 2
5155; 1
5160; 2
5168; 1
5174; 2
5191; 1
5196; 2
5204; 1
5209; 2
5234; 1
5240; 2
5254; 1
5259; 2
5340; 1
5346; 2
5366; 1
5372; 2
5389; 1
5394; 2
5467; 1
5472; 2
5490; 1
5495; 2
5543; 1
5549; 2
5582; 1
5587; 2
5613; 1
5618; 2
5645; 1
5650; 2
5661; 1
5667; 2
5676; 1
5681; 2
5695; 1
5700; 2
5714; 1
5719; 2
5719; 1
5724; 2
5721; 1
5726; 2
5729; 1
5734; 2
5740; 1
5745; 2
5788; 1
5793; 2
5834; 1
5839; 2
5869; 1
5874; 2
5869; 1
5874; 2
5881; 1
5886; 2
5901; 1
5906; 2
5921; 1
5927; 2
5932; 1
5937; 2
5956; 1
5961; 2
5959; 1
5965; 2
6049; 1
6054; 2
6098; 1
6103; 2
6103; 1
6108; 2
6140; 1
6145; 2
6155; 1
6160; 2
6155; 1
6160; 2
6203; 1
6208; 2
6218; 1
6223; 2
6222; 1
6228; 2
6242; 1
6247; 2
6245; 1
6250; 2
6254; 1
6259; 2
6271; 1
6276; 2
6288; 1
6294; 2
6291; 1
6296; 2
6318; 1
6323; 2
6319; 1
6324; 2
6403; 1
6408; 2
6481; 1
6486; 2
6497; 1
6502; 2
6509; 1
6514; 2
6509; 1
6514; 2
6517; 1
6522; 2
6524; 1
6529; 2
6524; 1
6531; 2
6537; 1
6542; 2
6543; 1
6548; 2
6550; 1
6555; 2
6550; 1
6555; 2
6599; 1
6604; 2
6608; 1
6614; 2
6610; 1
6615; 2
6619; 1
6624; 2
6651; 1
6656; 2
6670; 1
6675; 2
6670; 1
6676; 2
6673; 1
6679; 2
6684; 1
6689; 2
6703; 1
6708; 2
6716; 1
6722; 2
6719; 1
6725; 2
6729; 1
6734; 2
6731; 1
6736; 2
6748; 1
6753; 2
6756; 1
6762; 2
6767; 1
6773; 2
6779; 1
6784; 2
6811; 1
6816; 2
6894; 1
6900; 2
6926; 1
6931; 2
6947; 1
6953; 2
6961; 1
6966; 2
6979; 1
6984; 2
7014; 1
7019; 2
7064; 1
7070; 2
7088; 1
7093; 2
7099; 1
7104; 2
7140; 1
7145; 2
7147; 1
7152; 2
7152; 1
7157; 2
7154; 1
7159; 2
7163; 1
7168; 2
7168; 1
7173; 2
7236; 1
7241; 2
7257; 1
7262; 2
7264; 1
7270; 2
7266; 1
7271; 2
7300; 1
7305; 2
7320; 1
7325; 2
7434; 1
7439; 2
7456; 1
7461; 2
7458; 1
7463; 2
7467; 1
7472; 2
7475; 1
7480; 2
7484; 1
7489; 2
7485; 1
7490; 2
7530; 1
7535; 2
7541; 1
7547; 2
7546; 1
7551; 2
7579; 1
7584; 2
7592; 1
7597; 2
7599; 1
7604; 2
7628; 1
7634; 2
7665; 1
7671; 2
7700; 1
7705; 2
7756; 1
7761; 2
7780; 1
7785; 2
7831; 1
7837; 2
7844; 1
7849; 2
7858; 1
7863; 2
7912; 1
7918; 2
7914; 1
7919; 2
7919; 1
7924; 2
7927; 1
7933; 2
7976; 1
7981; 2
8014; 1
8019; 2
8031; 1
8036; 2
8092; 1
8097; 2
8113; 1
8118; 2
8125; 1
8130; 2
8132; 1
8138; 2
8148; 1
8153; 2
8157; 1
8162; 2
8159; 1
8164; 2
8164; 1
8169; 2
8172; 1
8177; 2
8191; 1
8196; 2
8225; 1
8230; 2
8231; 1
8237; 2
8235; 1
8240; 2
8243; 1
8248; 2
8254; 1
8259; 2
8256; 1
8262; 2
8327; 1
8332; 2
8358; 1
8363; 2
8361; 1
8366; 2
8363; 1
8369; 2
8379; 1
8384; 2
8417; 1
8422; 2
8417; 1
8423; 2
8440; 1
8445; 2
8482; 1
8487; 2
8484; 1
8489; 2
8488; 1
8493; 2
8505; 1
8510; 2
8513; 1
8518; 2
8551; 1
8556; 2
8593; 1
8598; 2
8635; 1
8640; 2
8656; 1
8661; 2
8656; 1
8661; 2
8658; 1
8663; 2
8662; 1
8668; 2
8692; 1
8697; 2
8707; 1
8712; 2
8726; 1
8731; 2
8761; 1
8766; 2
8772; 1
8777; 2
8772; 1
8777; 2
8852; 1
8857; 2
8875; 1
8880; 2
8918; 1
8924; 2
8924; 1
8929; 2
8936; 1
8941; 2
8978; 1
8983; 2
9009; 1
9015; 2
9020; 1
9025; 2
9031; 1
9036; 2
9039; 1
9044; 2
9043; 1
9048; 2
9057; 1
9062; 2
9067; 1
9073; 2
9097; 1
9102; 2
9100; 1
9105; 2
9107; 1
9112; 2
9137; 1
9142; 2
9137; 1
9142; 2
9140; 1
9145; 2
9168; 1
9173; 2
9181; 1
9187; 2
9215; 1
9220; 2
9242; 1
9247; 2
9248; 1
9253; 2
9287; 1
9292; 2
9310; 1
9315; 2
9328; 1
9334; 2
9329; 1
9334; 2
9362; 1
9368; 2
9368; 1
9373; 2
9409; 1
9414; 2
9429; 1
9434; 2
9433; 1
9438; 2
9435; 1
9440; 2
9446; 1
9452; 2
9448; 1
9453; 2
9449; 1
9454; 2
9461; 1
9466; 2
9473; 1
9478; 2
9498; 1
9503; 2
9503; 1
9508; 2
9545; 1
9550; 2
9561; 1
9566; 2
9562; 1
9567; 2
9572; 1
9577; 2
9595; 1
9600; 2
9598; 1
9604; 2
9601; 1
9607; 2
9603; 1
9609; 2
9612; 1
9617; 2
9629; 1
9634; 2
9630; 1
9635; 2
9697; 1
9702; 2
9701; 1
9707; 2
9718; 1
9723; 2
9730; 1
9735; 2
9799; 1
9805; 2
9810; 1
9815; 2
9815; 1
9821; 2
9848; 1
9854; 2
9853; 1
9858; 2
9856; 1
9861; 2
9859; 1
9864; 2
9860; 1
9865; 2
9896; 1
9902; 2
9904; 1
9909; 2
9920; 1
9925; 2
9927; 1
9932; 2
9963; 1
9968; 2
9973; 1
9978; 2
9994; 1
9999; 2
10028; 1
10033; 2
10030; 1
10035; 2
10089; 1
10095; 2
