Sequence of timestamped events V1.0
Stream 2
Id =2
Name = Camera_2
Tbegin = 0
Tend = 10000
Count = 500
27; 1
33; 2
35; 1
41; 2
51; 1
56; 2
52; 1
58; 2
63; 1
69; 2
86; 1
91; 2
96; 1
102; 2
109; 1
115; 2
112; 1
117; 2
126; 1
132; 2
165; 1
171; 2
169; 1
175; 2
199; 1
204; 2
220; 1
225; 2
226; 1
232; 2
283; 1
289; 2
295; 1
300; 2
295; 1
301; 2
302; 1
308; 2
361; 1
367; 2
363; 1
369; 2
366; 1
372; 2
371; 1
377; 2
383; 1
389; 2
387; 1
393; 2
425; 1
431; 2
452; 1
458; 2
465; 1
471; 2
479; 1
485; 2
479; 1
485; 2
518; 1
524; 2
543; 1
549; 2
564; 1
570; 2
593; 1
599; 2
640; 1
646; 2
660; 1
666; 2
728; 1
734; 2
784; 1
790; 2
852; 1
857; 2
874; 1
880; 2
911; 1
917; 2
932; 1
936; 2
939; 1
945; 2
941; 1
947; 2
987; 1
992; 2
1013; 1
1019; 2
1018; 1
1024; 2
1023; 1
1029; 2
1043; 1
1049; 2
1056; 1
1061; 2
1067; 1
1072; 2
1093; 1
1098; 2
1098; 1
1104; 2
1105; 1
1110; 2
1125; 1
1131; 2
1132; 1
1137; 2
1152; 1
1158; 2
1168; 1
1173; 2
1186; 1
1191; 2
1191; 1
1197; 2
1206; 1
1212; 2
1218; 1
1224; 2
1263; 1
1269; 2
1290; 1
1296; 2
1363; 1
1369; 2
1364; 1
1370; 2
1366; 1
1372; 2
1367; 1
1373; 2
1369; 1
1375; 2
1433; 1
1439; 2
1455; 1
1461; 2
1460; 1
1466; 2
1478; 1
1484; 2
1501; 1
1507; 2
1547; 1
1553; 2
1551; 1
1557; 2
1587; 1
1593; 2
1635; 1
1641; 2
1680; 1
1686; 2
1684; 1
1690; 2
1704; 1
1710; 2
1725; 1
1730; 2
1818; 1
1824; 2
1877; 1
1883; 2
1904; 1
1910; 2
1918; 1
1924; 2
1946; 1
1952; 2
1973; 1
1979; 2
1979; 1
1984; 2
1984; 1
1990; 2
1988; 1
1993; 2
1992; 1
1998; 2
1998; 1
2004; 2
1998; 1
2004; 2
2030; 1
2036; 2
2039; 1
2045; 2
2061; 1
2067; 2
2108; 1
2114; 2
2111; 1
2116; 2
2133; 1
2139; 2
2153; 1
2158; 2
2164; 1
2170; 2
2165; 1
2170; 2
2167; 1
2173; 2
2191; 1
2197; 2
2193; 1
2199; 2
2243; 1
2248; 2
2252; 1
2258; 2
2264; 1
2270; 2
2319; 1
2325; 2
2350; 1
2356; 2
2358; 1
2364; 2
2362; 1
2367; 2
2362; 1
2368; 2
2382; 1
2388; 2
2462; 1
2468; 2
2466; 1
2472; 2
2481; 1
2487; 2
2494; 1
2500; 2
2506; 1
2512; 2
2507; 1
2513; 2
2508; 1
2513; 2
2516; 1
2522; 2
2569; 1
2575; 2
2577; 1
2582; 2
2584; 1
2589; 2
2591; 1
2597; 2
2612; 1
2618; 2
2630; 1
2636; 2
2667; 1
2673; 2
2676; 1
2681; 2
2676; 1
2682; 2
2712; 1
2718; 2
2747; 1
2754; 2
2763; 1
2769; 2
2776; 1
2782; 2
2797; 1
2803; 2
2826; 1
2832; 2
2846; 1
2852; 2
2851; 1
2857; 2
2857; 1
2863; 2
2861; 1
2867; 2
2875; 1
2881; 2
2886; 1
2892; 2
2926; 1
2932; 2
2960; 1
2966; 2
2964; 1
2969; 2
2968; 1
2974; 2
2987; 1
2993; 2
3011; 1
3016; 2
3045; 1
3050; 2
3085; 1
3091; 2
3106; 1
3112; 2
3152; 1
3158; 2
3166; 1
3170; 2
3187; 1
3193; 2
3194; 1
3200; 2
3196; 1
3202; 2
3227; 1
3233; 2
3242; 1
3248; 2
3249; 1
3255; 2
3315; 1
3321; 2
3343; 1
3349; 2
3363; 1
3368; 2
3382; 1
3388; 2
3400; 1
3406; 2
3429; 1
3434; 2
3437; 1
3442; 2
3444; 1
3450; 2
3459; 1
3464; 2
3505; 1
3511; 2
3520; 1
3526; 2
3529; 1
3534; 2
3548; 1
3554; 2
3553; 1
3559; 2
3597; 1
3603; 2
3612; 1
3618; 2
3621; 1
3627; 2
3638; 1
3644; 2
3638; 1
3644; 2
3705; 1
3711; 2
3712; 1
3718; 2
3725; 1
3730; 2
3733; 1
3739; 2
3736; 1
3742; 2
3756; 1
3762; 2
3785; 1
3791; 2
3791; 1
3797; 2
3802; 1
3808; 2
3814; 1
3820; 2
3853; 1
3859; 2
3857; 1
3863; 2
3879; 1
3885; 2
3886; 1
3892; 2
3928; 1
3934; 2
3959; 1
3965; 2
4047; 1
4053; 2
4056; 1
4062; 2
4067; 1
4073; 2
4084; 1
4090; 2
4088; 1
4094; 2
4090; 1
4096; 2
4097; 1
4102; 2
4097; 1
4103; 2
4104; 1
4110; 2
4105; 1
4111; 2
4182; 1
4188; 2
4187; 1
4193; 2
4189; 1
4195; 2
4243; 1
4249; 2
4255; 1
4261; 2
4264; 1
4270; 2
4280; 1
4286; 2
4299; 1
4305; 2
4321; 1
4327; 2
4346; 1
4352; 2
4386; 1
4392; 2
4400; 1
4405; 2
4403; 1
4408; 2
4421; 1
4426; 2
4482; 1
4488; 2
4504; 1
4509; 2
4532; 1
4538; 2
4541; 1
4546; 2
4547; 1
4553; 2
4563; 1
4569; 2
4582; 1
4588; 2
4615; 1
4621; 2
4620; 1
4626; 2
4661; 1
4667; 2
4674; 1
4680; 2
4675; 1
4681; 2
4727; 1
4733; 2
4729; 1
4736; 2
4757; 1
4762; 2
4767; 1
4773; 2
4870; 1
4876; 2
4895; 1
4901; 2
4904; 1
4910; 2
4906; 1
4912; 2
4915; 1
4921; 2
4921; 1
4927; 2
4936; 1
4942; 2
4943; 1
4949; 2
4988; 1
4994; 2
5003; 1
5009; 2
5013; 1
5019; 2
5019; 1
5025; 2
5021; 1
5027; 2
5051; 1
5057; 2
5061; 1
5067; 2
5061; 1
5067; 2
5061; 1
5067; 2
5063; 1
5069; 2
5086; 1
5092; 2
5091; 1
5097; 2
5122; 1
5128; 2
5142; 1
5147; 2
5157; 1
5163; 2
5185; 1
5191; 2
5263; 1
5269; 2
5289; 1
5295; 2
5320; 1
5326; 2
5398; 1
5404; 2
5421; 1
5427; 2
5466; 1
5472; 2
5513; 1
5519; 2
5544; 1
5550; 2
5576; 1
5582; 2
5584; 1
5590; 2
5614; 1
5619; 2
5626; 1
5632; 2
5645; 1
5651; 2
5650; 1
5656; 2
5652; 1
5658; 2
5660; 1
5666; 2
5671; 1
5677; 2
5719; 1
5725; 2
5765; 1
5771; 2
5800; 1
5806; 2
5807; 1
5812; 2
5812; 1
5818; 2
5832; 1
5838; 2
5844; 1
5850; 2
5863; 1
5869; 2
5882; 1
5888; 2
5887; 1
5893; 2
5980; 1
5986; 2
6036; 1
6041; 2
6041; 1
6046; 2
6078; 1
6083; 2
6086; 1
6092; 2
6086; 1
6092; 2
6134; 1
6140; 2
6145; 1
6151; 2
6149; 1
6155; 2
6180; 1
6185; 2
6183; 1
6188; 2
6185; 1
6191; 2
6202; 1
6208; 2
6211; 1
6217; 2
6222; 1
6228; 2
6250; 1
6256; 2
6256; 1
6261; 2
6334; 1
6340; 2
6419; 1
6424; 2
6435; 1
6440; 2
6438; 1
6445; 2
6440; 1
6446; 2
6440; 1
6446; 2
6455; 1
6460; 2
6455; 1
6461; 2
6468; 1
6474; 2
6481; 1
6486; 2
6481; 1
6487; 2
6481; 1
6487; 2
6530; 1
6536; 2
6531; 1
6537; 2
6548; 1
6553; 2
6550; 1
6556; 2
6582; 1
6588; 2
6593; 1
6599; 2
6596; 1
6602; 2
6601; 1
6607; 2
6615; 1
6621; 2
6634; 1
6640; 2
6639; 1
6645; 2
6642; 1
6648; 2
6660; 1
6666; 2
6669; 1
6674; 2
6679; 1
6685; 2
6679; 1
6685; 2
6690; 1
6696; 2
6710; 1
6716; 2
6742; 1
6748; 2
6817; 1
6823; 2
6857; 1
6863; 2
6870; 1
6876; 2
6892; 1
6898; 2
6917; 1
6922; 2
6945; 1
6951; 2
6987; 1
6993; 2
7019; 1
7025; 2
7037; 1
7042; 2
7071; 1
7077; 2
7078; 1
7084; 2
7083; 1
7089; 2
7085; 1
7091; 2
7099; 1
7105; 2
7101; 1
7106; 2
7167; 1
7173; 2
7187; 1
7193; 2
7195; 1
7200; 2
7204; 1
7209; 2
7238; 1
7243; 2
7251; 1
7257; 2
7365; 1
7371; 2
7387; 1
7393; 2
7389; 1
7395; 2
7398; 1
7404; 2
7413; 1
7418; 2
7416; 1
7422; 2
7422; 1
7427; 2
7461; 1
7467; 2
7464; 1
7470; 2
7477; 1
7483; 2
7510; 1
7516; 2
7523; 1
7529; 2
7530; 1
7536; 2
7551; 1
7557; 2
7588; 1
7594; 2
7631; 1
7637; 2
7687; 1
7693; 2
7711; 1
7717; 2
7754; 1
7760; 2
7782; 1
7787; 2
7796; 1
7801; 2
7835; 1
7841; 2
7845; 1
7851; 2
7850; 1
7856; 2
7850; 1
7856; 2
7907; 1
7913; 2
7952; 1
7957; 2
7962; 1
7968; 2
8030; 1
8035; 2
8044; 1
8050; 2
8055; 1
8061; 2
8056; 1
8062; 2
8079; 1
8085; 2
8088; 1
8094; 2
8090; 1
8096; 2
8095; 1
8101; 2
8103; 1
8109; 2
8129; 1
8134; 2
8154; 1
8160; 2
8163; 1
8168; 2
8173; 1
8178; 2
8179; 1
8185; 2
8181; 1
8186; 2
8192; 1
8197; 2
8258; 1
8264; 2
8286; 1
8292; 2
8289; 1
8295; 2
8292; 1
8298; 2
8317; 1
8322; 2
8340; 1
8346; 2
8355; 1
8360; 2
8371; 1
8377; 2
8413; 1
8419; 2
8419; 1
8425; 2
8422; 1
8427; 2
8436; 1
8442; 2
8451; 1
8456; 2
8482; 1
8488; 2
8524; 1
8530; 2
8566; 1
8572; 2
8585; 1
8591; 2
8587; 1
8593; 2
8589; 1
8595; 2
8594; 1
8599; 2
8623; 1
8629; 2
8638; 1
8644; 2
8657; 1
8663; 2
8699; 1
8704; 2
8703; 1
8709; 2
8703; 1
8709; 2
8783; 1
8789; 2
8806; 1
8812; 2
8841; 1
8847; 2
8855; 1
8861; 2
8867; 1
8873; 2
8909; 1
8915; 2
8932; 1
8938; 2
8951; 1
8957; 2
8962; 1
8968; 2
8970; 1
8976; 2
8974; 1
8980; 2
8988; 1
8994; 2
8990; 1
8996; 2
9028; 1
9034; 2
9031; 1
9037; 2
9038; 1
9044; 2
9068; 1
9074; 2
9068; 1
9074; 2
9071; 1
9077; 2
9099; 1
9105; 2
9104; 1
9110; 2
9146; 1
9152; 2
9173; 1
9179; 2
9186; 1
9191; 2
9218; 1
9224; 2
9248; 1
9253; 2
9251; 1
9257; 2
9260; 1
9266; 2
9285; 1
9291; 2
9299; 1
9305; 2
9347; 1
9352; 2
9360; 1
9366; 2
9364; 1
9370; 2
9366; 1
9372; 2
9369; 1
9375; 2
9379; 1
9385; 2
9387; 1
9392; 2
9392; 1
9398; 2
9404; 1
9410; 2
9429; 1
9435; 2
9441; 1
9446; 2
9476; 1
9482; 2
9492; 1
9498; 2
9493; 1
9499; 2
9503; 1
9509; 2
9521; 1
9527; 2
9524; 1
9530; 2
9526; 1
9532; 2
9526; 1
9532; 2
9543; 1
9549; 2
9560; 1
9566; 2
9568; 1
9573; 2
9624; 1
9630; 2
9635; 1
9640; 2
9649; 1
9655; 2
9661; 1
9667; 2
9722; 1
9728; 2
9738; 1
9744; 2
9748; 1
9753; 2
9771; 1
9777; 2
9784; 1
9790; 2
9787; 1
9793; 2
9791; 1
9797; 2
9797; 1
9802; 2
9819; 1
9825; 2
9842; 1
9847; 2
9851; 1
9857; 2
9858; 1
9864; 2
9901; 1
9906; 2
9911; 1
9916; 2
9925; 1
9931; 2
9959; 1
9965; 2
9961; 1
9967; 2
10012; 1
10018; 2
